20170507183423 -0.524103 0.223639 -0.129778 0 0 0 0.99999 0.00222925 0.00392377 -0.00226503 0.999956 0.00913833 -0.00390322 -0.00914713 0.999951 -0.524103 0.223639 -0.129778 -0.551382 -0.542575 0.633712 0.99999 0.00222925 0.00392377 -0.00226503 0.999956 0.00913833 -0.00390322 -0.00914713 0.999951 1.36292 0.509844 0 1 1800 0 0 0 -0.234603 0.00390323 12.1984 1.16 -1.2 1.76516 11.1836 4.54026 0 -0.234603 0 12.1984 1.16 -1.2 1.76516 11.1836 4.54026 113.5 
20170507183424 -0.085639 -0.412539 0.148305 0 0 0 0.999971 -0.00257764 -0.00720394 0.00258834 0.999996 0.00147604 0.0072001 -0.00149464 0.999973 -0.085639 -0.412539 0.148305 0.102839 0.312229 0.944424 0.999971 -0.00257764 -0.00720394 0.00258834 0.999996 0.00147604 0.0072001 -0.00149464 0.999973 2.44101 0.739266 0 1 1800 0 0 0 -0.234603 -0.00720017 12.1984 1.15 -1.19 1.85195 11.1343 4.62598 0 -0.234603 0 12.1984 1.15 -1.19 1.85195 11.1343 4.62598 113.5 
20170507183424 -0.138953 -0.376651 0.0438308 0 0 0 0.999978 -0.000749046 -0.00657559 0.000764975 0.999997 0.00242016 0.00657375 -0.00242514 0.999975 -0.138953 -0.376651 0.0438308 -0.0729571 0.172005 0.982391 0.999978 -0.000749046 -0.00657559 0.000764975 0.999997 0.00242016 0.00657375 -0.00242514 0.999975 2.76437 0.615868 0 1 1800 0 0 0 -0.234603 -0.0065738 12.1984 1.15 -1.19 1.85195 11.1343 4.62598 0 -0.234603 0 12.1984 1.15 -1.19 1.85195 11.1343 4.62598 113.6 
20170507183424 -0.116624 -0.401719 0.173813 0 0 0 0.999971 -0.00301932 -0.00701739 0.00303353 0.999993 0.00201419 0.00701126 -0.00203541 0.999973 -0.116624 -0.401719 0.173813 0.142339 0.305435 0.941514 0.999971 -0.00301932 -0.00701739 0.00303353 0.999993 0.00201419 0.00701126 -0.00203541 0.999973 2.29751 0.554638 0 1 1800 0 0 0 -0.234603 -0.00701132 12.1984 1.15 -1.2 1.8056 11.1343 4.64427 0 -0.234603 0 12.1984 1.15 -1.2 1.8056 11.1343 4.64427 113.4 
20170507183424 -0.277466 -0.270411 0.343078 0 0 0 0.999971 -0.00596488 -0.00474841 0.00598773 0.99997 0.00481434 0.00471955 -0.00484263 0.999977 -0.277466 -0.270411 0.343078 -0.269568 -0.101934 -0.957571 0.999971 -0.00596488 -0.00474841 0.00598773 0.99997 0.00481434 0.00471955 -0.00484263 0.999977 1.78764 0.448257 0 1 1800 0 0 0 -0.234603 -0.00471957 12.1984 1.15 -1.2 1.8056 11.1343 4.64427 0 -0.234603 0 12.1984 1.15 -1.2 1.8056 11.1343 4.64427 113.4 
20170507183424 -0.271443 -0.177661 0.407284 0 0 0 0.99997 -0.00709361 -0.00313433 0.00710835 0.999964 0.0047154 0.00310076 -0.00473754 0.999984 -0.271443 -0.177661 0.407284 0.270007 0.0635777 0.960757 0.99997 -0.00709361 -0.00313433 0.00710835 0.999964 0.0047154 0.00310076 -0.00473754 0.999984 1.45095 0.442471 0 1 1800 0 0 0 -0.234603 -0.00310077 12.1984 1.16 -1.21 1.71967 11.1836 4.55769 0 -0.234603 0 12.1984 1.16 -1.21 1.71967 11.1836 4.55769 113.4 
20170507183424 -0.260176 -0.0019196 0.386358 0 0 0 0.999977 -0.00674294 -6.41224e-05 0.00674317 0.999967 0.00454058 3.35034e-05 -0.00454091 0.99999 -0.260176 -0.0019196 0.386358 -0.241459 0.0352004 -0.969772 0.999977 -0.00674294 -6.41224e-05 0.00674317 0.999967 0.00454058 3.35034e-05 -0.00454091 0.99999 1.21838 0.278138 0 1 1800 0 0 0 -0.234603 -3.35034e-05 12.1984 1.16 -1.21 1.71967 11.1836 4.55769 0 -0.234603 0 12.1984 1.16 -1.21 1.71967 11.1836 4.55769 113.5 
20170507183425 -0.243132 0.202294 0.272396 0 0 0 0.999982 -0.00476912 0.00351044 0.00475416 0.99998 0.00426017 -0.00353069 -0.00424341 0.999985 -0.243132 0.202294 0.272396 0.0357771 -0.299074 0.953559 0.999982 -0.00476912 0.00351044 0.00475416 0.99998 0.00426017 -0.00353069 -0.00424341 0.999985 1.65969 0.32643 0 1 1800 0 0 0 -0.234603 0.0035307 12.1984 1.15 -1.21 1.75906 11.1343 4.66209 0 -0.234603 0 12.1984 1.15 -1.21 1.75906 11.1343 4.66209 113.4 
20170507183425 -0.572777 -0.378953 0.0567373 0 0 0 0.999978 -0.000924085 -0.00662349 0.00099023 0.99995 0.00999013 0.00661392 -0.00999646 0.999928 -0.572777 -0.378953 0.0567373 0.79856 -0.525222 0.294012 0.999978 -0.000924085 -0.00662349 0.00099023 0.99995 0.00999013 0.00661392 -0.00999646 0.999928 1.89538 0.341155 0 1 1800 0 0 0 -0.234603 -0.00661397 12.1984 1.13 -1.22 1.78853 11.0324 4.88762 0 -0.234603 0 12.1984 1.13 -1.22 1.78853 11.0324 4.88762 113.3 
20170507183425 -0.198543 0.138442 -0.0244174 0 0 0 0.999997 0.000417789 0.00241773 -0.000426163 0.999994 0.00346419 -0.00241626 -0.00346521 0.999991 -0.198543 0.138442 -0.0244174 0.808193 -0.495759 0.317878 0.999997 0.000417789 0.00241773 -0.000426163 0.999994 0.00346419 -0.00241626 -0.00346521 0.999991 2.31774 0.343277 0 1 1800 0 0 0 -0.206683 0.00241627 12.1984 1.15 -1.22 1.71236 11.1343 4.67945 0 -0.206683 0 12.1984 1.15 -1.22 1.71236 11.1343 4.67945 113.4 
20170507183425 -0.15251 0.266135 -0.051028 0 0 0 0.999989 0.00087824 0.00464727 -0.000890597 0.999996 0.00265767 -0.00464492 -0.00266178 0.999986 -0.15251 0.266135 -0.051028 0.602271 -0.534897 0.592583 0.999989 0.00087824 0.00464727 -0.000890597 0.999996 0.00265767 -0.00464492 -0.00266178 0.999986 2.65223 0.405761 0 1 1800 0 0 0 -0.206683 0.00464493 12.1984 1.15 -1.22 1.71236 11.1343 4.67945 0 -0.206683 0 12.1984 1.15 -1.22 1.71236 11.1343 4.67945 113.4 
20170507183425 -0.299789 0.000303209 0.0132629 0 0 0 1 -0.000231505 4.08075e-06 0.000231481 0.999986 0.00523228 -5.292e-06 -0.00523228 0.999986 -0.299789 0.000303209 0.0132629 0.82898 -0.485211 0.27814 1 -0.000231505 4.08075e-06 0.000231481 0.999986 0.00523228 -5.292e-06 -0.00523228 0.999986 2.53088 0.422023 0 1 1800 0 0 0 -0.206683 5.292e-06 12.1984 1.14 -1.22 1.75053 11.0839 4.78378 0 -0.206683 0 12.1984 1.14 -1.22 1.75053 11.0839 4.78378 113.3 
20170507183425 -0.315362 0.286836 0.237821 0 0 0 0.999979 -0.00417824 0.00498324 0.0041507 0.999976 0.00552481 -0.00500621 -0.005504 0.999972 -0.315362 0.286836 0.237821 0.220539 -0.12113 0.967828 0.999979 -0.00417824 0.00498324 0.0041507 0.999976 0.00552481 -0.00500621 -0.005504 0.999972 2.71308 0.483438 0 1 1800 0 0 0 -0.206683 0.00500623 12.1984 1.13 -1.22 1.78853 11.0324 4.88762 0 -0.206683 0 12.1984 1.13 -1.22 1.78853 11.0324 4.88762 113.5 
20170507183426 -0.537469 -0.349058 0.0428157 0 0 0 0.999981 -0.000690095 -0.00609892 0.000747262 0.999956 0.00937592 0.00609218 -0.0093803 0.999937 -0.537469 -0.349058 0.0428157 0.847223 -0.418485 0.327236 0.999981 -0.000690095 -0.00609892 0.000747262 0.999956 0.00937592 0.00609218 -0.0093803 0.999937 2.70086 0.591353 0 1 1800 0 0 0 -0.206683 -0.00609222 12.1984 1.15 -1.22 1.71236 11.1343 4.67945 0 -0.206683 0 12.1984 1.15 -1.22 1.71236 11.1343 4.67945 113.4 
20170507183426 -0.284148 0.320178 -0.0353056 0 0 0 0.999984 0.000588478 0.00559112 -0.000616189 0.999988 0.00495586 -0.00558813 -0.00495923 0.999972 -0.284148 0.320178 -0.0353056 0.277505 0.274275 0.920741 0.999984 0.000588478 0.00559112 -0.000616189 0.999988 0.00495586 -0.00558813 -0.00495923 0.999972 3.43794 0.820143 0 1 1800 0 0 0 -0.206683 0.00558816 12.1984 1.16 -1.22 1.67401 11.1836 4.57466 0 -0.206683 0 12.1984 1.16 -1.22 1.67401 11.1836 4.57466 113.3 
20170507183426 -0.350038 0.31478 -0.0106841 0 0 0 0.999985 0.000152905 0.00549495 -0.000186469 0.999981 0.00610826 -0.00549392 -0.00610919 0.999966 -0.350038 0.31478 -0.0106841 -0.316809 -0.232397 -0.919578 0.999985 0.000152905 0.00549495 -0.000186469 0.999981 0.00610826 -0.00549392 -0.00610919 0.999966 3.75421 0.877146 0 1 1800 0 0 0 -0.206683 0.00549394 12.1984 1.16 -1.22 1.67401 11.1836 4.57466 0 -0.206683 0 12.1984 1.16 -1.22 1.67401 11.1836 4.57466 113.3 
20170507183426 -0.435715 0.327933 0.0171653 0 0 0 0.999984 -0.000343108 0.00572103 0.000299587 0.999971 0.0076063 -0.00572348 -0.00760446 0.999955 -0.435715 0.327933 0.0171653 -0.32816 -0.247997 -0.911487 0.999984 -0.000343108 0.00572103 0.000299587 0.999971 0.0076063 -0.00572348 -0.00760446 0.999955 4.25651 0.936188 0 1 1800 0 0 0 -0.206683 0.00572351 12.1984 1.16 -1.22 1.67401 11.1836 4.57466 0 -0.206683 0 12.1984 1.16 -1.22 1.67401 11.1836 4.57466 113.5 
20170507183426 -0.452098 0.272146 -0.0573064 0 0 0 0.999988 0.000962676 0.00475757 -0.00100017 0.999968 0.00788576 -0.00474983 -0.00789043 0.999958 -0.452098 0.272146 -0.0573064 -0.323465 -0.243905 -0.914265 0.999988 0.000962676 0.00475757 -0.00100017 0.999968 0.00788576 -0.00474983 -0.00789043 0.999958 4.22956 1.08966 0 1 1800 0 0 0 -0.206683 0.00474985 12.1984 1.17 -1.21 1.68011 11.2317 4.45283 0 -0.206683 0 12.1984 1.17 -1.21 1.68011 11.2317 4.45283 113.5 
20170507183426 -0.465242 0.234707 -0.0615289 0 0 0 0.999991 0.00104058 0.00410498 -0.00107387 0.999966 0.00811551 -0.0040964 -0.00811984 0.999959 -0.465242 0.234707 -0.0615289 -0.313319 -0.298703 -0.901448 0.999991 0.00104058 0.00410498 -0.00107387 0.999966 0.00811551 -0.0040964 -0.00811984 0.999959 4.24611 1.18571 0 1 1800 0 0 0 -0.206683 0.00409641 12.1984 1.18 -1.22 1.59682 11.2788 4.3637 0 -0.206683 0 12.1984 1.18 -1.22 1.59682 11.2788 4.3637 113.5 
20170507183427 -0.476286 0.203208 -0.0933759 0 0 0 0.999992 0.00160018 0.00356006 -0.00162971 0.999964 0.00830688 -0.00354664 -0.00831261 0.999959 -0.476286 0.203208 -0.0933759 -0.361609 -0.231621 -0.903101 0.999992 0.00160018 0.00356006 -0.00162971 0.999964 0.00830688 -0.00354664 -0.00831261 0.999959 4.08299 1.08597 0 1 1800 0 0 0 -0.206683 0.00354664 12.1984 1.18 -1.21 1.64037 11.2788 4.34752 0 -0.206683 0 12.1984 1.18 -1.21 1.64037 11.2788 4.34752 113.3 
20170507183427 -0.485969 0.108218 -0.0547181 0 0 0 0.999998 0.000938957 0.00189679 -0.00095501 0.999964 0.00847984 -0.00188876 -0.00848164 0.999962 -0.485969 0.108218 -0.0547181 -0.331348 -0.294042 -0.89652 0.999998 0.000938957 0.00189679 -0.00095501 0.999964 0.00847984 -0.00188876 -0.00848164 0.999962 3.86507 0.961006 0 1 1800 0 0 0 -0.206601 0.00188876 12.1984 1.18 -1.22 1.59682 11.2788 4.3637 0 -0.206601 0 12.1984 1.18 -1.22 1.59682 11.2788 4.3637 113.4 
20170507183427 -0.491534 -0.0422712 0.0126627 0 0 0 1 -0.000214668 -0.00073964 0.000221005 0.999963 0.00857862 0.000737771 -0.00857878 0.999963 -0.491534 -0.0422712 0.0126627 -0.273889 -0.339279 -0.89993 1 -0.000214668 -0.00073964 0.000221005 0.999963 0.00857862 0.000737771 -0.00857878 0.999963 3.59805 0.811253 0 1 1800 0 0 0 -0.234509 -0.000737771 12.1984 1.19 -1.23 1.51532 11.3247 4.27294 0 -0.234509 0 12.1984 1.19 -1.23 1.51532 11.3247 4.27294 113.5 
20170507183427 -0.482301 -0.186428 -0.0373972 0 0 0 0.999994 0.00068007 -0.00324816 -0.000652701 0.999964 0.00841976 0.00325377 -0.00841759 0.999959 -0.482301 -0.186428 -0.0373972 -0.311424 -0.288285 -0.905487 0.999994 0.00068007 -0.00324816 -0.000652701 0.999964 0.00841976 0.00325377 -0.00841759 0.999959 3.53378 0.764394 0 1 1800 0 0 0 -0.234509 -0.00325378 12.1984 1.18 -1.23 1.5531 11.2788 4.37945 0 -0.234509 0 12.1984 1.18 -1.23 1.5531 11.2788 4.37945 113.4 
20170507183427 -0.484798 -0.332262 0.140729 0 0 0 0.99998 -0.00240703 -0.0058196 0.00245614 0.999961 0.00844694 0.00579904 -0.00846107 0.999947 -0.484798 -0.332262 0.140729 -0.240374 -0.381466 -0.892583 0.99998 -0.00240703 -0.0058196 0.00245614 0.999961 0.00844694 0.00579904 -0.00846107 0.999947 3.65694 0.936858 0 1 1800 0 0 0 -0.234509 -0.00579907 12.1984 1.18 -1.23 1.5531 11.2788 4.37945 0 -0.234509 0 12.1984 1.18 -1.23 1.5531 11.2788 4.37945 113.4 
20170507183427 -0.505713 -0.488104 0.139759 0 0 0 0.999961 -0.00236396 -0.00854008 0.00243916 0.999958 0.00880544 0.00851891 -0.00882593 0.999925 -0.505713 -0.488104 0.139759 -0.233248 -0.377955 -0.89596 0.999961 -0.00236396 -0.00854008 0.00243916 0.999958 0.00880544 0.00851891 -0.00882593 0.999925 4.38445 1.03799 0 1 1800 0 0 0 -0.234509 -0.00851901 12.1984 1.18 -1.24 1.50923 11.2788 4.39477 0 -0.234509 0 12.1984 1.18 -1.24 1.50923 11.2788 4.39477 113.3 
20170507183428 -0.504659 -0.601514 0.134377 0 0 0 0.999942 -0.00225275 -0.0105184 0.00234518 0.999959 0.00878321 0.0104982 -0.00880737 0.999906 -0.504659 -0.601514 0.134377 -0.237615 -0.444112 -0.863889 0.999942 -0.00225275 -0.0105184 0.00234518 0.999959 0.00878321 0.0104982 -0.00880737 0.999906 4.96104 1.03207 0 1 1800 0 0 0 -0.234603 -0.0104984 12.1984 1.17 -1.24 1.54578 11.2317 4.50122 0 -0.234603 0 12.1984 1.17 -1.24 1.54578 11.2317 4.50122 113.4 
20170507183428 -0.479837 -0.716041 0.0996727 0 0 0 0.99992 -0.0016349 -0.0125111 0.00173948 0.999964 0.00835288 0.0124969 -0.00837398 0.999887 -0.479837 -0.716041 0.0996727 -0.201181 -0.410931 -0.889192 0.99992 -0.0016349 -0.0125111 0.00173948 0.999964 0.00835288 0.0124969 -0.00837398 0.999887 5.44538 1.06187 0 1 1800 0 0 0 -0.234509 -0.0124973 12.1984 1.17 -1.25 1.5007 11.2317 4.51645 0 -0.234509 0 12.1984 1.17 -1.25 1.5007 11.2317 4.51645 113.4 
20170507183428 -0.49481 -0.756632 0.23842 0 0 0 0.999904 -0.004047 -0.0132407 0.00416083 0.999955 0.00858094 0.0132053 -0.00863521 0.999876 -0.49481 -0.756632 0.23842 -0.174704 -0.446613 -0.877505 0.999904 -0.004047 -0.0132407 0.00416083 0.999955 0.00858094 0.0132053 -0.00863521 0.999876 5.6178 1.17365 0 1 1800 0 0 0 -0.234603 -0.0132057 12.1984 1.18 -1.24 1.50923 11.2788 4.39477 0 -0.234603 0 12.1984 1.18 -1.24 1.50923 11.2788 4.39477 113.4 
20170507183428 -0.456129 -0.737825 0.159687 0 0 0 0.999913 -0.00268447 -0.0128989 0.00278684 0.999965 0.00792495 0.0128771 -0.0079602 0.999885 -0.456129 -0.737825 0.159687 -0.19422 -0.377625 -0.905361 0.999913 -0.00268447 -0.0128989 0.00278684 0.999965 0.00792495 0.0128771 -0.0079602 0.999885 5.55891 1.18627 0 1 1800 0 0 0 -0.234603 -0.0128775 12.1984 1.18 -1.25 1.46521 11.2788 4.40964 0 -0.234603 0 12.1984 1.18 -1.25 1.46521 11.2788 4.40964 113.3 
20170507183428 -0.32323 -0.72155 -0.156339 0 0 0 0.999917 0.00279963 -0.0125774 -0.00272842 0.99998 0.00567574 0.0125931 -0.00564095 0.999905 -0.32323 -0.72155 -0.156339 0.374271 -0.0508654 0.925923 0.999917 0.00279963 -0.0125774 -0.00272842 0.99998 0.00567574 0.0125931 -0.00564095 0.999905 5.08524 1.13256 0 1 1800 0 0 0 -0.234603 -0.0125934 12.1984 1.17 -1.24 1.54578 11.2317 4.50122 0 -0.234603 0 12.1984 1.17 -1.24 1.54578 11.2317 4.50122 113.3 
20170507183428 -0.289053 -0.797818 -0.164193 0 0 0 0.999899 0.00293591 -0.0139094 -0.00286543 0.999983 0.00508478 0.0139241 -0.00504441 0.99989 -0.289053 -0.797818 -0.164193 0.344001 -0.0503232 0.93762 0.999899 0.00293591 -0.0139094 -0.00286543 0.999983 0.00508478 0.0139241 -0.00504441 0.99989 5.07561 1.13225 0 1 1800 0 0 0 -0.234509 -0.0139245 12.1984 1.17 -1.23 1.59072 11.2317 4.48553 0 -0.234509 0 12.1984 1.17 -1.23 1.59072 11.2317 4.48553 113.3 
20170507183429 -0.205762 -0.939281 -0.142534 0 0 0 0.999863 0.00254655 -0.0163837 -0.00248736 0.99999 0.00363198 0.0163928 -0.00359073 0.999859 -0.205762 -0.939281 -0.142534 0.242054 -0.0692057 0.967792 0.999863 0.00254655 -0.0163837 -0.00248736 0.99999 0.00363198 0.0163928 -0.00359073 0.999859 5.59914 1.41662 0 1 1800 0 0 0 -0.234603 -0.0163935 12.1984 1.16 -1.23 1.62818 11.1836 4.59117 0 -0.234603 0 12.1984 1.16 -1.23 1.62818 11.1836 4.59117 113.4 
20170507183429 -0.194448 -1.12077 -0.167733 0 0 0 0.999804 0.00299385 -0.0195497 -0.00292693 0.99999 0.00345099 0.0195598 -0.0033931 0.999803 -0.194448 -1.12077 -0.167733 0.153729 -0.110311 0.981936 0.999804 0.00299385 -0.0195497 -0.00292693 0.99999 0.00345099 0.0195598 -0.0033931 0.999803 6.71414 1.83205 0 1 1800 0 0 0 -0.234603 -0.0195611 12.1984 1.16 -1.22 1.67401 11.1836 4.57466 0 -0.234603 0 12.1984 1.16 -1.22 1.67401 11.1836 4.57466 113.3 
20170507183429 -0.164341 -1.40163 -0.213333 0 0 0 0.999694 0.0037935 -0.0244497 -0.00372224 0.999989 0.00295934 0.0244606 -0.00286743 0.999697 -0.164341 -1.40163 -0.213333 0.120991 -0.107463 0.98682 0.999694 0.0037935 -0.0244497 -0.00372224 0.999989 0.00295934 0.0244606 -0.00286743 0.999697 8.34321 2.16614 0 1 1800 0 0 0 -0.234603 -0.0244631 12.1984 1.16 -1.21 1.71967 11.1836 4.55769 0 -0.234603 0 12.1984 1.16 -1.21 1.71967 11.1836 4.55769 113.3 
20170507183429 -0.378814 -1.67441 -0.286473 0 0 0 0.999561 0.00519295 -0.0291858 -0.00499774 0.999965 0.00675752 0.0292198 -0.00660868 0.999551 -0.378814 -1.67441 -0.286473 -0.0925211 -0.259273 0.961362 0.999561 0.00519295 -0.0291858 -0.00499774 0.999965 0.00675752 0.0292198 -0.00660868 0.999551 9.86409 2.4604 0 1 1800 0 0 0 -0.234603 -0.029224 12.1984 1.15 -1.2 1.8056 11.1343 4.64427 0 -0.234603 0 12.1984 1.15 -1.2 1.8056 11.1343 4.64427 113.1 
20170507183429 -0.486146 -1.91656 -0.28384 0 0 0 0.999428 0.00523751 -0.0334003 -0.00495116 0.99995 0.00865032 0.033444 -0.00848001 0.999405 -0.486146 -1.91656 -0.28384 -0.0835848 -0.256135 0.963021 0.999428 0.00523751 -0.0334003 -0.00495116 0.99995 0.00865032 0.033444 -0.00848001 0.999405 11.5143 2.65633 0 1 1800 0 0 0 -0.259475 -0.0334502 12.1984 1.16 -1.2 1.76516 11.1836 4.54026 0 -0.259475 0 12.1984 1.16 -1.2 1.76516 11.1836 4.54026 113.3 
20170507183429 -0.600652 -0.77181 0.296544 0 0 0 0.999896 -0.00503416 -0.0135235 0.00517518 0.999932 0.0104133 0.0134702 -0.0104822 0.999854 -0.600652 -0.77181 0.296544 -0.957908 -0.284274 0.0400174 0.999896 -0.00503416 -0.0135235 0.00517518 0.999932 0.0104133 0.0134702 -0.0104822 0.999854 12.5619 2.82937 0 1 1796 0 0 0 -0.259475 -0.0134706 12.1984 1.16 -1.21 1.71967 11.1836 4.55769 0 -0.259475 0 12.1984 1.16 -1.21 1.71967 11.1836 4.55769 113.4 
20170507183430 -0.372707 -1.33617 0.186928 0 0 0 0.999723 -0.00311075 -0.0233391 0.00326161 0.999974 0.00642881 0.0233184 -0.00650315 0.999707 -0.372707 -1.33617 0.186928 -0.991147 -0.132234 -0.0119279 0.999723 -0.00311075 -0.0233391 0.00326161 0.999974 0.00642881 0.0233184 -0.00650315 0.999707 13.2641 3.02198 0 1 1793 0 0 0 -0.259475 -0.0233206 12.1984 1.17 -1.2 1.72455 11.2317 4.4358 0 -0.259475 0 12.1984 1.17 -1.2 1.72455 11.2317 4.4358 113.1 
20170507183430 -0.400967 -2.692 -0.0864843 0 0 0 0.998895 0.00183808 -0.0469551 -0.00150777 0.999974 0.00706903 0.0469669 -0.00699042 0.998872 -0.400967 -2.692 -0.0864843 0.0254087 0.0272772 0.999305 0.998895 0.00183808 -0.0469551 -0.00150777 0.999974 0.00706903 0.0469669 -0.00699042 0.998872 14.4007 3.19025 0 1 1787 0 0 0 -0.259475 -0.0469842 12.1984 1.16 -1.19 1.81047 11.1836 4.52238 0 -0.259475 0 12.1984 1.16 -1.19 1.81047 11.1836 4.52238 113.1 
20170507183430 0.42333 0.376629 -0.200142 0 0 0 0.999972 0.0035416 0.00654734 -0.00349305 0.999966 -0.00741135 -0.00657337 0.00738828 0.999951 0.42333 0.376629 -0.200142 -0.946961 0.290868 0.136604 0.999972 0.0035416 0.00654734 -0.00349305 0.999966 -0.00741135 -0.00657337 0.00738828 0.999951 15.6151 3.40494 0 1 1786 0 0 0 -0.259475 0.00657341 12.1984 1.17 -1.19 1.76882 11.2317 4.41833 0 -0.259475 0 12.1984 1.17 -1.19 1.76882 11.2317 4.41833 113.3 
20170507183430 0.498237 0.338529 -0.0890388 0 0 0 0.999981 0.00160534 0.00589468 -0.00155399 0.999961 -0.00870494 -0.00590842 0.00869562 0.999945 0.498237 0.338529 -0.0890388 -0.942005 0.302565 0.145192 0.999981 0.00160534 0.00589468 -0.00155399 0.999961 -0.00870494 -0.00590842 0.00869562 0.999945 16.9513 3.70794 0 1 1786 0 0 0 -0.259475 0.00590845 12.1984 1.18 -1.2 1.68376 11.2788 4.3309 0 -0.259475 0 12.1984 1.18 -1.2 1.68376 11.2788 4.3309 113.4 
20170507183430 0.518771 0.178879 -0.0907825 0 0 0 0.999994 0.00161266 0.00310754 -0.00158445 0.999958 -0.00905907 -0.00312202 0.00905409 0.999954 0.518771 0.178879 -0.0907825 -0.931315 0.310861 0.189786 0.999994 0.00161266 0.00310754 -0.00158445 0.999958 -0.00905907 -0.00312202 0.00905409 0.999954 17.6079 3.91776 0 1 1786 0 0 0 -0.259475 0.00312202 12.1984 1.18 -1.19 1.72699 11.2788 4.31384 0 -0.259475 0 12.1984 1.18 -1.19 1.72699 11.2788 4.31384 113.3 
20170507183430 0.516395 0.32276 -0.0877542 0 0 0 0.999983 0.00158231 0.00561915 -0.00153158 0.999958 -0.00902128 -0.00563319 0.00901252 0.999944 0.516395 0.32276 -0.0877542 -0.934115 0.292062 0.205255 0.999983 0.00158231 0.00561915 -0.00153158 0.999958 -0.00902128 -0.00563319 0.00901252 0.999944 17.3332 4.05241 0 1 1786 0 0 0 -0.259475 0.00563322 12.1984 1.18 -1.18 1.77004 11.2788 4.29636 0 -0.259475 0 12.1984 1.18 -1.18 1.77004 11.2788 4.29636 113.3 
20170507183431 0.83811 -0.237216 0.301681 0 0 0 0.999978 -0.0053253 -0.00406267 0.00526526 0.999879 -0.0146488 0.00414019 0.0146271 0.999884 0.83811 -0.237216 0.301681 0.821736 -0.448264 -0.351865 0.999978 -0.0053253 -0.00406267 0.00526526 0.999879 -0.0146488 0.00414019 0.0146271 0.999884 16.7172 4.08213 0 1 1786 0 0 0 -0.259475 -0.0041402 12.1984 1.18 -1.17 1.81291 11.2788 4.27844 0 -0.259475 0 12.1984 1.18 -1.17 1.81291 11.2788 4.27844 113.3 
20170507183431 0.506641 0.640261 -0.0380494 0 0 0 0.999937 0.00076287 0.0111681 -0.000664046 0.999961 -0.00884986 -0.0111744 0.00884189 0.999898 0.506641 0.640261 -0.0380494 -0.93509 0.269811 0.229801 0.999937 0.00076287 0.0111681 -0.000664046 0.999961 -0.00884986 -0.0111744 0.00884189 0.999898 15.6809 4.08874 0 1 1786 0 0 0 -0.259371 0.0111747 12.1984 1.18 -1.17 1.81291 11.2788 4.27844 0 -0.259371 0 12.1984 1.18 -1.17 1.81291 11.2788 4.27844 113.3 
20170507183431 0.490412 0.656441 0.0492388 0 0 0 0.999934 -0.000761287 0.0114637 0.000859323 0.999963 -0.00854936 -0.0114568 0.00855865 0.999898 0.490412 0.656441 0.0492388 -0.931166 0.27677 0.237337 0.999934 -0.000761287 0.0114637 0.000859323 0.999963 -0.00854936 -0.0114568 0.00855865 0.999898 15.0825 4.02053 0 1 1786 0 0 0 -0.259371 0.0114571 12.1984 1.18 -1.17 1.81291 11.2788 4.27844 0 -0.259371 0 12.1984 1.18 -1.17 1.81291 11.2788 4.27844 113.3 
20170507183431 0.378178 1.1046 -0.0294977 0 0 0 0.999814 0.000642062 0.0192739 -0.000514737 0.999978 -0.00661032 -0.0192777 0.00659917 0.999792 0.378178 1.1046 -0.0294977 -0.958992 0.210691 0.18959 0.999814 0.000642062 0.0192739 -0.000514737 0.999978 -0.00661032 -0.0192777 0.00659917 0.999792 13.9698 3.97698 0 1 1786 0 0 0 -0.234509 0.0192789 12.1984 1.18 -1.17 1.81291 11.2788 4.27844 0 -0.234509 0 12.1984 1.18 -1.17 1.81291 11.2788 4.27844 113.4 
20170507183431 0.44746 1.31802 0.0688626 0 0 0 0.999735 -0.00102221 0.0230104 0.00120156 0.999969 -0.00778193 -0.0230017 0.00780751 0.999705 0.44746 1.31802 0.0688626 -0.956755 0.206257 0.205128 0.999735 -0.00102221 0.0230104 0.00120156 0.999969 -0.00778193 -0.0230017 0.00780751 0.999705 12.7438 3.90745 0 1 1786 0 0 0 -0.234509 0.0230037 12.1984 1.18 -1.18 1.77004 11.2788 4.29636 0 -0.234509 0 12.1984 1.18 -1.18 1.77004 11.2788 4.29636 113.2 
20170507183431 0.267929 1.19432 0.090093 0 0 0 0.999782 -0.00147493 0.0208505 0.00157208 0.999988 -0.00464345 -0.0208434 0.00467521 0.999772 0.267929 1.19432 0.090093 -0.961493 0.164125 0.220443 0.999782 -0.00147493 0.0208505 0.00157208 0.999988 -0.00464345 -0.0208434 0.00467521 0.999772 11.3135 3.86835 0 1 1786 0 0 0 -0.234509 0.0208449 12.1984 1.18 -1.18 1.77004 11.2788 4.29636 0 -0.234509 0 12.1984 1.18 -1.18 1.77004 11.2788 4.29636 113.4 
20170507183432 0.228304 1.1943 0.14576 0 0 0 0.99978 -0.00246091 0.0208529 0.00254343 0.999989 -0.0039316 -0.020843 0.00398378 0.999775 0.228304 1.1943 0.14576 -0.965227 0.122585 0.23089 0.99978 -0.00246091 0.0208529 0.00254343 0.999989 -0.0039316 -0.020843 0.00398378 0.999775 10.2772 3.82808 0 1 1786 0 0 0 -0.234509 0.0208445 12.1984 1.16 -1.19 1.81047 11.1836 4.52238 0 -0.234509 0 12.1984 1.16 -1.19 1.81047 11.1836 4.52238 113.3 
20170507183432 0.182941 1.16427 0.154021 0 0 0 0.99979 -0.00262328 0.0203274 0.00268761 0.999991 -0.00313829 -0.020319 0.00319226 0.999788 0.182941 1.16427 0.154021 -0.970919 0.100896 0.217111 0.99979 -0.00262328 0.0203274 0.00268761 0.999991 -0.00313829 -0.020319 0.00319226 0.999788 9.94484 3.76409 0 1 1786 0 0 0 -0.234509 0.0203204 12.1984 1.16 -1.18 1.85561 11.1836 4.50405 0 -0.234509 0 12.1984 1.16 -1.18 1.85561 11.1836 4.50405 113.1 
20170507183432 -0.0521779 1.10718 0.163048 0 0 0 0.999809 -0.00286332 0.01932 0.0028452 0.999995 0.000965659 -0.0193227 -0.000910505 0.999813 -0.0521779 1.10718 0.163048 -0.973118 0.0053667 0.230244 0.999809 -0.00286332 0.01932 0.0028452 0.999995 0.000965659 -0.0193227 -0.000910505 0.999813 9.86487 3.77294 0 1 1785 0 0 0 -0.234509 0.0193239 12.1984 1.14 -1.19 1.89324 11.0839 4.72912 0 -0.234509 0 12.1984 1.14 -1.19 1.89324 11.0839 4.72912 113.2 
20170507183432 0.0639242 2.01099 -0.000800926 0 0 0 0.999384 5.31297e-05 0.0350912 -1.39702e-05 0.999999 -0.00111618 -0.0350913 0.001115 0.999383 0.0639242 2.01099 -0.000800926 -0.979024 0.0244745 0.202268 0.999384 5.31297e-05 0.0350912 -1.39702e-05 0.999999 -0.00111618 -0.0350913 0.001115 0.999383 10.2154 3.93151 0 1 1783 0 0 0 -0.234509 0.0350985 12.1984 1.15 -1.19 1.85195 11.1343 4.62598 0 -0.234509 0 12.1984 1.15 -1.19 1.85195 11.1343 4.62598 113.2 
20170507183432 -1.20352 1.2981 0.411571 0 0 0 0.999718 -0.00765744 0.0224978 0.00718137 0.99975 0.0211659 -0.0226542 -0.0209984 0.999523 -1.20352 1.2981 0.411571 -0.91356 -0.406052 -0.0230238 0.999718 -0.00765744 0.0224978 0.00718137 0.99975 0.0211659 -0.0226542 -0.0209984 0.999523 9.54618 3.98526 0 1 1783 0 0 0 -0.234603 0.0226561 12.1984 1.15 -1.19 1.85195 11.1343 4.62598 0 -0.234603 0 12.1984 1.15 -1.19 1.85195 11.1343 4.62598 113.2 
20170507183432 -0.141645 2.76215 0.0457516 0 0 0 0.998838 -0.000917648 0.0481878 0.000797589 0.999997 0.00251064 -0.04819 -0.00246929 0.998835 -0.141645 2.76215 0.0457516 -0.984294 0.0144205 0.175948 0.998838 -0.000917648 0.0481878 0.000797589 0.999997 0.00251064 -0.04819 -0.00246929 0.998835 9.23839 4.17964 0 1 1783 0 0 0 -0.206683 0.0482086 12.1984 1.16 -1.21 1.71967 11.1836 4.55769 0 -0.206683 0 12.1984 1.16 -1.21 1.71967 11.1836 4.55769 113.1 
20170507183433 -0.290075 2.60136 0.243043 0 0 0 0.998961 -0.00447161 0.0453642 0.00423751 0.999977 0.00525522 -0.0453867 -0.00505753 0.998957 -0.290075 2.60136 0.243043 -0.997312 -0.0413226 0.0605036 0.998961 -0.00447161 0.0453642 0.00423751 0.999977 0.00525522 -0.0453867 -0.00505753 0.998957 9.47063 4.38033 0 1 1783 0 0 0 -0.206683 0.0454023 12.1984 1.15 -1.21 1.75906 11.1343 4.66209 0 -0.206683 0 12.1984 1.15 -1.21 1.75906 11.1343 4.66209 113.2 
20170507183433 -0.269868 2.4763 0.288306 0 0 0 0.999054 -0.00523532 0.0431813 0.00502717 0.999975 0.00492741 -0.0432061 -0.00470566 0.999055 -0.269868 2.4763 0.288306 -0.996116 -0.0245555 0.0845598 0.999054 -0.00523532 0.0431813 0.00502717 0.999975 0.00492741 -0.0432061 -0.00470566 0.999055 10.2001 4.64364 0 1 1783 0 0 0 -0.206683 0.0432195 12.1984 1.16 -1.22 1.67401 11.1836 4.57466 0 -0.206683 0 12.1984 1.16 -1.22 1.67401 11.1836 4.57466 113.2 
20170507183433 -0.39147 2.64637 0.196514 0 0 0 0.998928 -0.00374518 0.0461467 0.00342614 0.99997 0.00699071 -0.0461715 -0.0068251 0.99891 -0.39147 2.64637 0.196514 -0.99774 -0.0296131 0.060322 0.998928 -0.00374518 0.0461467 0.00342614 0.99997 0.00699071 -0.0461715 -0.0068251 0.99891 11.4381 4.86765 0 1 1783 0 0 0 -0.206683 0.0461879 12.1984 1.16 -1.22 1.67401 11.1836 4.57466 0 -0.206683 0 12.1984 1.16 -1.22 1.67401 11.1836 4.57466 113.2 
20170507183433 -0.668142 2.67977 0.0746376 0 0 0 0.998906 -0.00184778 0.0467353 0.00130125 0.99993 0.0117219 -0.0467537 -0.0116483 0.998839 -0.668142 2.67977 0.0746376 -0.979521 -0.0352135 0.198239 0.998906 -0.00184778 0.0467353 0.00130125 0.99993 0.0117219 -0.0467537 -0.0116483 0.998839 12.0606 5.03094 0 1 1783 0 0 0 -0.234603 0.0467707 12.1984 1.16 -1.22 1.67401 11.1836 4.57466 0 -0.234603 0 12.1984 1.16 -1.22 1.67401 11.1836 4.57466 113.2 
20170507183433 -0.396835 2.4926 0.222242 0 0 0 0.999046 -0.00417996 0.0434621 0.00387517 0.999967 0.00709466 -0.0434903 -0.00691947 0.99903 -0.396835 2.4926 0.222242 -0.993824 0.00173904 0.110955 0.999046 -0.00417996 0.0434621 0.00387517 0.999967 0.00709466 -0.0434903 -0.00691947 0.99903 12.3172 5.19632 0 1 1783 0 0 0 -0.234603 0.043504 12.1984 1.17 -1.23 1.59072 11.2317 4.48553 0 -0.234603 0 12.1984 1.17 -1.23 1.59072 11.2317 4.48553 113.2 
20170507183433 -0.385135 2.62197 0.179146 0 0 0 0.998948 -0.0034341 0.0457238 0.0031234 0.999972 0.00686483 -0.0457461 -0.00671479 0.998931 -0.385135 2.62197 0.179146 -0.993682 0.0180156 0.110776 0.998948 -0.0034341 0.0457238 0.0031234 0.999972 0.00686483 -0.0457461 -0.00671479 0.998931 12.7283 5.32037 0 1 1783 0 0 0 -0.234603 0.045762 12.1984 1.18 -1.22 1.59682 11.2788 4.3637 0 -0.234603 0 12.1984 1.18 -1.22 1.59682 11.2788 4.3637 113.2 
20170507183434 -0.391377 2.5056 0.233285 0 0 0 0.999036 -0.0043701 0.0436878 0.00406769 0.999967 0.0070087 -0.043717 -0.00682424 0.999021 -0.391377 2.5056 0.233285 -0.989467 0.0331407 0.140912 0.999036 -0.0043701 0.0436878 0.00406769 0.999967 0.0070087 -0.043717 -0.00682424 0.999021 12.9272 5.4009 0 1 1783 0 0 0 -0.234603 0.0437309 12.1984 1.19 -1.22 1.55798 11.3247 4.25757 0 -0.234603 0 12.1984 1.19 -1.22 1.55798 11.3247 4.25757 113.1 
20170507183434 -0.397471 2.62415 0.212614 0 0 0 0.998944 -0.00402832 0.0457568 0.00370691 0.999968 0.00710696 -0.045784 -0.00692984 0.998927 -0.397471 2.62415 0.212614 -0.989046 0.0309301 0.144333 0.998944 -0.00402832 0.0457568 0.00370691 0.999968 0.00710696 -0.045784 -0.00692984 0.998927 12.8856 5.49339 0 1 1783 0 0 0 -0.234603 0.0458 12.1984 1.18 -1.22 1.59682 11.2788 4.3637 0 -0.234603 0 12.1984 1.18 -1.22 1.59682 11.2788 4.3637 113.2 
20170507183434 -0.305581 2.60438 0.266088 0 0 0 0.998956 -0.00488637 0.0454135 0.0046393 0.999974 0.00554433 -0.0454394 -0.00532786 0.998953 -0.305581 2.60438 0.266088 -0.981406 0.0511687 0.184996 0.998956 -0.00488637 0.0454135 0.0046393 0.999974 0.00554433 -0.0454394 -0.00532786 0.998953 12.0433 5.49115 0 1 1783 0 0 0 -0.206683 0.0454551 12.1984 1.19 -1.21 1.60047 11.3247 4.24178 0 -0.206683 0 12.1984 1.19 -1.21 1.60047 11.3247 4.24178 113.2 
20170507183434 0.214045 3.19671 0.233187 0 0 0 0.998436 -0.00386152 0.0557785 0.00406353 0.999986 -0.00350879 -0.0557642 0.00372996 0.998437 0.214045 3.19671 0.233187 -0.973755 0.169621 0.151759 0.998436 -0.00386152 0.0557785 0.00406353 0.999986 -0.00350879 -0.0557642 0.00372996 0.998437 10.706 5.25458 0 1 1783 0 0 0 -0.209299 0.0557931 12.1984 1.19 -1.22 1.55798 11.3247 4.25757 0 -0.209299 0 12.1984 1.19 -1.22 1.55798 11.3247 4.25757 113.1 
20170507183434 0.301345 3.04019 0.214313 0 0 0 0.998586 -0.00346147 0.053055 0.0037352 0.99998 -0.00506102 -0.0530364 0.00525203 0.998579 0.301345 3.04019 0.214313 -0.952527 0.194472 0.23425 0.998586 -0.00346147 0.053055 0.0037352 0.99998 -0.00506102 -0.0530364 0.00525203 0.998579 9.97534 5.09487 0 1 1783 0 0 0 -0.209299 0.0530613 12.1984 1.19 -1.22 1.55798 11.3247 4.25757 0 -0.209299 0 12.1984 1.19 -1.22 1.55798 11.3247 4.25757 113.2 
20170507183434 0.301495 3.59977 0.253513 0 0 0 0.998017 -0.00409418 0.0628083 0.00441589 0.999978 -0.0049842 -0.0627865 0.00525168 0.998013 0.301495 3.59977 0.253513 -0.963684 0.181754 0.19565 0.998017 -0.00409418 0.0628083 0.00441589 0.999978 -0.0049842 -0.0627865 0.00525168 0.998013 9.789 5.05209 0 1 1783 0 0 0 -0.209299 0.0628279 12.1984 1.19 -1.22 1.55798 11.3247 4.25757 0 -0.209299 0 12.1984 1.19 -1.22 1.55798 11.3247 4.25757 113.1 
20170507183435 0.301335 3.12151 0.107184 0 0 0 0.998515 -0.0015843 0.0544626 0.00186793 0.999985 -0.00515739 -0.0544536 0.00525146 0.998502 0.301335 3.12151 0.107184 -0.952641 0.196707 0.231908 0.998515 -0.0015843 0.0544626 0.00186793 0.999985 -0.00515739 -0.0544536 0.00525146 0.998502 10.7147 5.39422 0 1 1783 0 0 0 -0.209299 0.0544806 12.1984 1.19 -1.21 1.60047 11.3247 4.24178 0 -0.209299 0 12.1984 1.19 -1.21 1.60047 11.3247 4.24178 113.2 
20170507183435 -0.429014 2.71976 0.279006 0 0 0 0.998862 -0.0052247 0.0474126 0.00486406 0.999958 0.00771861 -0.047451 -0.00747921 0.998846 -0.429014 2.71976 0.279006 -0.957381 0.0561358 0.283321 0.998862 -0.0052247 0.0474126 0.00486406 0.999958 0.00771861 -0.047451 -0.00747921 0.998846 12.4837 5.97139 0 1 1783 0 0 0 -0.209299 0.0474688 12.1984 1.18 -1.19 1.72699 11.2788 4.31384 0 -0.209299 0 12.1984 1.18 -1.19 1.72699 11.2788 4.31384 113.2 
20170507183435 -0.378036 2.06514 0.316299 0 0 0 0.999335 -0.00575806 0.0359979 0.00551684 0.999962 0.00679675 -0.0360357 -0.00659364 0.999329 -0.378036 2.06514 0.316299 -0.939611 0.0927123 0.329449 0.999335 -0.00575806 0.0359979 0.00551684 0.999962 0.00679675 -0.0360357 -0.00659364 0.999329 14.3893 6.37691 0 1 1783 0 0 0 -0.206683 0.0360435 12.1984 1.2 -1.16 1.76516 11.3694 4.05245 0 -0.206683 0 12.1984 1.2 -1.16 1.76516 11.3694 4.05245 113.3 
20170507183435 -0.344931 1.84953 0.363685 0 0 0 0.999459 -0.00654164 0.0322353 0.00634415 0.999961 0.00622489 -0.0322747 -0.00601702 0.999461 -0.344931 1.84953 0.363685 -0.945918 0.0961822 0.30982 0.999459 -0.00654164 0.0322353 0.00634415 0.999961 0.00622489 -0.0322747 -0.00601702 0.999461 16.4674 6.81818 0 1 1783 0 0 0 -0.234603 0.0322803 12.1984 1.2 -1.17 1.72455 11.3694 4.0699 0 -0.234603 0 12.1984 1.2 -1.17 1.72455 11.3694 4.0699 113.2 
20170507183435 -0.300145 1.59214 0.384215 0 0 0 0.999591 -0.00685122 0.0277484 0.00670317 0.999963 0.0054247 -0.0277845 -0.00523648 0.9996 -0.300145 1.59214 0.384215 -0.948915 0.112714 0.294713 0.999591 -0.00685122 0.0277484 0.00670317 0.999963 0.0054247 -0.0277845 -0.00523648 0.9996 18.5367 7.19262 0 1 1783 0 0 0 -0.234603 0.0277881 12.1984 1.21 -1.17 1.68011 11.4131 3.96502 0 -0.234603 0 12.1984 1.21 -1.17 1.68011 11.4131 3.96502 113.2 
20170507183435 -0.251099 1.36016 0.381614 -0.953925 0.122927 0.273708 0.999696 -0.00676433 0.023707 0.00665849 0.999968 0.00454049 -0.023737 -0.00438125 0.999709 -0.251099 1.36016 0.381614 -0.953925 0.122927 0.273708 0.999696 -0.00676433 0.023707 0.00665849 0.999968 0.00454049 -0.023737 -0.00438125 0.999709 20.5823 7.56706 1 1 1783 0 0 0 -0.234603 0.0237392 12.1984 1.21 -1.18 1.64037 11.4131 3.98162 0 -0.234603 0 16.9691 0.643672 -0.711311 10.2821 10.1838 8.86118 113 
20170507183436 -0.280003 1.21604 0.290446 -0.965043 0.116226 0.234913 0.999762 -0.00517286 0.021197 0.00506807 0.999975 0.00499446 -0.0212223 -0.00488585 0.999763 -0.280003 1.21604 0.290446 -0.965043 0.116226 0.234913 0.999762 -0.00517286 0.021197 0.00506807 0.999975 0.00499446 -0.0212223 -0.00488585 0.999763 22.5558 7.70711 1 1 1783 0 0 0 -0.234603 0.0212239 12.1984 1.2 -1.2 1.60169 11.3694 4.1198 0 -0.234603 0 16.9706 0.64533 -0.691706 10.4417 10.2072 8.64789 113.1 
20170507183436 0.210474 2.47626 0.269176 -0.964575 0.164312 0.206392 0.999055 -0.00453925 0.0432219 0.0046936 0.999983 -0.00347043 -0.0432054 0.00367002 0.999059 0.210474 2.47626 0.269176 -0.964575 0.164312 0.206392 0.999055 -0.00453925 0.0432219 0.0046936 0.999983 -0.00347043 -0.0432054 0.00367002 0.999059 23.8555 7.27598 1 1 1782 0 0 0 -0.259371 0.0432189 12.1984 1.2 -1.2 1.60169 11.3694 4.1198 0 -0.259371 0 16.6262 0.624879 -0.690503 10.3955 9.72631 8.58855 113.3 
20170507183436 0.260314 -0.822791 0.520294 0.858897 -0.305817 -0.410819 0.999856 -0.00914586 -0.0143179 0.00907978 0.999948 -0.00467353 0.0143599 0.00454285 0.999887 0.260314 -0.822791 0.520294 0.858897 -0.305817 -0.410819 0.999856 -0.00914586 -0.0143179 0.00907978 0.999948 -0.00467353 0.0143599 0.00454285 0.999887 24.9263 7.33712 1 1 1782 0 0 0 -0.259371 -0.0143604 12.1984 1.2 -1.23 1.4774 11.3694 4.16599 0 -0.259371 0 15.668 1.17021 -3.4764 -5.77064 14.4276 -2.00763 113.4 
20170507183436 0.266509 0.12423 0.539748 -0.927442 0.235958 0.29013 0.999953 -0.00941005 0.00221192 0.00942022 0.999945 -0.00463082 -0.00216822 0.00465144 0.999987 0.266509 0.12423 0.539748 -0.927442 0.235958 0.29013 0.999953 -0.00941005 0.00221192 0.00942022 0.999945 -0.00463082 -0.00216822 0.00465144 0.999987 25.113 7.33043 1 1 1782 0 0 0 -0.259371 0.00216822 12.1984 1.21 -1.23 1.43932 11.4131 4.05863 0 -0.259371 0 16.1455 0.595285 -0.763292 9.65942 9.05348 9.24153 113.3 
20170507183436 0.275665 0.801772 0.491336 -0.96123 0.182265 0.206924 0.999865 -0.00850791 0.0140337 0.00857449 0.999952 -0.00469108 -0.0139931 0.00481078 0.999891 0.275665 0.801772 0.491336 -0.96123 0.182265 0.206924 0.999865 -0.00850791 0.0140337 0.00857449 0.999952 -0.00469108 -0.0139931 0.00481078 0.999891 24.84 7.28928 1 1 1782 0 0 0 -0.259371 0.0139936 12.1984 1.24 -1.25 1.24931 11.5371 3.75989 0 -0.259371 0 16.193 0.643398 -0.687863 10.0094 9.71445 8.2252 113.5 
20170507183436 0.123594 1.46841 0.454121 -0.982891 0.118111 0.141334 0.99964 -0.00787053 0.025642 0.00792322 0.999967 -0.00195395 -0.0256258 0.00215642 0.999669 0.123594 1.46841 0.454121 -0.982891 0.118111 0.141334 0.99964 -0.00787053 0.025642 0.00792322 0.999967 -0.00195395 -0.0256258 0.00215642 0.999669 23.9287 7.14996 1 1 1782 0 0 0 -0.234509 0.0256286 12.1984 1.21 -1.24 1.39867 11.4131 4.07282 0 -0.234509 0 16.6573 0.661449 -0.628819 10.6301 10.232 7.73137 113.2 
20170507183437 -0.0456191 2.52989 0.315349 -0.996897 0.0299799 0.0727908 0.99901 -0.00553899 0.0441355 0.00549849 0.999984 0.00103913 -0.0441405 -0.000795428 0.999025 -0.0456191 2.52989 0.315349 -0.996897 0.0299799 0.0727908 0.99901 -0.00553899 0.0441355 0.00549849 0.999984 0.00103913 -0.0441405 -0.000795428 0.999025 22.9856 7.01838 1 1 1782 0 0 0 -0.234509 0.0441549 12.1984 1.2 -1.25 1.39379 11.3694 4.1947 0 -0.234509 0 17.144 0.701923 -0.584102 10.9207 11.0696 7.21913 113.3 
20170507183437 -0.166616 3.82874 0.20857 -0.999504 -0.0313517 -0.00312779 0.997761 -0.00383438 0.0667631 0.0036321 0.999988 0.00315105 -0.0667744 -0.0029015 0.997764 -0.166616 3.82874 0.20857 -0.999504 -0.0313517 -0.00312779 0.997761 -0.00383438 0.0667631 0.0036321 0.999988 0.00315105 -0.0667744 -0.0029015 0.997764 22.4989 6.91786 1 1 1782 0 0 0 -0.234509 0.0668242 12.1984 1.19 -1.26 1.38647 11.3247 4.31647 0 -0.234509 0 17.3973 0.732812 -0.536403 11.1152 11.6382 6.60855 113.2 
20170507183437 0.0931051 0.258844 0.400053 -0.99013 -0.046848 0.132087 0.999965 -0.00697484 0.0045289 0.00698212 0.999974 -0.00159341 -0.00451767 0.00162497 0.999988 0.0931051 0.258844 0.400053 -0.99013 -0.046848 0.132087 0.999965 -0.00697484 0.0045289 0.00698212 0.999974 -0.00159341 -0.00451767 0.00162497 0.999988 22.6339 6.79491 1 1 1780 0 0 0 -0.234509 0.00451769 12.1984 1.15 -1.24 1.61843 11.1343 4.71276 0 -0.234509 0 17.978 0.701532 -0.648852 10.9418 11.6028 8.2982 113.3 
20170507183437 0.0745392 0.291041 0.321344 -0.987313 -0.0818386 0.136074 0.999971 -0.00560187 0.00508682 0.00560841 0.999983 -0.00127245 -0.00507961 0.00130094 0.999986 0.0745392 0.291041 0.321344 -0.987313 -0.0818386 0.136074 0.999971 -0.00560187 0.00508682 0.00560841 0.999983 -0.00127245 -0.00507961 0.00130094 0.999986 23.1229 6.78838 1 1 1780 0 0 0 -0.234509 0.00507963 12.1984 1.13 -1.24 1.69043 11.0324 4.92241 0 -0.234509 0 18.2722 0.705706 -0.661175 10.9771 11.8508 8.54009 113.2 
20170507183437 -0.668029 1.31008 0.224812 -0.97234 -0.229441 0.0437149 0.999731 -0.00418999 0.0228157 0.00392267 0.999923 0.0117486 -0.0228632 -0.011656 0.999671 -0.668029 1.31008 0.224812 -0.97234 -0.229441 0.0437149 0.999731 -0.00418999 0.0228157 0.00392267 0.999923 0.0117486 -0.0228632 -0.011656 0.999671 23.6657 6.7551 1 1 1780 0 0 0 -0.259371 0.0228652 12.1984 1.13 -1.23 1.73957 11.0324 4.90526 0 -0.259371 0 18.9828 0.77827 -0.617007 11.0256 13.3268 7.82158 113.1 
20170507183438 0.122704 -0.173397 0.30227 -0.978046 -0.123267 0.168023 0.999982 -0.00528205 -0.00301499 0.00527555 0.999984 -0.00215752 0.00302634 0.00214158 0.999993 0.122704 -0.173397 0.30227 -0.978046 -0.123267 0.168023 0.999982 -0.00528205 -0.00301499 0.00527555 0.999984 -0.00215752 0.00302634 0.00214158 0.999993 24.3354 6.79083 1 1 1780 0 0 0 -0.259371 -0.00302634 12.1984 1.12 -1.22 1.82636 10.9798 4.99098 0 -0.259371 0 18.7104 0.711161 -0.699227 10.8487 12.2125 9.12343 113.1 
20170507183438 0.188603 -0.515827 0.343304 -0.970749 -0.0788167 0.226791 0.999942 -0.00602135 -0.00898283 0.0059915 0.999976 -0.00334562 0.00900277 0.00329161 0.999954 0.188603 -0.515827 0.343304 -0.970749 -0.0788167 0.226791 0.999942 -0.00602135 -0.00898283 0.0059915 0.999976 -0.00334562 0.00900277 0.00329161 0.999954 25.3652 6.81174 1 1 1780 0 0 0 -0.259371 -0.00900289 12.1984 1.11 -1.21 1.91484 10.9261 5.07495 0 -0.259371 0 18.6347 0.67979 -0.738576 10.716 11.7143 9.75671 113.2 
20170507183438 -0.513246 0.75012 0.35622 -0.979228 -0.173605 0.104758 0.999895 -0.0063342 0.0130352 0.00621664 0.99994 0.00903893 -0.0130917 -0.00895695 0.999874 -0.513246 0.75012 0.35622 -0.979228 -0.173605 0.104758 0.999895 -0.0063342 0.0130352 0.00621664 0.99994 0.00903893 -0.0130917 -0.00895695 0.999874 26.6542 6.98568 1 1 1780 0 0 0 -0.259475 0.0130921 12.1984 1.12 -1.2 1.9258 10.9798 4.95346 0 -0.259475 0 18.9014 0.737914 -0.651354 11.1215 12.7159 8.4784 113.3 
