20170507013815 0.718764 0.188153 -0.722027 0 0 0 0.999915 0.0126416 0.00312529 -0.0126014 0.999841 -0.0125848 -0.00328389 0.0125444 0.999916 0.718764 0.188153 -0.722027 0.238445 0.504803 -0.829649 0.999915 0.0126416 0.00312529 -0.0126014 0.999841 -0.0125848 -0.00328389 0.0125444 0.999916 14.8758 8.25106 0 1 1947 0 0 0 
20170507013815 0.118217 0.298887 -0.160509 0 0 0 0.999982 0.00281217 0.00521072 -0.00280137 0.999994 -0.00207789 -0.00521653 0.00206325 0.999984 0.118217 0.298887 -0.160509 0.331577 0.25156 -0.909271 0.999982 0.00281217 0.00521072 -0.00280137 0.999994 -0.00207789 -0.00521653 0.00206325 0.999984 13.4651 7.87066 0 1 1946 0 0 0 
20170507013816 0.234891 0.214845 -0.141636 0 0 0 0.99999 0.00248736 0.00373956 -0.00247199 0.999989 -0.00410887 -0.00374974 0.00409958 0.999985 0.234891 0.214845 -0.141636 0.253476 0.370317 -0.893653 0.99999 0.00248736 0.00373956 -0.00247199 0.999989 -0.00410887 -0.00374974 0.00409958 0.999985 14.8703 7.84811 0 1 1946 0 0 0 
20170507013816 0.0431002 0.28558 -0.0991083 0 0 0 0.999986 0.00173351 0.00498298 -0.00172974 0.999998 -0.000760861 -0.00498429 0.000752231 0.999987 0.0431002 0.28558 -0.0991083 0.141913 0.393067 -0.908493 0.999986 0.00173351 0.00498298 -0.00172974 0.999998 -0.000760861 -0.00498429 0.000752231 0.999987 16.7783 7.98124 0 1 1943 0 0 0 
20170507013816 0.122977 0.0446267 -0.0643451 0 0 0 0.999999 0.0011247 0.00077647 -0.00112303 0.999997 -0.00214722 -0.000778883 0.00214634 0.999997 0.122977 0.0446267 -0.0643451 0.145936 0.384178 -0.911652 0.999999 0.0011247 0.00077647 -0.00112303 0.999997 -0.00214722 -0.000778883 0.00214634 0.999997 17.599 8.06631 0 1 1933 0 0 0 
20170507013816 0.241513 -0.0504147 -0.138873 0 0 0 0.999997 0.00242006 -0.000890109 -0.00242379 0.999988 -0.00421303 0.000879902 0.00421518 0.999991 0.241513 -0.0504147 -0.138873 0.145811 0.412092 -0.899399 0.999997 0.00242006 -0.000890109 -0.00242379 0.999988 -0.00421303 0.000879902 0.00421518 0.999991 17.972 8.36254 0 1 1929 0 0 0 
20170507013816 0.186706 -0.31645 -0.0818919 0 0 0 0.999984 0.00141128 -0.00552769 -0.00142926 0.999994 -0.00325073 0.00552307 0.00325858 0.999979 0.186706 -0.31645 -0.0818919 0.181611 0.375936 -0.908674 0.999984 0.00141128 -0.00552769 -0.00142926 0.999994 -0.00325073 0.00552307 0.00325858 0.999979 18.8409 9.08994 0 1 1921 0 0 0 
20170507013816 0.214816 0.0323241 -0.22393 0 0 0 0.999992 0.00391039 0.0005495 -0.0039083 0.999985 -0.00375141 -0.000564162 0.00374924 0.999993 0.214816 0.0323241 -0.22393 0.108607 0.27158 -0.956268 0.999992 0.00391039 0.0005495 -0.0039083 0.999985 -0.00375141 -0.000564162 0.00374924 0.999993 19.8207 10.4861 0 1 1907 0 0 0 
20170507013817 0.344581 0.501424 -0.348996 -0.0541371 0.317387 -0.946749 0.999943 0.00614361 0.00871444 -0.00609086 0.999963 -0.00606722 -0.00875139 0.0060138 0.999944 0.344581 0.501424 -0.348996 -0.0541371 0.317387 -0.946749 0.999943 0.00614361 0.00871444 -0.00609086 0.999963 -0.00606722 -0.00875139 0.0060138 0.999944 24.528 12.5213 1 1 1866 0 0 0 
20170507013817 -0.28815 -0.21497 -0.221483 0.0687351 0.233752 -0.969864 0.999985 0.00388442 -0.00373241 -0.00386557 0.99998 0.00504362 0.00375192 -0.00502911 0.99998 -0.28815 -0.21497 -0.221483 0.0687351 0.233752 -0.969864 0.999985 0.00388442 -0.00373241 -0.00386557 0.99998 0.00504362 0.00375192 -0.00502911 0.99998 29.0628 14.3219 1 1 1828 0 0 0 
20170507013817 0.199584 0.412412 -0.114494 -0.0311944 0.254384 -0.9666 0.999972 0.00202335 0.00719087 -0.00199824 0.999992 -0.00349777 -0.00719789 0.00348331 0.999968 0.199584 0.412412 -0.114494 -0.0311944 0.254384 -0.9666 0.999972 0.00202335 0.00719087 -0.00199824 0.999992 -0.00349777 -0.00719789 0.00348331 0.999968 30.3633 15.3462 1 1 1810 0 0 0 
20170507013817 -0.170944 0.190729 -0.0945596 -0.00605422 0.155444 -0.987826 0.999993 0.00164044 0.00333375 -0.00165037 0.999994 0.00297804 -0.00332885 -0.00298352 0.99999 -0.170944 0.190729 -0.0945596 -0.00605422 0.155444 -0.987826 0.999993 0.00164044 0.00333375 -0.00165037 0.999994 0.00297804 -0.00332885 -0.00298352 0.99999 28.8444 15.1115 1 1 1809 0 0 0 
20170507013817 0.344188 -0.52248 -0.403998 0.0761117 0.232308 -0.96966 0.999934 0.00699613 -0.00916083 -0.00705074 0.999957 -0.00594274 0.00911887 0.00600694 0.99994 0.344188 -0.52248 -0.403998 0.0761117 0.232308 -0.96966 0.999934 0.00699613 -0.00916083 -0.00705074 0.999957 -0.00594274 0.00911887 0.00600694 0.99994 29.5699 15.4275 1 1 1808 0 0 0 
20170507013818 0.00472735 0.912446 0.441685 -0.0298894 0.211046 -0.977019 0.999843 -0.00770747 0.0159247 0.0077078 0.99997 4.02533e-05 -0.0159245 8.24973e-05 0.999873 0.00472735 0.912446 0.441685 -0.0298894 0.211046 -0.977019 0.999843 -0.00770747 0.0159247 0.0077078 0.99997 4.02533e-05 -0.0159245 8.24973e-05 0.999873 31.6408 16.1469 1 1 1799 0 0 0 
20170507013818 -0.743392 0.083303 0.0150469 0.0582655 0.19989 -0.978084 0.999999 -0.000281459 0.00145038 0.000262617 0.999916 0.0129747 -0.00145391 -0.0129743 0.999915 -0.743392 0.083303 0.0150469 0.0582655 0.19989 -0.978084 0.999999 -0.000281459 0.00145038 0.000262617 0.999916 0.0129747 -0.00145391 -0.0129743 0.999915 35.2853 17.4468 1 1 1789 0 0 0 
20170507013818 -0.634136 1.26857 -0.0917475 -0.0434682 0.219121 -0.974729 0.999754 0.00135617 0.0221553 -0.0016009 0.999938 0.0110321 -0.0221389 -0.0110648 0.999694 -0.634136 1.26857 -0.0917475 -0.0434682 0.219121 -0.974729 0.999754 0.00135617 0.0221553 -0.0016009 0.999938 0.0110321 -0.0221389 -0.0110648 0.999694 38.6455 18.9055 1 1 1770 0 0 0 
20170507013818 -0.242774 -0.176683 0.210054 0.15792 0.302559 -0.939957 0.999989 -0.00365302 -0.00309919 0.00366611 0.999984 0.00422587 0.0030837 -0.00423718 0.999986 -0.242774 -0.176683 0.210054 0.15792 0.302559 -0.939957 0.999989 -0.00365302 -0.00309919 0.00366611 0.999984 0.00422587 0.0030837 -0.00423718 0.999986 41.3698 21.387 1 1 1737 0 0 0 
20170507013818 0.483774 0.19002 -0.286016 0.0951595 0.348488 -0.93247 0.999982 0.00501973 0.00327416 -0.00499188 0.999952 -0.00845979 -0.00331647 0.0084433 0.999959 0.483774 0.19002 -0.286016 0.0951595 0.348488 -0.93247 0.999982 0.00501973 0.00327416 -0.00499188 0.999952 -0.00845979 -0.00331647 0.0084433 0.999959 43.8346 22.871 1 1 1721 0 0 0 
20170507013819 0.162952 -0.419292 0.172441 0.170044 0.300521 -0.938495 0.999969 -0.00303046 -0.00730934 0.00300958 0.999991 -0.00286605 0.00731796 0.00284397 0.999969 0.162952 -0.419292 0.172441 0.170044 0.300521 -0.938495 0.999969 -0.00303046 -0.00730934 0.00300958 0.999991 -0.00286605 0.00731796 0.00284397 0.999969 46.3532 24.0543 1 1 1704 0 0 0 
20170507013819 -0.0596325 0.124772 0.384598 0.135707 0.295295 -0.945719 0.999975 -0.00671471 0.00217065 0.00671244 0.999977 0.00105538 -0.00217769 -0.00104078 0.999997 -0.0596325 0.124772 0.384598 0.135707 0.295295 -0.945719 0.999975 -0.00671471 0.00217065 0.00671244 0.999977 0.00105538 -0.00217769 -0.00104078 0.999997 47.7737 24.2189 1 1 1689 0 0 0 
20170507013819 -0.607549 0.630015 -0.219047 0.0415192 0.241272 -0.969569 0.999932 0.00370627 0.0110355 -0.00382285 0.999937 0.0105614 -0.0109956 -0.0106029 0.999883 -0.607549 0.630015 -0.219047 0.0415192 0.241272 -0.969569 0.999932 0.00370627 0.0110355 -0.00382285 0.999937 0.0105614 -0.0109956 -0.0106029 0.999883 48.9683 25.189 1 1 1680 0 0 0 
20170507013819 0.598563 0.0502572 -0.170763 0.0950158 0.319627 -0.942767 0.999995 0.00298937 0.000845968 -0.00298036 0.999941 -0.0104493 -0.000877154 0.0104467 0.999945 0.598563 0.0502572 -0.170763 0.0950158 0.319627 -0.942767 0.999995 0.00298937 0.000845968 -0.00298036 0.999941 -0.0104493 -0.000877154 0.0104467 0.999945 50.1709 25.9215 1 1 1677 0 0 0 
20170507013819 0.395797 -0.111193 -0.777484 0.0873732 0.304747 -0.948417 0.999906 0.0135555 -0.0020342 -0.0135692 0.999884 -0.00688094 0.00194069 0.00690789 0.999974 0.395797 -0.111193 -0.777484 0.0873732 0.304747 -0.948417 0.999906 0.0135555 -0.0020342 -0.0135692 0.999884 -0.00688094 0.00194069 0.00690789 0.999974 50.8 24.739 1 1 1666 0 0 0 
20170507013820 0.6815 0.148665 -0.353953 0.0552021 0.318074 -0.946457 0.999978 0.00620803 0.00252098 -0.00617759 0.99991 -0.0119099 -0.00259469 0.0118941 0.999926 0.6815 0.148665 -0.353953 0.0552021 0.318074 -0.946457 0.999978 0.00620803 0.00252098 -0.00617759 0.99991 -0.0119099 -0.00259469 0.0118941 0.999926 50.8173 22.4785 1 1 1660 0 0 0 
20170507013820 0.275282 0.588575 0.345597 0.0239435 0.286531 -0.957772 0.999929 -0.00598235 0.0103011 0.00603145 0.999971 -0.00474252 -0.0102724 0.00480431 0.999936 0.275282 0.588575 0.345597 0.0239435 0.286531 -0.957772 0.999929 -0.00598235 0.0103011 0.00603145 0.999971 -0.00474252 -0.0102724 0.00480431 0.999936 51.6288 21.894 1 1 1644 0 0 0 
20170507013820 0.89681 0.216512 0.282444 0.0586308 0.348054 -0.935639 0.999981 -0.0048698 0.00385548 0.00492951 0.999866 -0.0156328 -0.00377884 0.0156515 0.99987 0.89681 0.216512 0.282444 0.0586308 0.348054 -0.935639 0.999981 -0.0048698 0.00385548 0.00492951 0.999866 -0.0156328 -0.00377884 0.0156515 0.99987 52.2629 21.7086 1 1 1619 0 0 0 
20170507013820 1.42865 -0.429441 -0.955873 0.0636092 0.339686 -0.938385 0.999833 0.0164903 -0.00790765 -0.0166819 0.999553 -0.0248035 0.00749509 0.0249313 0.999661 1.42865 -0.429441 -0.955873 0.0636092 0.339686 -0.938385 0.999833 0.0164903 -0.00790765 -0.0166819 0.999553 -0.0248035 0.00749509 0.0249313 0.999661 52.6394 20.9586 1 1 1617 0 0 0 
20170507013821 -0.296497 -0.827991 -0.572207 0.118733 0.223062 -0.967546 0.999846 0.0100614 -0.0143981 -0.00998569 0.999936 0.00531888 0.0144507 -0.00517429 0.999882 -0.296497 -0.827991 -0.572207 0.118733 0.223062 -0.967546 0.999846 0.0100614 -0.0143981 -0.00998569 0.999936 0.00531888 0.0144507 -0.00517429 0.999882 52.5671 20.0384 1 1 1611 0 0 0 
20170507013821 -0.41163 -0.570882 -0.132683 0.0932682 0.253913 -0.96272 0.999948 0.00238727 -0.00994669 -0.00231564 0.999971 0.00720729 0.00996361 -0.00718388 0.999925 -0.41163 -0.570882 -0.132683 0.0932682 0.253913 -0.96272 0.999948 0.00238727 -0.00994669 -0.00231564 0.999971 0.00720729 0.00996361 -0.00718388 0.999925 52.8863 19.667 1 1 1605 0 0 0 
20170507013821 -0.900627 -0.232392 0.0756844 0.066344 0.19838 -0.977877 0.999991 -0.00125702 -0.00407625 0.00132093 0.999876 0.0157129 0.00405599 -0.0157181 0.999868 -0.900627 -0.232392 0.0756844 0.066344 0.19838 -0.977877 0.999991 -0.00125702 -0.00407625 0.00132093 0.999876 0.0157129 0.00405599 -0.0157181 0.999868 53.6769 19.7966 1 1 1597 0 0 0 
20170507013821 -1.00989 -0.434113 0.184695 0.0624653 0.208835 -0.975954 0.999966 -0.0030895 -0.00763222 0.00322345 0.99984 0.0176004 0.00757662 -0.0176244 0.999816 -1.00989 -0.434113 0.184695 0.0624653 0.208835 -0.975954 0.999966 -0.0030895 -0.00763222 0.00322345 0.99984 0.0176004 0.00757662 -0.0176244 0.999816 54.8765 20.3369 1 1 1593 0 0 0 
20170507013822 0.911882 -0.957478 -0.850877 0.0769306 0.339994 -0.937276 0.99975 0.0145823 -0.0169427 -0.014848 0.999767 -0.0156648 0.0167104 0.0159124 0.999734 0.911882 -0.957478 -0.850877 0.0769306 0.339994 -0.937276 0.99975 0.0145823 -0.0169427 -0.014848 0.999767 -0.0156648 0.0167104 0.0159124 0.999734 56.5383 20.7484 1 1 1589 0 0 0 
20170507013822 -1.95291 -1.01632 -0.654841 0.0701101 0.137328 -0.988041 0.999777 0.0120267 -0.0173363 -0.0114271 0.999347 0.0342785 0.0177373 -0.0340728 0.999262 -1.95291 -1.01632 -0.654841 0.0701101 0.137328 -0.988041 0.999777 0.0120267 -0.0173363 -0.0114271 0.999347 0.0342785 0.0177373 -0.0340728 0.999262 58.0456 20.7409 1 1 1575 0 0 0 
20170507013822 -1.21651 -0.0299371 -0.365338 0.01629 0.177231 -0.984034 0.99998 0.00638596 -0.000387 -0.0063763 0.999754 0.0212334 0.000522501 -0.0212305 0.999774 -1.21651 -0.0299371 -0.365338 0.01629 0.177231 -0.984034 0.99998 0.00638596 -0.000387 -0.0063763 0.999754 0.0212334 0.000522501 -0.0212305 0.999774 58.4424 20.8748 1 1 1574 0 0 0 
20170507013823 0.841497 -0.149731 -0.434034 0.0238181 0.313252 -0.949371 0.999968 0.00753605 -0.00272419 -0.00757522 0.999864 -0.0146661 0.00261329 0.0146863 0.999889 0.841497 -0.149731 -0.434034 0.0238181 0.313252 -0.949371 0.999968 0.00753605 -0.00272419 -0.00757522 0.999864 -0.0146661 0.00261329 0.0146863 0.999889 59.4528 21.3775 1 1 1567 0 0 0 
20170507013823 -1.35233 -2.74021 -0.902683 0.189938 0.201882 -0.960816 0.998733 0.0168779 -0.0474164 -0.0157361 0.99958 0.0243504 0.0478074 -0.0235734 0.998578 -1.35233 -2.74021 -0.902683 0.189938 0.201882 -0.960816 0.998733 0.0168779 -0.0474164 -0.0157361 0.99958 0.0243504 0.0478074 -0.0235734 0.998578 60.6114 21.2856 1 1 1547 0 0 0 
20170507013824 -0.638026 0.275536 -0.612056 -0.00739234 0.200701 -0.979625 0.999931 0.010628 0.00492737 -0.0106821 0.999882 0.0110834 -0.00480899 -0.0111353 0.999926 -0.638026 0.275536 -0.612056 -0.00739234 0.200701 -0.979625 0.999931 0.010628 0.00492737 -0.0106821 0.999882 0.0110834 -0.00480899 -0.0111353 0.999926 61.1725 21.3797 1 1 1543 0 0 0 
20170507013824 -0.04407 -0.991601 -0.580579 0.0576338 0.280257 -0.958193 0.999799 0.0101462 -0.0172971 -0.0101313 0.999948 0.000944484 0.0173058 -0.000769051 0.99985 -0.04407 -0.991601 -0.580579 0.0576338 0.280257 -0.958193 0.999799 0.0101462 -0.0172971 -0.0101313 0.999948 0.000944484 0.0173058 -0.000769051 0.99985 61.9472 22.0857 1 1 1532 0 0 0 
20170507013824 0.500126 -0.0438889 -0.59499 -0.0313988 0.316855 -0.947954 0.999946 0.0103773 -0.000856577 -0.0103843 0.999908 -0.00872032 0.000766006 0.00872874 0.999962 0.500126 -0.0438889 -0.59499 -0.0313988 0.316855 -0.947954 0.999946 0.0103773 -0.000856577 -0.0103843 0.999908 -0.00872032 0.000766006 0.00872874 0.999962 62.1315 22.9304 1 1 1527 0 0 0 
20170507013825 -0.855692 -0.684285 0.445367 0.0317121 0.253152 -0.966907 0.999898 -0.00759382 -0.0120571 0.00777249 0.99986 0.0148408 0.0119427 -0.014933 0.999817 -0.855692 -0.684285 0.445367 0.0317121 0.253152 -0.966907 0.999898 -0.00759382 -0.0120571 0.00777249 0.99986 0.0148408 0.0119427 -0.014933 0.999817 61.236 23.9783 1 1 1517 0 0 0 
20170507013826 -0.646415 -0.284882 0.0334641 -0.00574384 0.247806 -0.968793 0.999987 -0.000527927 -0.00497837 0.000584051 0.999936 0.0112789 0.0049721 -0.0112817 0.999924 -0.646415 -0.284882 0.0334641 -0.00574384 0.247806 -0.968793 0.999987 -0.000527927 -0.00497837 0.000584051 0.999936 0.0112789 0.0049721 -0.0112817 0.999924 60.3904 24.7381 1 1 1509 0 0 0 
20170507013826 -0.203922 -0.089651 0.539614 0.0286135 0.242315 -0.969776 0.999954 -0.00941227 -0.00159815 0.00941789 0.999949 0.00354421 0.00156471 -0.0035591 0.999992 -0.203922 -0.089651 0.539614 0.0286135 0.242315 -0.969776 0.999954 -0.00941227 -0.00159815 0.00941789 0.999949 0.00354421 0.00156471 -0.0035591 0.999992 61.423 24.6358 1 1 1506 0 0 0 
20170507013827 -0.440615 0.949367 0.586001 0.00163766 0.247106 -0.968987 0.99981 -0.0103546 0.0164888 0.0102261 0.999917 0.00785916 -0.0165688 -0.00768905 0.999833 -0.440615 0.949367 0.586001 0.00163766 0.247106 -0.968987 0.99981 -0.0103546 0.0164888 0.0102261 0.999917 0.00785916 -0.0165688 -0.00768905 0.999833 63.6656 24.5218 1 1 1500 0 0 0 
20170507013827 0.751742 0.413566 -0.587738 0.0557489 0.306605 -0.950203 0.999921 0.0103516 0.00708245 -0.0102575 0.99986 -0.0131933 -0.00721803 0.0131197 0.999888 0.751742 0.413566 -0.587738 0.0557489 0.306605 -0.950203 0.999921 0.0103516 0.00708245 -0.0102575 0.99986 -0.0131933 -0.00721803 0.0131197 0.999888 66.1955 24.2435 1 1 1497 0 0 0 
20170507013828 -2.22912 2.73579 -0.561416 -0.0742634 0.124724 -0.989408 0.998812 0.00793457 0.0480731 -0.00978723 0.999213 0.0384265 -0.0477304 -0.0388514 0.998104 -2.22912 2.73579 -0.561416 -0.0742634 0.124724 -0.989408 0.998812 0.00793457 0.0480731 -0.00978723 0.999213 0.0384265 -0.0477304 -0.0388514 0.998104 67.6556 24.7955 1 1 1494 0 0 0 
20170507013829 -0.573987 -0.123438 -0.693998 0.0883234 0.263079 -0.960723 0.999924 0.0121332 -0.00203279 -0.0121122 0.999876 0.0100432 0.0021544 -0.0100178 0.999948 -0.573987 -0.123438 -0.693998 0.0883234 0.263079 -0.960723 0.999924 0.0121332 -0.00203279 -0.0121122 0.999876 0.0100432 0.0021544 -0.0100178 0.999948 67.9638 25.5454 1 1 1494 0 0 0 
20170507013829 -0.396929 -0.362044 0.0180738 0.0953103 0.265053 -0.959512 0.99998 -0.000271664 -0.00632085 0.00031544 0.999976 0.00692566 0.00631881 -0.00692752 0.999956 -0.396929 -0.362044 0.0180738 0.0953103 0.265053 -0.959512 0.99998 -0.000271664 -0.00632085 0.00031544 0.999976 0.00692566 0.00631881 -0.00692752 0.999956 67.3859 28.7046 1 1 1485 0 0 0 
20170507013830 -7.68653 -7.51537 1.03146 0 0 0 0.991249 -0.000348686 -0.132004 0.0178468 0.991169 0.131398 0.130792 -0.132604 0.982502 -7.68653 -7.51537 1.03146 0 0 0 0.991249 -0.000348686 -0.132004 0.0178468 0.991169 0.131398 0.130792 -0.132604 0.982502 67.3859 28.7046 1 0 1480 0 0 0 
20170507013830 -6.73774 -5.95899 2.39438 0 0 0 0.993728 -0.0293195 -0.107911 0.0415519 0.992735 0.112915 0.103817 -0.116691 0.987727 -6.73774 -5.95899 2.39438 0 0 0 0.993728 -0.0293195 -0.107911 0.0415519 0.992735 0.112915 0.103817 -0.116691 0.987727 67.3859 28.7046 1 0 1475 0 0 0 
20170507013831 -6.73774 -5.95899 2.39438 0.0928108 0.482022 -0.87123 0.99999 -0.0023369 0.00387899 0.00260134 0.99757 -0.069628 -0.00370685 0.0696373 0.997565 3.99319 0.212387 0.149047 0.0928108 0.482022 -0.87123 0.99999 -0.0023369 0.00387899 0.00260134 0.99757 -0.069628 -0.00370685 0.0696373 0.997565 67.3859 28.7046 1 0 1473 0 1 1 
20170507013832 -4.18806 -4.91495 1.49069 0.331398 -0.0192879 -0.943294 0.995986 -0.0196901 -0.087319 0.0259188 0.997155 0.0707827 0.0856769 -0.0727618 0.993663 -4.18806 -4.91495 1.49069 0.331398 -0.0192879 -0.943294 0.995986 -0.0196901 -0.087319 0.0259188 0.997155 0.0707827 0.0856769 -0.0727618 0.993663 64.8045 32.1941 1 1 1471 0 0 0 
20170507013832 -4.30404 -5.34987 1.3442 0 0 0 0.99537 -0.0163969 -0.0947092 0.0233563 0.99707 0.0728473 0.0932372 -0.074722 0.992836 -4.30404 -5.34987 1.3442 0 0 0 0.99537 -0.0163969 -0.0947092 0.0233563 0.99707 0.0728473 0.0932372 -0.074722 0.992836 64.8045 32.1941 1 0 1471 0 0 0 
20170507013833 -6.57782 -1.94744 0.467163 0 0 0 0.999389 -0.00420709 -0.0346919 0.00814873 0.993416 0.114274 0.0339827 -0.114486 0.992843 -6.57782 -1.94744 0.467163 0 0 0 0.999389 -0.00420709 -0.0346919 0.00814873 0.993416 0.114274 0.0339827 -0.114486 0.992843 64.8045 32.1941 1 0 1466 0 0 0 
20170507013833 -2.05455 1.61293 7.19608 0 0 0 0.99173 -0.126186 0.0234166 0.125216 0.991359 0.0390922 -0.0281471 -0.0358368 0.998961 -2.05455 1.61293 7.19608 0 0 0 0.99173 -0.126186 0.0234166 0.125216 0.991359 0.0390922 -0.0281471 -0.0358368 0.998961 64.8045 32.1941 1 0 1466 0 0 0 
20170507013834 -3.15753 11.2697 8.54497 0 0 0 0.969832 -0.159005 0.184781 0.145721 0.985799 0.0834636 -0.195428 -0.0540193 0.979229 -3.15753 11.2697 8.54497 0 0 0 0.969832 -0.159005 0.184781 0.145721 0.985799 0.0834636 -0.195428 -0.0540193 0.979229 64.8045 32.1941 1 0 1459 0 0 0 
20170507013835 -3.15753 11.2697 8.54497 0.0912917 -0.0724637 -0.993184 0.993072 -0.115402 -0.0221336 0.116629 0.990984 0.0659399 0.0143245 -0.0680645 0.997578 -3.90323 -0.820759 6.69827 0.0912917 -0.0724637 -0.993184 0.993072 -0.115402 -0.0221336 0.116629 0.990984 0.0659399 0.0143245 -0.0680645 0.997578 64.8045 32.1941 1 0 1452 0 1 1 
20170507013835 -3.15753 11.2697 8.54497 0.0987863 -0.0662022 -0.992904 0.994204 -0.103252 -0.0299529 0.105139 0.991964 0.0703804 0.0224453 -0.0731217 0.99707 -4.19437 -1.28613 6.03672 0.0987863 -0.0662022 -0.992904 0.994204 -0.103252 -0.0299529 0.105139 0.991964 0.0703804 0.0224453 -0.0731217 0.99707 64.8045 32.1941 1 0 1447 0 1 2 
20170507013836 -3.15753 11.2697 8.54497 0.147352 -0.0743916 -0.986283 0.995651 -0.0898596 -0.0245966 0.0915439 0.992651 0.079139 0.0173044 -0.0810464 0.99656 -4.64942 -0.991519 5.25322 0.147352 -0.0743916 -0.986283 0.995651 -0.0898596 -0.0245966 0.0915439 0.992651 0.079139 0.0173044 -0.0810464 0.99656 64.8045 32.1941 1 0 1447 0 1 3 
20170507013836 -5.00842 1.6913 9.19645 0 0 0 0.986716 -0.161753 0.0150712 0.15975 0.982965 0.090879 -0.0295144 -0.0872642 0.995748 -5.00842 1.6913 9.19645 0 0 0 0.986716 -0.161753 0.0150712 0.15975 0.982965 0.090879 -0.0295144 -0.0872642 0.995748 64.8045 32.1941 1 0 1446 0 0 0 
20170507013837 -7.92217 -0.779787 10.6576 0 0 0 0.982659 -0.181331 -0.0387369 0.184923 0.973718 0.132957 0.0136094 -0.137815 0.990364 -7.92217 -0.779787 10.6576 0 0 0 0.982659 -0.181331 -0.0387369 0.184923 0.973718 0.132957 0.0136094 -0.137815 0.990364 64.8045 32.1941 1 0 1441 0 0 0 
20170507013838 -7.92217 -0.779787 10.6576 -0.829092 -0.347325 -0.438145 0.932796 -0.169173 0.318232 0.112031 0.975349 0.190113 -0.342549 -0.141685 0.928755 -8.67379 20.0322 6.84856 -0.829092 -0.347325 -0.438145 0.932796 -0.169173 0.318232 0.112031 0.975349 0.190113 -0.342549 -0.141685 0.928755 64.8045 32.1941 1