20170507180338 -0.12865 -0.66202 0.19799 0 0 0 0.999927 -0.00342961 -0.0115618 0.00345533 0.999992 0.00220542 0.0115542 -0.00224521 0.999931 -0.12865 -0.66202 0.19799 -0.265392 -0.00792563 0.964108 0.999927 -0.00342961 -0.0115618 0.00345533 0.999992 0.00220542 0.0115542 -0.00224521 0.999931 5.20607 1.02154 0 1 1882 0 0 0 -1.37831 -0.0115544 10.154 1.1 -2.16 -2.55945 9.04933 3.8292 0 -1.37831 0 10.154 1.1 -2.16 -2.55945 9.04933 3.8292 113.7 
20170507180338 -0.15447 -0.540882 0.226511 0 0 0 0.999948 -0.00392789 -0.00945057 0.00395318 0.999989 0.00265867 0.00944002 -0.00269589 0.999952 -0.15447 -0.540882 0.226511 -0.21112 0.295511 0.93172 0.999948 -0.00392789 -0.00945057 0.00395318 0.999989 0.00265867 0.00944002 -0.00269589 0.999952 4.25993 1.04016 0 1 1882 0 0 0 -1.3795 -0.00944016 10.154 1.09 -2.16 -2.60961 9.00282 3.90425 0 -1.3795 0 10.154 1.09 -2.16 -2.60961 9.00282 3.90425 113.7 
20170507180339 -0.252204 -0.270229 0.258056 0 0 0 0.999979 -0.0044831 -0.0047361 0.00450386 0.99998 0.00438049 0.00471636 -0.00440172 0.999979 -0.252204 -0.270229 0.258056 -0.201233 0.30438 0.931052 0.999979 -0.0044831 -0.0047361 0.00450386 0.99998 0.00438049 0.00471636 -0.00440172 0.999979 3.11897 1.05713 0 1 1882 0 0 0 -1.37831 -0.00471638 10.154 1.1 -2.16 -2.55945 9.04933 3.8292 0 -1.37831 0 10.154 1.1 -2.16 -2.55945 9.04933 3.8292 113.7 
20170507180339 -0.69659 -0.244983 -0.00510327 0 0 0 0.999991 0.000141045 -0.00427435 -8.90681e-05 0.999926 0.0121579 0.00427575 -0.0121574 0.999917 -0.69659 -0.244983 -0.00510327 0.0895593 -0.402207 0.911158 0.999991 0.000141045 -0.00427435 -8.90681e-05 0.999926 0.0121579 0.00427575 -0.0121574 0.999917 2.83115 1.05932 0 1 1882 0 0 0 -1.37831 -0.00427576 10.154 1.12 -2.16 -2.45837 9.13963 3.67798 0 -1.37831 0 10.154 1.12 -2.16 -2.45837 9.13963 3.67798 113.8 
20170507180339 -0.509474 0.361703 0.330964 0 0 0 0.999963 -0.00583228 0.00626114 0.00577626 0.999943 0.00892819 -0.00631286 -0.0088917 0.999941 -0.509474 0.361703 0.330964 0.248471 -0.13972 -0.95851 0.999963 -0.00583228 0.00626114 0.00577626 0.999943 0.00892819 -0.00631286 -0.0088917 0.999941 3.87171 1.14184 0 1 1882 0 0 0 -1.35907 0.0063129 10.154 1.12 -2.16 -2.45837 9.13963 3.67798 0 -1.35907 0 10.154 1.12 -2.16 -2.45837 9.13963 3.67798 113.8 
20170507180339 -0.469276 0.673096 0.385158 0 0 0 0.999908 -0.00681821 0.0116918 0.00672176 0.999943 0.00826909 -0.0117475 -0.00818975 0.999897 -0.469276 0.673096 0.385158 -0.250433 0.17656 0.951898 0.999908 -0.00681821 0.0116918 0.00672176 0.999943 0.00826909 -0.0117475 -0.00818975 0.999897 4.9846 1.17086 0 1 1882 0 0 0 -1.35907 0.0117477 10.154 1.11 -2.16 -2.50904 9.09494 3.75378 0 -1.35907 0 10.154 1.11 -2.16 -2.50904 9.09494 3.75378 113.7 
20170507180339 -0.423891 0.905578 0.349986 0 0 0 0.999856 -0.00622513 0.0157587 0.00610761 0.999953 0.00749462 -0.0158047 -0.0073973 0.999848 -0.423891 0.905578 0.349986 -0.250077 0.162722 0.954455 0.999856 -0.00622513 0.0157587 0.00610761 0.999953 0.00749462 -0.0158047 -0.0073973 0.999848 6.04766 1.11355 0 1 1882 0 0 0 -1.35907 0.0158053 10.154 1.13 -2.17 -2.44336 9.18341 3.57756 0 -1.35907 0 10.154 1.13 -2.17 -2.44336 9.18341 3.57756 113.9 
20170507180339 -0.590248 1.02478 0.215896 0 0 0 0.999833 -0.00395213 0.017845 0.00376749 0.999939 0.0103689 -0.0178849 -0.0102999 0.999787 -0.590248 1.02478 0.215896 0.0470653 -0.0154241 -0.998773 0.999833 -0.00395213 0.017845 0.00376749 0.999939 0.0103689 -0.0178849 -0.0102999 0.999787 7.57277 1.24477 0 1 1882 0 0 0 -1.33855 0.0178859 10.154 1.12 -2.17 -2.49503 9.13963 3.65321 0 -1.33855 0 10.154 1.12 -2.17 -2.49503 9.13963 3.65321 113.6 
20170507180340 -0.376566 1.46194 0.426566 0 0 0 0.999647 -0.00761243 0.0254628 0.00744249 0.999949 0.00676202 -0.025513 -0.00657013 0.999653 -0.376566 1.46194 0.426566 -0.227764 -0.117885 -0.966554 0.999647 -0.00761243 0.0254628 0.00744249 0.999949 0.00676202 -0.025513 -0.00657013 0.999653 9.3567 1.42241 0 1 1881 0 0 0 -1.33855 0.0255157 10.154 1.12 -2.16 -2.45837 9.13963 3.67798 0 -1.33855 0 10.154 1.12 -2.16 -2.45837 9.13963 3.67798 113.8 
20170507180340 -0.271933 1.53834 0.311619 0 0 0 0.999625 -0.0055661 0.0268193 0.00543679 0.999973 0.00489204 -0.0268458 -0.0047444 0.999628 -0.271933 1.53834 0.311619 -0.208873 -0.0340114 -0.977351 0.999625 -0.0055661 0.0268193 0.00543679 0.999973 0.00489204 -0.0268458 -0.0047444 0.999628 10.9138 1.57801 0 1 1881 0 0 0 -1.33855 0.026849 10.154 1.11 -2.17 -2.54645 9.09494 3.7285 0 -1.33855 0 10.154 1.11 -2.17 -2.54645 9.09494 3.7285 113.8 
20170507180340 -0.217786 1.78441 0.343967 0 0 0 0.999497 -0.00612163 0.0311152 0.00600041 0.999974 0.00398794 -0.0311388 -0.00379923 0.999508 -0.217786 1.78441 0.343967 -0.187398 -0.0632475 -0.980246 0.999497 -0.00612163 0.0311152 0.00600041 0.999974 0.00398794 -0.0311388 -0.00379923 0.999508 12.3351 1.79438 0 1 1881 0 0 0 -1.33855 0.0311439 10.154 1.11 -2.16 -2.50904 9.09494 3.75378 0 -1.33855 0 10.154 1.11 -2.16 -2.50904 9.09494 3.75378 113.7 
20170507180340 -0.120329 1.9931 0.353406 0 0 0 0.999376 -0.00624109 0.0347655 0.00616433 0.999978 0.00231461 -0.0347792 -0.00209886 0.999393 -0.120329 1.9931 0.353406 -0.198691 -0.106419 -0.974267 0.999376 -0.00624109 0.0347655 0.00616433 0.999978 0.00231461 -0.0347792 -0.00209886 0.999393 13.5709 1.96628 0 1 1881 0 0 0 -1.31884 0.0347862 10.154 1.11 -2.16 -2.50904 9.09494 3.75378 0 -1.31884 0 10.154 1.11 -2.16 -2.50904 9.09494 3.75378 113.7 
20170507180340 -0.103433 2.0729 0.26252 0 0 0 0.999335 -0.0046471 0.0361624 0.00457882 0.999988 0.00197096 -0.0361711 -0.00180407 0.999344 -0.103433 2.0729 0.26252 -0.191642 -0.123043 -0.973722 0.999335 -0.0046471 0.0361624 0.00457882 0.999988 0.00197096 -0.0361711 -0.00180407 0.999344 14.0372 2.01552 0 1 1881 0 0 0 -1.31793 0.036179 10.154 1.11 -2.15 -2.47137 9.09494 3.77868 0 -1.31793 0 10.154 1.11 -2.15 -2.47137 9.09494 3.77868 113.8 
20170507180340 -0.0188841 1.98692 0.238382 0 0 0 0.99939 -0.00417196 0.0346696 0.00415803 0.999991 0.000473838 -0.0346713 -0.000329392 0.999399 -0.0188841 1.98692 0.238382 -0.41098 0.0132851 -0.911547 0.99939 -0.00417196 0.0346696 0.00415803 0.999991 0.000473838 -0.0346713 -0.000329392 0.999399 13.7146 1.9887 0 1 1881 0 0 0 -1.33737 0.0346782 10.154 1.1 -2.15 -2.52103 9.04933 3.85461 0 -1.33737 0 10.154 1.1 -2.15 -2.52103 9.04933 3.85461 113.7 
20170507180341 0.112759 1.96589 0.216927 0 0 0 0.999404 -0.00371857 0.0343117 0.00378386 0.999991 -0.00183811 -0.0343046 0.00196685 0.999409 0.112759 1.96589 0.216927 -0.224236 -0.131155 -0.965669 0.999404 -0.00371857 0.0343117 0.00378386 0.999991 -0.00183811 -0.0343046 0.00196685 0.999409 13.205 1.92516 0 1 1881 0 0 0 -1.33952 0.0343113 10.154 1.08 -2.15 -2.61959 8.95541 4.00529 0 -1.33952 0 10.154 1.08 -2.15 -2.61959 8.95541 4.00529 113.9 
20170507180341 0.192612 1.72371 0.130562 0 0 0 0.999545 -0.00217761 0.0300873 0.00227771 0.999992 -0.00329316 -0.0300799 0.00336019 0.999542 0.192612 1.72371 0.130562 0.0160084 -0.0692434 -0.997471 0.999545 -0.00217761 0.0300873 0.00227771 0.999992 -0.00329316 -0.0300799 0.00336019 0.999542 12.4526 1.82522 0 1 1880 0 0 0 -1.33814 0.0300845 10.154 1.1 -2.14 -2.48236 9.04933 3.87962 0 -1.33814 0 10.154 1.1 -2.14 -2.48236 9.04933 3.87962 113.7 
20170507180341 0.222186 1.53699 0.185186 0 0 0 0.999635 -0.00312806 0.0268345 0.00323093 0.999988 -0.00379115 -0.0268223 0.00387646 0.999633 0.222186 1.53699 0.185186 -0.0125271 -0.0868719 -0.996141 0.999635 -0.00312806 0.0268345 0.00323093 0.999988 -0.00379115 -0.0268223 0.00387646 0.999633 11.6109 1.67094 0 1 1880 0 0 0 -1.33855 0.0268255 10.154 1.09 -2.14 -2.53101 9.00282 3.95565 0 -1.33855 0 10.154 1.09 -2.14 -2.53101 9.00282 3.95565 113.8 
20170507180341 0.278949 1.34479 0.114929 0 0 0 0.999723 -0.0018916 0.0234782 0.00200533 0.999986 -0.00482148 -0.0234688 0.00486722 0.999713 0.278949 1.34479 0.114929 0.0151806 -0.0660025 -0.997704 0.999723 -0.0018916 0.0234782 0.00200533 0.999986 -0.00482148 -0.0234688 0.00486722 0.999713 10.3599 1.43335 0 1 1880 0 0 0 -1.33952 0.0234709 10.154 1.07 -2.14 -2.62754 8.90711 4.10652 0 -1.33952 0 10.154 1.07 -2.14 -2.62754 8.90711 4.10652 113.7 
20170507180341 0.311604 1.1071 0.143668 0 0 0 0.99981 -0.00240236 0.0193346 0.00250701 0.999982 -0.00539002 -0.0193213 0.00543747 0.999799 0.311604 1.1071 0.143668 0.0307915 -0.0740504 -0.996779 0.99981 -0.00240236 0.0193346 0.00250701 0.999982 -0.00539002 -0.0193213 0.00543747 0.999799 9.00644 1.30936 0 1 1880 0 0 0 -1.35907 0.0193225 10.154 1.08 -2.15 -2.61959 8.95541 4.00529 0 -1.35907 0 10.154 1.08 -2.15 -2.61959 8.95541 4.00529 113.8 
20170507180341 0.397764 0.973956 0.0959304 0 0 0 0.999854 -0.00155626 0.0170091 0.00167406 0.999975 -0.00691377 -0.0169979 0.00694124 0.999831 0.397764 0.973956 0.0959304 0.0954755 -0.0988104 -0.990515 0.999854 -0.00155626 0.0170091 0.00167406 0.999975 -0.00691377 -0.0169979 0.00694124 0.999831 8.22804 1.29642 0 1 1880 0 0 0 -1.35907 0.0169987 10.154 1.07 -2.14 -2.62754 8.90711 4.10652 0 -1.35907 0 10.154 1.07 -2.14 -2.62754 8.90711 4.10652 113.6 
20170507180342 0.310486 0.841022 0.16671 0 0 0 0.999888 -0.00283006 0.0146936 0.00290933 0.999981 -0.00537625 -0.0146781 0.0054184 0.999878 0.310486 0.841022 0.16671 0.0180469 -0.0891671 -0.995853 0.999888 -0.00283006 0.0146936 0.00290933 0.999981 -0.00537625 -0.0146781 0.0054184 0.999878 7.35786 1.14914 0 1 1880 0 0 0 -1.35907 0.0146786 10.154 1.07 -2.15 -2.66847 8.90711 4.08004 0 -1.35907 0 10.154 1.07 -2.15 -2.66847 8.90711 4.08004 113.7 
20170507180342 0.334591 0.717985 0.207272 0 0 0 0.999915 -0.00354433 0.0125517 0.00361729 0.999977 -0.00579431 -0.0125309 0.00583922 0.999904 0.334591 0.717985 0.207272 0.0587338 -0.0783856 -0.995191 0.999915 -0.00354433 0.0125517 0.00361729 0.999977 -0.00579431 -0.0125309 0.00583922 0.999904 6.16699 1.06067 0 1 1880 0 0 0 -1.35907 0.0125312 10.154 1.07 -2.15 -2.66847 8.90711 4.08004 0 -1.35907 0 10.154 1.07 -2.15 -2.66847 8.90711 4.08004 113.6 
20170507180342 -0.467144 0.0834732 0.105995 0 0 0 0.999997 -0.00186179 0.00144175 0.00184997 0.999965 0.00815579 -0.00145688 -0.0081531 0.999966 -0.467144 0.0834732 0.105995 0.65461 -0.755264 0.0326047 0.999997 -0.00186179 0.00144175 0.00184997 0.999965 0.00815579 -0.00145688 -0.0081531 0.999966 5.1573 1.02907 0 1 1880 0 0 0 -1.3601 0.00145688 10.154 1.09 -2.14 -2.53101 9.00282 3.95565 0 -1.3601 0 10.154 1.09 -2.14 -2.53101 9.00282 3.95565 113.8 
20170507180342 0.0662384 0.45687 0.198965 0 0 0 0.999962 -0.00346337 0.00797776 0.00347248 0.999993 -0.00112838 -0.0079738 0.00115604 0.999968 0.0662384 0.45687 0.198965 0.83304 -0.430352 0.347623 0.999962 -0.00346337 0.00797776 0.00347248 0.999993 -0.00112838 -0.0079738 0.00115604 0.999968 4.40382 0.892811 0 1 1880 0 0 0 -1.3601 0.00797388 10.154 1.08 -2.14 -2.5794 8.95541 4.03129 0 -1.3601 0 10.154 1.08 -2.14 -2.5794 8.95541 4.03129 113.8 
20170507180342 -0.388063 0.116633 0.157348 0 0 0 0.999994 -0.00275996 0.00201698 0.00274623 0.999973 0.00677849 -0.00203563 -0.00677291 0.999975 -0.388063 0.116633 0.157348 0.71082 -0.701758 0.0476378 0.999994 -0.00275996 0.00201698 0.00274623 0.999973 0.00677849 -0.00203563 -0.00677291 0.999975 4.58145 0.961781 0 1 1880 0 0 0 -1.3601 0.00203563 10.154 1.08 -2.14 -2.5794 8.95541 4.03129 0 -1.3601 0 10.154 1.08 -2.14 -2.5794 8.95541 4.03129 113.8 
20170507180342 -0.320888 0.239452 0.175759 0 0 0 0.999987 -0.00309093 0.00416194 0.00306754 0.99998 0.00561332 -0.00417921 -0.00560048 0.999976 -0.320888 0.239452 0.175759 0.747959 -0.659444 0.075433 0.999987 -0.00309093 0.00416194 0.00306754 0.99998 0.00561332 -0.00417921 -0.00560048 0.999976 4.95221 0.944591 0 1 1880 0 0 0 -1.3601 0.00417922 10.154 1.08 -2.14 -2.5794 8.95541 4.03129 0 -1.3601 0 10.154 1.08 -2.14 -2.5794 8.95541 4.03129 113.6 
20170507180343 0.168811 0.801095 0.15353 0 0 0 0.999899 -0.0026384 0.0139891 0.00267935 0.999992 -0.00290883 -0.0139813 0.00294601 0.999898 0.168811 0.801095 0.15353 0.0357226 -0.0334637 -0.998801 0.999899 -0.0026384 0.0139891 0.00267935 0.999992 -0.00290883 -0.0139813 0.00294601 0.999898 6.12238 1.02845 0 1 1880 0 0 0 -1.35907 0.0139818 10.154 1.08 -2.13 -2.53896 8.95541 4.05688 0 -1.35907 0 10.154 1.08 -2.13 -2.53896 8.95541 4.05688 113.7 
20170507180343 0.253666 0.969038 0.140818 0 0 0 0.999854 -0.00238283 0.0169228 0.00245738 0.999987 -0.00438571 -0.0169121 0.00442666 0.999847 0.253666 0.969038 0.140818 0.0321069 -0.0621592 -0.99755 0.999854 -0.00238283 0.0169228 0.00245738 0.999987 -0.00438571 -0.0169121 0.00442666 0.999847 7.59721 1.22465 0 1 1880 0 0 0 -1.35907 0.0169129 10.154 1.09 -2.14 -2.53101 9.00282 3.95565 0 -1.35907 0 10.154 1.09 -2.14 -2.53101 9.00282 3.95565 113.8 
20170507180343 0.315549 1.09585 0.174363 0 0 0 0.999812 -0.00293783 0.0191414 0.00304264 0.999981 -0.00544912 -0.019125 0.00550634 0.999802 0.315549 1.09585 0.174363 0.0331908 -0.0739577 -0.996709 0.999812 -0.00293783 0.0191414 0.00304264 0.999981 -0.00544912 -0.019125 0.00550634 0.999802 8.71139 1.32451 0 1 1880 0 0 0 -1.3601 0.0191262 10.154 1.07 -2.14 -2.62754 8.90711 4.10652 0 -1.3601 0 10.154 1.07 -2.14 -2.62754 8.90711 4.10652 113.8 
20170507180343 0.262946 1.15604 0.0881491 0 0 0 0.999795 -0.00144589 0.0201822 0.00153818 0.999988 -0.00455822 -0.0201754 0.00458833 0.999786 0.262946 1.15604 0.0881491 0.0133209 -0.0682493 -0.997579 0.999795 -0.00144589 0.0201822 0.00153818 0.999988 -0.00455822 -0.0201754 0.00458833 0.999786 9.32739 1.39756 0 1 1880 0 0 0 -1.35788 0.0201768 10.154 1.08 -2.14 -2.5794 8.95541 4.03129 0 -1.35788 0 10.154 1.08 -2.14 -2.5794 8.95541 4.03129 113.6 
20170507180343 0.329419 1.18433 0.179701 0 0 0 0.999781 -0.00301749 0.0206865 0.0031357 0.999979 -0.00568457 -0.0206689 0.0057482 0.99977 0.329419 1.18433 0.179701 0.0309662 -0.0690005 -0.997136 0.999781 -0.00301749 0.0206865 0.0031357 0.999979 -0.00568457 -0.0206689 0.0057482 0.99977 9.70045 1.34765 0 1 1880 0 0 0 -1.35788 0.0206704 10.154 1.08 -2.15 -2.61959 8.95541 4.00529 0 -1.35788 0 10.154 1.08 -2.15 -2.61959 8.95541 4.00529 113.7 
20170507180344 0.342819 1.08969 0.185322 0 0 0 0.999814 -0.00312063 0.0190364 0.00323389 0.999977 -0.00592175 -0.0190175 0.00598221 0.999801 0.342819 1.08969 0.185322 0.0215802 -0.0838236 -0.996247 0.999814 -0.00312063 0.0190364 0.00323389 0.999977 -0.00592175 -0.0190175 0.00598221 0.999801 9.34048 1.26478 0 1 1880 0 0 0 -1.35788 0.0190186 10.154 1.08 -2.15 -2.61959 8.95541 4.00529 0 -1.35788 0 10.154 1.08 -2.15 -2.61959 8.95541 4.00529 113.7 
20170507180344 0.380636 0.98849 0.118424 0 0 0 0.999849 -0.00195224 0.0172649 0.00206659 0.999976 -0.00660763 -0.0172516 0.00664231 0.999829 0.380636 0.98849 0.118424 0.0427738 -0.0594907 -0.997312 0.999849 -0.00195224 0.0172649 0.00206659 0.999976 -0.00660763 -0.0172516 0.00664231 0.999829 8.70911 1.29118 0 1 1880 0 0 0 -1.35788 0.0172524 10.154 1.08 -2.15 -2.61959 8.95541 4.00529 0 -1.35788 0 10.154 1.08 -2.15 -2.61959 8.95541 4.00529 113.7 
20170507180344 0.256207 1.31614 -0.0781731 0 0 0 0.999735 0.00146707 0.0229627 -0.00136402 0.999989 -0.00450297 -0.022969 0.00447046 0.999726 0.256207 1.31614 -0.0781731 -0.158364 -0.183375 -0.970203 0.999735 0.00146707 0.0229627 -0.00136402 0.999989 -0.00450297 -0.022969 0.00447046 0.999726 8.65866 1.22897 0 1 1879 0 0 0 -1.35788 0.022971 10.154 1.08 -2.14 -2.5794 8.95541 4.03129 0 -1.35788 0 10.154 1.08 -2.14 -2.5794 8.95541 4.03129 113.6 
20170507180344 0.276947 1.33046 -0.12539 0 0 0 0.999728 0.00230067 0.023208 -0.00218787 0.999986 -0.00488441 -0.0232189 0.00483231 0.999719 0.276947 1.33046 -0.12539 -0.162411 -0.201597 -0.96591 0.999728 0.00230067 0.023208 -0.00218787 0.999986 -0.00488441 -0.0232189 0.00483231 0.999719 8.80498 1.31269 0 1 1879 0 0 0 -1.35788 0.023221 10.154 1.08 -2.15 -2.61959 8.95541 4.00529 0 -1.35788 0 10.154 1.08 -2.15 -2.61959 8.95541 4.00529 113.7 
20170507180344 0.493261 1.09281 0.2336 0 0 0 0.99981 -0.00391274 0.0191062 0.00407634 0.999955 -0.0085311 -0.019072 0.00860736 0.999781 0.493261 1.09281 0.2336 -0.521938 0.118159 0.84476 0.99981 -0.00391274 0.0191062 0.00407634 0.999955 -0.0085311 -0.019072 0.00860736 0.999781 9.17323 1.44965 0 1 1879 0 0 0 -1.35788 0.0190732 10.154 1.07 -2.15 -2.66847 8.90711 4.08004 0 -1.35788 0 10.154 1.07 -2.15 -2.66847 8.90711 4.08004 113.7 
20170507180344 0.503703 1.08077 0.273852 0 0 0 0.999811 -0.00461361 0.0189029 0.00477876 0.999951 -0.00870091 -0.0188619 0.00878959 0.999783 0.503703 1.08077 0.273852 -0.508039 0.123293 0.852464 0.999811 -0.00461361 0.0189029 0.00477876 0.999951 -0.00870091 -0.0188619 0.00878959 0.999783 9.31909 1.39043 0 1 1879 0 0 0 -1.35788 0.018863 10.154 1.09 -2.14 -2.53101 9.00282 3.95565 0 -1.35788 0 10.154 1.09 -2.14 -2.53101 9.00282 3.95565 113.7 
20170507180345 0.441765 1.04703 0.335283 0 0 0 0.999816 -0.00571069 0.0183173 0.00585078 0.999954 -0.00760312 -0.0182731 0.00770889 0.999803 0.441765 1.04703 0.335283 -0.472299 0.125397 0.872473 0.999816 -0.00571069 0.0183173 0.00585078 0.999954 -0.00760312 -0.0182731 0.00770889 0.999803 9.17496 1.42829 0 1 1879 0 0 0 -1.35788 0.0182741 10.154 1.08 -2.15 -2.61959 8.95541 4.00529 0 -1.35788 0 10.154 1.08 -2.15 -2.61959 8.95541 4.00529 113.8 
20170507180345 0.51409 1.2028 0.368696 0 0 0 0.999759 -0.00624631 0.0210477 0.00643349 0.99994 -0.00883718 -0.0209913 0.00897046 0.999739 0.51409 1.2028 0.368696 -0.245464 0.132131 0.960359 0.999759 -0.00624631 0.0210477 0.00643349 0.99994 -0.00883718 -0.0209913 0.00897046 0.999739 8.78178 1.42206 0 1 1877 0 0 0 -1.35788 0.0209928 10.154 1.07 -2.14 -2.62754 8.90711 4.10652 0 -1.35788 0 10.154 1.07 -2.14 -2.62754 8.90711 4.10652 113.7 
20170507180345 0.429124 1.11059 0.366255 0 0 0 0.999792 -0.00624698 0.0194292 0.00639112 0.999952 -0.0073655 -0.0193822 0.00748814 0.999784 0.429124 1.11059 0.366255 -0.266027 0.14512 0.952979 0.999792 -0.00624698 0.0194292 0.00639112 0.999952 -0.0073655 -0.0193822 0.00748814 0.999784 8.41688 1.61853 0 1 1877 0 0 0 -1.35788 0.0193834 10.154 1.08 -2.13 -2.53896 8.95541 4.05688 0 -1.35788 0 10.154 1.08 -2.13 -2.53896 8.95541 4.05688 113.8 
20170507180345 0.320848 1.31271 0.367489 0 0 0 0.999717 -0.00628546 0.0229442 0.00641216 0.999965 -0.00545277 -0.0229091 0.00559835 0.999722 0.320848 1.31271 0.367489 0.185571 -0.0700924 -0.980128 0.999717 -0.00628546 0.0229442 0.00641216 0.999965 -0.00545277 -0.0229091 0.00559835 0.999722 9.2386 2.10781 0 1 1877 0 0 0 -1.35788 0.0229111 10.154 1.09 -2.13 -2.49133 9.00282 3.98077 0 -1.35788 0 10.154 1.09 -2.13 -2.49133 9.00282 3.98077 113.8 
20170507180345 0.259201 1.36015 0.475038 0 0 0 0.999684 -0.00818342 0.0237732 0.00828854 0.999956 -0.00432694 -0.0237368 0.00452262 0.999708 0.259201 1.36015 0.475038 0.186584 -0.0587901 -0.980678 0.999684 -0.00818342 0.0237732 0.00828854 0.999956 -0.00432694 -0.0237368 0.00452262 0.999708 9.95557 2.58329 0 1 1877 0 0 0 -1.33737 0.023739 10.154 1.09 -2.14 -2.53101 9.00282 3.95565 0 -1.33737 0 10.154 1.09 -2.14 -2.53101 9.00282 3.95565 113.6 
20170507180345 0.305666 1.32905 0.591927 0 0 0 0.999678 -0.010207 0.0232478 0.0103281 0.999934 -0.00509496 -0.0231942 0.00533342 0.999717 0.305666 1.32905 0.591927 0.175353 -0.0073479 -0.984478 0.999678 -0.010207 0.0232478 0.0103281 0.999934 -0.00509496 -0.0231942 0.00533342 0.999717 10.1001 3.03062 0 1 1877 0 0 0 -1.33855 0.0231963 10.154 1.09 -2.15 -2.57044 9.00282 3.93015 0 -1.33855 0 10.154 1.09 -2.15 -2.57044 9.00282 3.93015 113.8 
20170507180346 0.199496 1.46534 0.351856 0 0 0 0.999654 -0.00605193 0.025593 0.006139 0.999976 -0.00332474 -0.0255723 0.00348071 0.999667 0.199496 1.46534 0.351856 -0.033202 0.0479106 -0.9983 0.999654 -0.00605193 0.025593 0.006139 0.999976 -0.00332474 -0.0255723 0.00348071 0.999667 10.1474 3.60362 0 1 1877 0 0 0 -1.33855 0.025575 10.154 1.09 -2.16 -2.60961 9.00282 3.90425 0 -1.33855 0 10.154 1.09 -2.16 -2.60961 9.00282 3.90425 113.8 
20170507180346 0.0850101 1.47438 0.349594 0 0 0 0.99965 -0.00606335 0.0257385 0.00609951 0.999981 -0.00132669 -0.02573 0.00148321 0.999668 0.0850101 1.47438 0.349594 -0.101119 0.0298556 -0.994426 0.99965 -0.00606335 0.0257385 0.00609951 0.999981 -0.00132669 -0.02573 0.00148321 0.999668 9.94962 4.08568 0 1 1875 0 0 0 -1.33855 0.0257328 10.154 1.1 -2.17 -2.59761 9.04933 3.80342 0 -1.33855 0 10.154 1.1 -2.17 -2.59761 9.04933 3.80342 113.8 
20170507180346 -0.0986231 1.60729 0.417575 0 0 0 0.99958 -0.00733626 0.0280355 0.00728512 0.999972 0.00192567 -0.0280488 -0.00172062 0.999605 -0.0986231 1.60729 0.417575 -0.157604 0.0194498 -0.987311 0.99958 -0.00733626 0.0280355 0.00728512 0.999972 0.00192567 -0.0280488 -0.00172062 0.999605 10.489 4.60558 0 1 1875 0 0 0 -1.33855 0.0280525 10.154 1.1 -2.17 -2.59761 9.04933 3.80342 0 -1.33855 0 10.154 1.1 -2.17 -2.59761 9.04933 3.80342 113.8 
20170507180346 0.174681 2.36928 0.293637 0 0 0 0.999132 -0.00499885 0.0413549 0.00512053 0.999983 -0.00283685 -0.04134 0.00304615 0.99914 0.174681 2.36928 0.293637 -0.433333 0.108985 -0.89462 0.999132 -0.00499885 0.0413549 0.00512053 0.999983 -0.00283685 -0.04134 0.00304615 0.99914 10.1215 4.85882 0 1 1875 0 0 0 -1.33855 0.0413518 10.154 1.11 -2.18 -2.58361 9.09494 3.70285 0 -1.33855 0 10.154 1.11 -2.18 -2.58361 9.09494 3.70285 113.7 
20170507180346 -0.100146 1.45954 0.360769 0 0 0 0.999656 -0.00634107 0.0254595 0.00629452 0.999978 0.00190822 -0.025471 -0.0017473 0.999674 -0.100146 1.45954 0.360769 -0.15554 0.0218456 -0.987588 0.999656 -0.00634107 0.0254595 0.00629452 0.999978 0.00190822 -0.025471 -0.0017473 0.999674 9.92583 5.03618 0 1 1875 0 0 0 -1.33952 0.0254738 10.154 1.1 -2.18 -2.63552 9.04933 3.77725 0 -1.33952 0 10.154 1.1 -2.18 -2.63552 9.04933 3.77725 113.7 
20170507180346 0.0126638 1.92812 0.298175 0 0 0 0.99942 -0.00519668 0.0336464 0.00520117 0.999986 -4.59266e-05 -0.0336457 0.0002209 0.999434 0.0126638 1.92812 0.298175 -0.292542 0.0681129 -0.953824 0.99942 -0.00519668 0.0336464 0.00520117 0.999986 -4.59266e-05 -0.0336457 0.0002209 0.999434 9.54476 5.13857 0 1 1875 0 0 0 -1.33952 0.033652 10.154 1.1 -2.18 -2.63552 9.04933 3.77725 0 -1.33952 0 10.154 1.1 -2.18 -2.63552 9.04933 3.77725 113.7 
20170507180347 0.00104641 1.29587 0.424416 0 0 0 0.999717 -0.00740697 0.0226148 0.00740549 0.999973 0.000149258 -0.0226153 1.82587e-05 0.999744 0.00104641 1.29587 0.424416 -0.148886 0.0816946 -0.985474 0.999717 -0.00740697 0.0226148 0.00740549 0.999973 0.000149258 -0.0226153 1.82587e-05 0.999744 8.79853 5.09953 0 1 1875 0 0 0 -1.33855 0.0226173 10.154 1.11 -2.17 -2.54645 9.09494 3.7285 0 -1.33855 0 10.154 1.11 -2.17 -2.54645 9.09494 3.7285 113.8 
20170507180347 -0.281906 1.24033 0.0832326 0 0 0 0.999765 -0.00155917 0.0216387 0.00145234 0.999987 0.00495161 -0.0216461 -0.00491901 0.999754 -0.281906 1.24033 0.0832326 -0.118836 -0.0558404 -0.991342 0.999765 -0.00155917 0.0216387 0.00145234 0.999987 0.00495161 -0.0216461 -0.00491901 0.999754 8.76125 5.05916 0 1 1875 0 0 0 -1.3601 0.0216478 10.154 1.11 -2.16 -2.50904 9.09494 3.75378 0 -1.3601 0 10.154 1.11 -2.16 -2.50904 9.09494 3.75378 113.8 
20170507180347 -0.313712 1.23611 0.124492 0 0 0 0.999765 -0.00229088 0.0215602 0.00217229 0.999982 0.00552214 -0.0215725 -0.00547401 0.999752 -0.313712 1.23611 0.124492 -0.0809988 -0.0603749 -0.994884 0.999765 -0.00229088 0.0215602 0.00217229 0.999982 0.00552214 -0.0215725 -0.00547401 0.999752 9.47172 5.40384 0 1 1875 0 0 0 -1.35788 0.0215742 10.154 1.11 -2.16 -2.50904 9.09494 3.75378 0 -1.35788 0 10.154 1.11 -2.16 -2.50904 9.09494 3.75378 113.6 
20170507180347 -0.290457 1.39082 0.0716613 0 0 0 0.999705 -0.00137375 0.0242653 0.00125036 0.999986 0.00509975 -0.024272 -0.00506791 0.999693 -0.290457 1.39082 0.0716613 -0.0777402 -0.0579931 -0.995286 0.999705 -0.00137375 0.0242653 0.00125036 0.999986 0.00509975 -0.024272 -0.00506791 0.999693 10.3158 5.8664 0 1 1875 0 0 0 -1.35788 0.0242743 10.154 1.11 -2.16 -2.50904 9.09494 3.75378 0 -1.35788 0 10.154 1.11 -2.16 -2.50904 9.09494 3.75378 113.7 
20170507180347 -0.209763 1.61542 0.25716 0 0 0 0.999592 -0.00459144 0.0281737 0.00448648 0.999983 0.00378753 -0.0281906 -0.00365958 0.999596 -0.209763 1.61542 0.25716 -0.0476362 -0.0527253 -0.997472 0.999592 -0.00459144 0.0281737 0.00448648 0.999983 0.00378753 -0.0281906 -0.00365958 0.999596 11.1811 6.36864 0 1 1871 0 0 0 -1.35907 0.0281943 10.154 1.1 -2.14 -2.48236 9.04933 3.87962 0 -1.35907 0 10.154 1.1 -2.14 -2.48236 9.04933 3.87962 113.7 
20170507180347 -0.510341 0.839361 0.456483 0 0 0 0.999861 -0.00809721 0.0145771 0.00796619 0.999928 0.00902343 -0.0146491 -0.00890606 0.999853 -0.510341 0.839361 0.456483 0.197015 -0.224616 -0.954323 0.999861 -0.00809721 0.0145771 0.00796619 0.999928 0.00902343 -0.0146491 -0.00890606 0.999853 12.1612 6.93144 0 1 1868 0 0 0 -1.33737 0.0146496 10.154 1.1 -2.14 -2.48236 9.04933 3.87962 0 -1.33737 0 10.154 1.1 -2.14 -2.48236 9.04933 3.87962 113.7 
20170507180348 0.0810671 0.740275 0.426633 0 0 0 0.999889 -0.0074278 0.01293 0.00744547 0.999971 -0.00131865 -0.0129199 0.00141477 0.999916 0.0810671 0.740275 0.426633 0.163518 -0.0382461 -0.985799 0.999889 -0.0074278 0.01293 0.00744547 0.999971 -0.00131865 -0.0129199 0.00141477 0.999916 12.3856 7.1075 0 1 1858 0 0 0 -1.35788 0.0129202 10.154 1.09 -2.14 -2.53101 9.00282 3.95565 0 -1.35788 0 10.154 1.09 -2.14 -2.53101 9.00282 3.95565 113.7 
20170507180348 0.118019 1.03326 0.448437 0 0 0 0.999807 -0.00778946 0.0180483 0.00782535 0.999968 -0.00191862 -0.0180327 0.00205948 0.999835 0.118019 1.03326 0.448437 0.0803642 -0.0450775 -0.995746 0.999807 -0.00778946 0.0180483 0.00782535 0.999968 -0.00191862 -0.0180327 0.00205948 0.999835 12.5314 7.05116 0 1 1854 0 0 0 -1.35907 0.0180337 10.154 1.08 -2.14 -2.5794 8.95541 4.03129 0 -1.35907 0 10.154 1.08 -2.14 -2.5794 8.95541 4.03129 113.7 
20170507180348 -0.92096 0.601143 0.506197 0 0 0 0.999906 -0.00900218 0.010348 0.0088342 0.99983 0.0161652 -0.0104917 -0.0160722 0.999816 -0.92096 0.601143 0.506197 0.167687 -0.289508 -0.942373 0.999906 -0.00900218 0.010348 0.0088342 0.99983 0.0161652 -0.0104917 -0.0160722 0.999816 12.5545 6.91802 0 1 1854 0 0 0 -1.35907 0.0104919 10.154 1.08 -2.15 -2.61959 8.95541 4.00529 0 -1.35907 0 10.154 1.08 -2.15 -2.61959 8.95541 4.00529 113.8 
20170507180348 -0.315159 0.511307 0.417236 0 0 0 0.999934 -0.00733105 0.00888345 0.00728179 0.999958 0.00556537 -0.00892388 -0.00550032 0.999945 -0.315159 0.511307 0.417236 0.120978 -0.156039 -0.980314 0.999934 -0.00733105 0.00888345 0.00728179 0.999958 0.00556537 -0.00892388 -0.00550032 0.999945 12.7233 6.96949 0 1 1854 0 0 0 -1.35907 0.008924 10.154 1.08 -2.16 -2.65951 8.95541 3.9789 0 -1.35907 0 10.154 1.08 -2.16 -2.65951 8.95541 3.9789 113.7 
20170507180348 -0.625709 0.942207 0.408179 0 0 0 0.999839 -0.00730316 0.0163647 0.00712305 0.999914 0.0110373 -0.0164439 -0.010919 0.999805 -0.625709 0.942207 0.408179 0.0365709 -0.217782 -0.975312 0.999839 -0.00730316 0.0163647 0.00712305 0.999914 0.0110373 -0.0164439 -0.010919 0.999805 13.3601 7.29377 0 1 1852 0 0 0 -1.35907 0.0164446 10.154 1.09 -2.16 -2.60961 9.00282 3.90425 0 -1.35907 0 10.154 1.09 -2.16 -2.60961 9.00282 3.90425 113.7 
20170507180348 -0.0100919 1.50726 0.453181 0 0 0 0.999623 -0.00791404 0.0263013 0.00790667 0.999969 0.000384177 -0.0263036 -0.000176076 0.999654 -0.0100919 1.50726 0.453181 -0.109403 -0.0434501 -0.993047 0.999623 -0.00791404 0.0263013 0.00790667 0.999969 0.000384177 -0.0263036 -0.000176076 0.999654 14.227 7.84246 0 1 1848 0 0 0 -1.3601 0.0263066 10.154 1.08 -2.17 -2.69916 8.95541 3.9521 0 -1.3601 0 10.154 1.08 -2.17 -2.69916 8.95541 3.9521 113.7 
20170507180349 0.0584835 0.791365 0.585541 0 0 0 0.999852 -0.0102053 0.0138212 0.0102185 0.999947 -0.000879531 -0.0138115 0.00102063 0.999904 0.0584835 0.791365 0.585541 0.0630118 -0.0483888 -0.996839 0.999852 -0.0102053 0.0138212 0.0102185 0.999947 -0.000879531 -0.0138115 0.00102063 0.999904 14.9168 8.29193 0 1 1843 0 0 0 -1.33952 0.0138119 10.154 1.09 -2.18 -2.68717 9.00282 3.85128 0 -1.33952 0 10.154 1.09 -2.18 -2.68717 9.00282 3.85128 113.8 
20170507180349 0.618295 0.162552 0.326939 0 0 0 0.99998 -0.00567519 0.00289843 0.00570612 0.999926 -0.0107747 -0.00283707 0.010791 0.999938 0.618295 0.162552 0.326939 0.123936 0.0865421 -0.988509 0.99998 -0.00567519 0.00289843 0.00570612 0.999926 -0.0107747 -0.00283707 0.010791 0.999938 15.7882 8.77704 0 1 1841 0 0 0 -1.33855 0.00283707 10.154 1.09 -2.18 -2.68717 9.00282 3.85128 0 -1.33855 0 10.154 1.09 -2.18 -2.68717 9.00282 3.85128 113.8 
20170507180349 0.261648 1.80811 0.549548 0 0 0 0.999456 -0.00944709 0.0315943 0.0095865 0.999945 -0.00426377 -0.0315523 0.00456433 0.999492 0.261648 1.80811 0.549548 -0.0625494 -0.0135469 -0.99795 0.999456 -0.00944709 0.0315943 0.0095865 0.999945 -0.00426377 -0.0315523 0.00456433 0.999492 16.1384 8.87483 0 1 1841 0 0 0 -1.33952 0.0315575 10.154 1.1 -2.18 -2.63552 9.04933 3.77725 0 -1.33952 0 10.154 1.1 -2.18 -2.63552 9.04933 3.77725 113.9 
20170507180349 -0.396148 0.708178 0.207723 0 0 0 0.999917 -0.00371081 0.0123343 0.00362516 0.999969 0.0069588 -0.0123597 -0.00691351 0.9999 -0.396148 0.708178 0.207723 -0.00789495 -0.0932889 -0.995608 0.999917 -0.00371081 0.0123343 0.00362516 0.999969 0.0069588 -0.0123597 -0.00691351 0.9999 16.2679 8.76402 0 1 1841 0 0 0 -1.35871 0.01236 10.154 1.1 -2.18 -2.63552 9.04933 3.77725 0 -1.35871 0 10.154 1.1 -2.18 -2.63552 9.04933 3.77725 113.9 
20170507180349 -0.0427584 0.651099 0.249004 0 0 0 0.999926 -0.0043544 0.0113602 0.00434564 0.99999 0.000795654 -0.0113636 -0.000746228 0.999935 -0.0427584 0.651099 0.249004 0.0160046 -0.0547554 -0.998372 0.999926 -0.0043544 0.0113602 0.00434564 0.99999 0.000795654 -0.0113636 -0.000746228 0.999935 16.5879 8.66353 0 1 1840 0 0 0 -1.35788 0.0113638 10.154 1.11 -2.17 -2.54645 9.09494 3.7285 0 -1.35788 0 10.154 1.11 -2.17 -2.54645 9.09494 3.7285 113.9 
20170507180349 -0.0343668 0.818196 0.307254 0 0 0 0.999884 -0.00537112 0.0142763 0.00536201 0.999985 0.000676382 -0.0142797 -0.000599753 0.999898 -0.0343668 0.818196 0.307254 -0.0264692 -0.0657992 -0.997482 0.999884 -0.00537112 0.0142763 0.00536201 0.999985 0.000676382 -0.0142797 -0.000599753 0.999898 17.1151 8.73551 0 1 1837 0 0 0 -1.35788 0.0142802 10.154 1.1 -2.18 -2.63552 9.04933 3.77725 0 -1.35788 0 10.154 1.1 -2.18 -2.63552 9.04933 3.77725 113.8 
20170507180350 -0.0291207 0.438958 0.466646 0 0 0 0.999937 -0.00814832 0.00765679 0.00814419 0.999967 0.000570631 -0.00766118 -0.000508237 0.999971 -0.0291207 0.438958 0.466646 0.00223733 -0.048049 -0.998842 0.999937 -0.00814832 0.00765679 0.00814419 0.999967 0.000570631 -0.00766118 -0.000508237 0.999971 17.5645 8.85857 0 1 1836 0 0 0 -1.35788 0.00766126 10.154 1.1 -2.19 -2.67316 9.04933 3.75071 0 -1.35788 0 10.154 1.1 -2.19 -2.67316 9.04933 3.75071 113.9 
20170507180350 -0.250715 0.498387 0.122846 0 0 0 0.99996 -0.00218212 0.0086889 0.00214399 0.999988 0.00439443 -0.00869839 -0.00437562 0.999953 -0.250715 0.498387 0.122846 -0.0313294 -0.0989449 -0.9946 0.99996 -0.00218212 0.0086889 0.00214399 0.999988 0.00439443 -0.00869839 -0.00437562 0.999953 18.2565 9.44023 0 1 1836 0 0 0 -1.35788 0.0086985 10.154 1.1 -2.2 -2.71053 9.04933 3.72379 0 -1.35788 0 10.154 1.1 -2.2 -2.71053 9.04933 3.72379 113.8 
20170507180350 -0.601553 -0.0423871 0.867836 0 0 0 0.999885 -0.0151374 -0.000898684 0.015146 0.99983 0.0104865 0.000739794 -0.0104989 0.999945 -0.601553 -0.0423871 0.867836 0.0613785 -0.151075 -0.986615 0.999885 -0.0151374 -0.000898684 0.015146 0.99983 0.0104865 0.000739794 -0.0104989 0.999945 18.8957 9.71754 0 1 1835 0 0 0 -1.37831 -0.000739794 10.154 1.09 -2.21 -2.80148 9.00282 3.76894 0 -1.37831 0 10.154 1.09 -2.21 -2.80148 9.00282 3.76894 113.9 
20170507180350 0.0253447 2.08702 0.432458 0 0 0 0.999308 -0.00753164 0.0364197 0.00754274 0.999972 -0.000167467 -0.0364174 0.000442056 0.999337 0.0253447 2.08702 0.432458 -0.250551 -0.0523392 -0.966688 0.999308 -0.00753164 0.0364197 0.00754274 0.999972 -0.000167467 -0.0364174 0.000442056 0.999337 19.7157 10.2148 0 1 1835 0 0 0 -1.37831 0.0364255 10.154 1.11 -2.2 -2.65714 9.09494 3.65044 0 -1.37831 0 10.154 1.11 -2.2 -2.65714 9.09494 3.65044 113.8 
20170507180350 -0.793328 0.0737934 0.496425 0.0174761 -0.150963 -0.988385 0.999962 -0.00868114 0.0011678 0.00866413 0.999866 0.0138564 -0.00128794 -0.0138457 0.999903 -0.793328 0.0737934 0.496425 0.0174761 -0.150963 -0.988385 0.999962 -0.00868114 0.0011678 0.00866413 0.999866 0.0138564 -0.00128794 -0.0138457 0.999903 20.2617 10.4501 1 1 1832 0 0 0 -1.37831 0.00128794 10.154 1.1 -2.21 -2.74763 9.04933 3.6965 0 -1.37831 0 12.73 0.978136 -0.231895 6.92024 10.559 1.63417 113.9 
20170507180350 0.462806 1.06294 -0.0513751 -0.148055 -0.0182891 -0.98881 0.999828 0.00104648 0.0185429 -0.00089651 0.999967 -0.00809403 -0.0185507 0.00807601 0.999795 0.462806 1.06294 -0.0513751 -0.148055 -0.0182891 -0.98881 0.999828 0.00104648 0.0185429 -0.00089651 0.999967 -0.00809403 -0.0185507 0.00807601 0.999795 20.592 10.6352 1 1 1831 0 0 0 -1.37831 0.0185518 10.154 1.09 -2.22 -2.83903 9.00282 3.74074 0 -1.37831 0 12.0996 0.862043 -0.432693 7.14968 9.18571 3.30233 114 
20170507180351 0.488601 1.08309 0.00909702 -0.153212 -0.0141852 -0.988091 0.999821 2.42493e-06 0.0189031 0.000158745 0.999964 -0.00852459 -0.0189024 0.00852607 0.999785 0.488601 1.08309 0.00909702 -0.153212 -0.0141852 -0.988091 0.999821 2.42493e-06 0.0189031 0.000158745 0.999964 -0.00852459 -0.0189024 0.00852607 0.999785 21.0067 10.8573 1 1 1831 0 0 0 -1.37831 0.0189035 10.154 1.11 -2.21 -2.69351 9.09494 3.62369 0 -1.37831 0 12.209 0.858032 -0.417505 7.29801 9.23679 3.23728 114 
20170507180351 0.366461 0.968756 -0.132733 -0.143561 -0.0190855 -0.989457 0.999854 0.00242472 0.016892 -0.0023163 0.999977 -0.00643507 -0.0169072 0.006395 0.999837 0.366461 0.968756 -0.132733 -0.143561 -0.0190855 -0.989457 0.999854 0.00242472 0.016892 -0.0023163 0.999977 -0.00643507 -0.0169072 0.006395 0.999837 21.5849 11.3201 1 1 1831 0 0 0 -1.37831 0.016908 10.154 1.1 -2.21 -2.74763 9.04933 3.6965 0 -1.37831 0 12.1698 0.862196 -0.417703 7.23884 9.24019 3.21274 113.9 
20170507180351 -0.226656 -0.424426 0.203368 0.0279322 -0.103195 -0.994269 0.999966 -0.0035201 -0.0074215 0.00354933 0.999986 0.00392957 0.00740757 -0.00395578 0.999965 -0.226656 -0.424426 0.203368 0.0279322 -0.103195 -0.994269 0.999966 -0.0035201 -0.0074215 0.00354933 0.999986 0.00392957 0.00740757 -0.00395578 0.999965 22.1646 11.5365 1 1 1830 0 0 0 -1.37831 -0.00740763 10.154 1.09 -2.21 -2.80148 9.00282 3.76894 0 -1.37831 0 12.2842 0.955993 -0.226724 6.90415 10.0348 1.59272 114 
20170507180351 -0.486594 -0.212825 0.256023 0.0415921 -0.106893 -0.9934 0.999983 -0.00443673 -0.00375226 0.0044684 0.999954 0.00847588 0.00371448 -0.0084925 0.999957 -0.486594 -0.212825 0.256023 0.0415921 -0.106893 -0.9934 0.999983 -0.00443673 -0.00375226 0.0044684 0.999954 0.00847588 0.00371448 -0.0084925 0.999957 23.1217 12.0147 1 1 1830 0 0 0 -1.35788 -0.00371449 10.154 1.11 -2.19 -2.6205 9.09494 3.67683 0 -1.35788 0 12.3973 0.961136 -0.165746 7.0013 10.1639 1.17118 113.9 
20170507180351 0.921334 0.746416 0.365418 -0.017434 0.0925457 -0.995556 0.999895 -0.00616741 0.0131277 0.00637716 0.999852 -0.0159962 -0.013027 0.0160783 0.999786 0.921334 0.746416 0.365418 -0.017434 0.0925457 -0.995556 0.999895 -0.00616741 0.0131277 0.00637716 0.999852 -0.0159962 -0.013027 0.0160783 0.999786 24.1789 12.5319 1 1 1827 0 0 0 -1.35907 0.0130274 10.154 1.09 -2.19 -2.72554 9.00282 3.82421 0 -1.35907 0 10.8851 0.836131 -0.263782 7.04434 8.07737 1.9025 113.9 
20170507180352 -0.141326 0.174899 0.359816 0.058542 -0.0149369 -0.998173 0.999976 -0.00628744 0.00303699 0.0062799 0.999977 0.00248572 -0.00305255 -0.00246659 0.999992 -0.141326 0.174899 0.359816 0.058542 -0.0149369 -0.998173 0.999976 -0.00628744 0.00303699 0.0062799 0.999977 0.00248572 -0.00305255 -0.00246659 0.999992 25.1671 13.076 1 1 1826 0 0 0 -1.37834 0.00305256 10.8355 1.08 -2.17 -2.88031 9.55645 4.21735 0 -1.37834 0 11.9799 0.944451 -0.249428 6.80515 9.70582 1.73349 113.9 
20170507180352 -0.19585 -0.143169 0.326303 0.103133 -0.0148539 -0.994557 0.999981 -0.00568645 -0.00251817 0.00569501 0.999978 0.00340393 0.00249876 -0.00341821 0.999991 -0.19585 -0.143169 0.326303 0.103133 -0.0148539 -0.994557 0.999981 -0.00568645 -0.00251817 0.00569501 0.999978 0.00340393 0.00249876 -0.00341821 0.999991 25.5373 13.2471 1 1 1826 0 0 0 -1.37834 -0.00249876 10.8355 1.09 -2.14 -2.70087 9.60704 4.22113 0 -1.37834 0 11.9996 0.949274 -0.188099 6.8638 9.75558 1.30652 113.9 
20170507180352 0.0821558 -1.00169 0.466061 0.184802 -0.0283702 -0.982366 0.999814 -0.00815926 -0.0174696 0.00813296 0.999966 -0.00157604 0.0174819 0.00143367 0.999846 0.0821558 -1.00169 0.466061 0.184802 -0.0283702 -0.982366 0.999814 -0.00815926 -0.0174696 0.00813296 0.999966 -0.00157604 0.0174819 0.00143367 0.999846 24.5376 12.4855 1 1 1824 0 0 0 -1.37932 -0.0174828 10.8355 1.1 -2.08 -2.39594 9.65667 4.29139 0 -1.37932 0 12.1137 0.962439 -0.0878856 6.89651 9.94037 0.607669 114.1 
20170507180352 0.716912 -1.90054 0.530803 0.297515 0.0627846 -0.952651 0.999407 -0.00967835 -0.0330447 0.00925904 0.999875 -0.0128188 0.0331647 0.0125053 0.999372 0.716912 -1.90054 0.530803 0.297515 0.0627846 -0.952651 0.999407 -0.00967835 -0.0330447 0.00925904 0.999875 -0.0128188 0.0331647 0.0125053 0.999372 23.4822 11.8604 1 1 1824 0 0 0 -1.39962 -0.0331708 10.8355 1.06 -2.03 -2.34789 9.4524 4.74841 0 -1.39962 0 10.9811 0.933336 -0.029691 6.53261 8.82455 0.194017 113.8 
20170507180352 0.79515 -0.874358 0.525224 0.206194 0.0705804 -0.975962 0.999842 -0.00937763 -0.0151305 0.00916569 0.99986 -0.0140168 0.0152598 0.0138759 0.999787 0.79515 -0.874358 0.525224 0.206194 0.0705804 -0.975962 0.999842 -0.00937763 -0.0151305 0.00916569 0.99986 -0.0140168 0.0152598 0.0138759 0.999787 22.5306 11.3782 1 1 1823 0 0 0 -1.39962 -0.0152604 10.8355 1.05 -1.98 -2.14513 9.39896 4.9463 0 -1.39962 0 11.3067 0.877038 -0.174055 7.12063 8.69315 1.25205 113.9 
20170507180352 -0.124145 -2.25424 0.616276 0.387496 -0.066498 -0.91947 0.999168 -0.0106706 -0.0393547 0.0107475 0.999941 0.00174354 0.0393337 -0.00216505 0.999224 -0.124145 -2.25424 0.616276 0.387496 -0.066498 -0.91947 0.999168 -0.0106706 -0.0393547 0.0107475 0.999941 0.00174354 0.0393337 -0.00216505 0.999224 21.4412 10.7969 1 1 1823 0 0 0 -1.41985 -0.0393439 10.9718 1.05 -1.93 -1.91908 9.51718 5.11082 0 -1.41985 0 12.1282 0.996443 0.0155954 6.58835 10.1822 -0.102756 113.9 
20170507180353 -0.362853 -2.01347 0.289839 0.372578 -0.122804 -0.91984 0.99937 -0.00483602 -0.0351653 0.0050555 0.999968 0.00615512 0.0351344 -0.00632902 0.999363 -0.362853 -2.01347 0.289839 0.372578 -0.122804 -0.91984 0.99937 -0.00483602 -0.0351653 0.0050555 0.999968 0.00615512 0.0351344 -0.00632902 0.999363 20.4742 10.3852 1 1 1823 0 0 0 -1.42084 -0.0351416 10.9718 1.05 -1.9 -1.76492 9.51718 5.16608 0 -1.42084 0 12.7025 1.00828 -0.0159328 6.77364 10.7452 0.107933 113.9 
20170507180353 -0.279945 -1.9627 0.178221 0 0 0 0.999408 -0.00294316 -0.0342636 0.00310871 0.999984 0.00477939 0.034249 -0.00488308 0.999401 -0.279945 -1.9627 0.178221 0 0 0 0.999408 -0.00294316 -0.0342636 0.00310871 0.999984 0.00477939 0.034249 -0.00488308 0.999401 19.661 9.97564 0 1 1823 0 0 0 -1.41912 -0.0342557 10.9718 1.03 -1.84 -1.50229 9.4061 5.44504 0 -1.41912 0 10.9718 1.03 -1.84 -1.50229 9.4061 5.44504 114 
20170507180353 0.266232 -3.01778 -0.164101 0 0 0 0.998609 0.00261945 -0.0526583 -0.00286013 0.999986 -0.00449581 0.0526458 0.00464017 0.998602 0.266232 -3.01778 -0.164101 0 0 0 0.998609 0.00261945 -0.0526583 -0.00286013 0.999986 -0.00449581 0.0526458 0.00464017 0.998602 19.0489 9.63248 0 1 1822 0 0 0 -1.41912 -0.0526702 10.9718 1.02 -1.82 -1.41623 9.34915 5.56488 0 -1.41912 0 10.9718 1.02 -1.82 -1.41623 9.34915 5.56488 114 
20170507180353 1.27135 -4.8427 -0.0311014 0 0 0 0.99643 -0.00133038 -0.0844116 -0.000540883 0.999755 -0.0221416 0.0844204 0.0221082 0.996185 1.27135 -4.8427 -0.0311014 0 0 0 0.99643 -0.00133038 -0.0844116 -0.000540883 0.999755 -0.0221416 0.0844204 0.0221082 0.996185 18.5483 9.26873 0 1 1822 0 0 0 -1.41912 -0.084521 10.9718 1.02 -1.76 -1.07999 9.34915 5.63979 0 -1.41912 0 10.9718 1.02 -1.76 -1.07999 9.34915 5.63979 113.9 
