20170507174843 -0.477102 -0.133739 -0.0553656 0 0 0 0.999997 0.000985714 -0.00232605 -0.000966309 0.999965 0.00832916 0.00233418 -0.00832689 0.999963 -0.477102 -0.133739 -0.0553656 0.906824 0.407839 0.106482 0.999997 0.000985714 -0.00232605 -0.000966309 0.999965 0.00832916 0.00233418 -0.00832689 0.999963 3.93991 0.789881 0 1 1756 0 0 0 -0.789423 -0.00233418 9.47254 1.05 -2.43 -3.56946 8.2167 3.07795 0 -0.789423 0 9.47254 1.05 -2.43 -3.56946 8.2167 3.07795 113.3 
20170507174843 -0.462415 -0.648791 -0.0440361 0 0 0 0.999936 0.000859936 -0.0113167 -0.000768526 0.999967 0.00807927 0.0113233 -0.00807005 0.999903 -0.462415 -0.648791 -0.0440361 0.645618 -0.0138386 -0.763536 0.999936 0.000859936 -0.0113167 -0.000768526 0.999967 0.00807927 0.0113233 -0.00807005 0.999903 5.98301 1.15182 0 1 1756 0 0 0 -0.790579 -0.0113235 9.47254 1.05 -2.43 -3.56946 8.2167 3.07795 0 -0.790579 0 9.47254 1.05 -2.43 -3.56946 8.2167 3.07795 113.3 
20170507174843 -0.509902 -0.776132 -0.0341742 0 0 0 0.999908 0.000716976 -0.0135398 -0.000596398 0.99996 0.00890743 0.0135456 -0.00889853 0.999869 -0.509902 -0.776132 -0.0341742 0.665948 0.00437134 -0.745986 0.999908 0.000716976 -0.0135398 -0.000596398 0.99996 0.00890743 0.0135456 -0.00889853 0.999869 6.78056 1.31301 0 1 1756 0 0 0 -0.790579 -0.0135461 9.47254 1.07 -2.43 -3.4443 8.30931 2.97003 0 -0.790579 0 9.47254 1.07 -2.43 -3.4443 8.30931 2.97003 113.3 
20170507174844 -0.578469 -0.855228 -0.0661031 0 0 0 0.999888 0.00130435 -0.0149136 -0.00115359 0.999948 0.0101132 0.014926 -0.0100949 0.999838 -0.578469 -0.855228 -0.0661031 0.609638 -0.0686594 -0.789701 0.999888 0.00130435 -0.0149136 -0.00115359 0.999948 0.0101132 0.014926 -0.0100949 0.999838 7.58678 1.50001 0 1 1756 0 0 0 -0.790579 -0.0149266 9.47254 1.07 -2.44 -3.47383 8.30931 2.93543 0 -0.790579 0 9.47254 1.07 -2.44 -3.47383 8.30931 2.93543 113.3 
20170507174844 -0.384341 -0.820314 -0.164226 0 0 0 0.999893 0.00296226 -0.0142971 -0.00286599 0.999973 0.00674898 0.0143167 -0.00670728 0.999875 -0.384341 -0.820314 -0.164226 0.381149 -0.370705 -0.846938 0.999893 0.00296226 -0.0142971 -0.00286599 0.999973 0.00674898 0.0143167 -0.00670728 0.999875 7.89464 1.64931 0 1 1756 0 0 0 -0.790579 -0.0143172 9.47254 1.07 -2.44 -3.47383 8.30931 2.93543 0 -0.790579 0 9.47254 1.07 -2.44 -3.47383 8.30931 2.93543 113.2 
20170507174844 -0.418859 -0.844942 -0.16011 0 0 0 0.999887 0.00290218 -0.0147256 -0.00279415 0.999969 0.00735159 0.0147465 -0.00730961 0.999865 -0.418859 -0.844942 -0.16011 0.441817 -0.366466 -0.818841 0.999887 0.00290218 -0.0147256 -0.00279415 0.999969 0.00735159 0.0147465 -0.00730961 0.999865 8.19745 1.66306 0 1 1756 0 0 0 -0.790579 -0.014747 9.47254 1.07 -2.45 -3.50301 8.30931 2.90055 0 -0.790579 0 9.47254 1.07 -2.45 -3.50301 8.30931 2.90055 113.3 
20170507174844 -0.539776 -0.978989 0.0100987 0 0 0 0.999854 -1.52879e-05 -0.0170867 0.00017623 0.999956 0.00941771 0.0170858 -0.00941935 0.99981 -0.539776 -0.978989 0.0100987 0.6116 -0.0664353 -0.788373 0.999854 -1.52879e-05 -0.0170867 0.00017623 0.999956 0.00941771 0.0170858 -0.00941935 0.99981 8.06773 1.65572 0 1 1756 0 0 0 -0.789423 -0.0170866 9.47254 1.07 -2.45 -3.50301 8.30931 2.90055 0 -0.789423 0 9.47254 1.07 -2.45 -3.50301 8.30931 2.90055 113.3 
20170507174844 -0.420378 -0.818134 -0.178066 0 0 0 0.999893 0.00321251 -0.0142554 -0.00310751 0.999968 0.00738125 0.0142787 -0.00733617 0.999871 -0.420378 -0.818134 -0.178066 0.985041 -0.160246 -0.063367 0.999893 0.00321251 -0.0142554 -0.00310751 0.999968 0.00738125 0.0142787 -0.00733617 0.999871 7.86414 1.61848 0 1 1756 0 0 0 -0.789423 -0.0142791 9.47254 1.07 -2.45 -3.50301 8.30931 2.90055 0 -0.789423 0 9.47254 1.07 -2.45 -3.50301 8.30931 2.90055 113.2 
20170507174844 -0.230889 -0.802746 0.147661 0 0 0 0.999899 -0.00252069 -0.0140203 0.00257691 0.999989 0.00399364 0.0140101 -0.00402936 0.999894 -0.230889 -0.802746 0.147661 0.45548 -0.411067 -0.789659 0.999899 -0.00252069 -0.0140203 0.00257691 0.999989 0.00399364 0.0140101 -0.00402936 0.999894 7.47295 1.5004 0 1 1756 0 0 0 -0.790579 -0.0140106 9.47254 1.06 -2.45 -3.56683 8.26342 2.9534 0 -0.790579 0 9.47254 1.06 -2.45 -3.56683 8.26342 2.9534 113.2 
20170507174845 -0.443737 -0.733255 0.128559 0 0 0 0.999916 -0.0021446 -0.0128143 0.00224359 0.999968 0.00771586 0.0127974 -0.00774396 0.999888 -0.443737 -0.733255 0.128559 -0.241777 -0.225438 -0.943781 0.999916 -0.0021446 -0.0128143 0.00224359 0.999968 0.00771586 0.0127974 -0.00774396 0.999888 6.7282 1.33127 0 1 1756 0 0 0 -0.790579 -0.0127977 9.47254 1.06 -2.44 -3.53712 8.26342 2.98892 0 -0.790579 0 9.47254 1.06 -2.44 -3.53712 8.26342 2.98892 113.3 
20170507174845 -0.349429 -0.943729 0.0995026 0 0 0 0.999863 -0.00163617 -0.0164807 0.00173641 0.99998 0.00607004 0.0164704 -0.00609783 0.999846 -0.349429 -0.943729 0.0995026 0.104714 -0.175011 -0.978982 0.999863 -0.00163617 -0.0164807 0.00173641 0.99998 0.00607004 0.0164704 -0.00609783 0.999846 6.5799 1.2923 0 1 1755 0 0 0 -0.789423 -0.0164712 9.47254 1.05 -2.45 -3.6303 8.2167 3.00595 0 -0.789423 0 9.47254 1.05 -2.45 -3.6303 8.2167 3.00595 113.3 
20170507174845 -0.341988 -1.00897 0.13119 0 0 0 0.999842 -0.00218455 -0.0176222 0.00228934 0.99998 0.00592844 0.0176089 -0.00596785 0.999827 -0.341988 -1.00897 0.13119 -0.0257524 0.078345 0.996594 0.999842 -0.00218455 -0.0176222 0.00228934 0.99998 0.00592844 0.0176089 -0.00596785 0.999827 6.84404 1.23217 0 1 1755 0 0 0 -0.789423 -0.0176098 9.47254 1.04 -2.45 -3.69341 8.16916 3.0582 0 -0.789423 0 9.47254 1.04 -2.45 -3.69341 8.16916 3.0582 113.3 
20170507174845 -0.455173 -1.06455 -0.208938 0 0 0 0.999821 0.00379412 -0.0185491 -0.00364601 0.999961 0.00801188 0.0185788 -0.00794282 0.999796 -0.455173 -1.06455 -0.208938 -0.0594265 -0.0147034 0.998124 0.999821 0.00379412 -0.0185491 -0.00364601 0.999961 0.00801188 0.0185788 -0.00794282 0.999796 7.6405 1.20019 0 1 1752 0 0 0 -0.789423 -0.0185798 9.47254 1.03 -2.45 -3.75614 8.1208 3.11015 0 -0.789423 0 9.47254 1.03 -2.45 -3.75614 8.1208 3.11015 113.4 
20170507174845 -0.0689903 -1.23995 0.0809395 0 0 0 0.999765 -0.0013866 -0.0216411 0.00141233 0.999998 0.00117354 0.0216395 -0.00120383 0.999765 -0.0689903 -1.23995 0.0809395 0.315273 -0.279386 -0.906943 0.999765 -0.0013866 -0.0216411 0.00141233 0.999998 0.00117354 0.0216395 -0.00120383 0.999765 8.66658 1.45222 0 1 1749 0 0 0 -0.789423 -0.0216412 9.47254 1.05 -2.46 -3.66018 8.2167 2.9695 0 -0.789423 0 9.47254 1.05 -2.46 -3.66018 8.2167 2.9695 113.3 
20170507174845 -0.0328962 -1.51768 0.0556118 0 0 0 0.999649 -0.000955403 -0.0264859 0.000970269 0.999999 0.000548439 0.0264854 -0.000573945 0.999649 -0.0328962 -1.51768 0.0556118 0.286172 0.0140296 0.958075 0.999649 -0.000955403 -0.0264859 0.000970269 0.999999 0.000548439 0.0264854 -0.000573945 0.999649 10.4741 1.76649 0 1 1748 0 0 0 -0.813493 -0.0264885 9.47254 1.04 -2.46 -3.7238 8.16916 3.02112 0 -0.813493 0 9.47254 1.04 -2.46 -3.7238 8.16916 3.02112 113.3 
20170507174846 0.033622 -1.81176 0.0804112 0 0 0 0.999499 -0.00142199 -0.031615 0.00140274 0.999999 -0.000631185 0.0316158 0.000586521 0.9995 0.033622 -1.81176 0.0804112 0.272765 -0.0817797 -0.958599 0.999499 -0.00142199 -0.031615 0.00140274 0.999999 -0.000631185 0.0316158 0.000586521 0.9995 11.7498 2.35672 0 1 1747 0 0 0 -0.814678 -0.0316211 9.47254 1.04 -2.45 -3.69341 8.16916 3.0582 0 -0.814678 0 9.47254 1.04 -2.45 -3.69341 8.16916 3.0582 113.1 
20170507174846 0.148762 -1.85293 0.163387 0 0 0 0.999473 -0.00293557 -0.0323265 0.00285014 0.999992 -0.00268857 0.0323341 0.00259502 0.999474 0.148762 -1.85293 0.163387 0.064217 0.169139 0.983498 0.999473 -0.00293557 -0.0323265 0.00285014 0.999992 -0.00268857 0.0323341 0.00259502 0.999474 12.9123 2.63368 0 1 1746 0 0 0 -0.813493 -0.0323398 9.47254 1.02 -2.45 -3.8185 8.07162 3.16178 0 -0.813493 0 9.47254 1.02 -2.45 -3.8185 8.07162 3.16178 113.2 
20170507174846 0.190646 -1.9822 0.132444 0 0 0 0.999399 -0.00242666 -0.0345811 0.0023102 0.999992 -0.00340733 0.0345891 0.0033254 0.999396 0.190646 -1.9822 0.132444 -0.0396624 -0.207633 -0.977402 0.999399 -0.00242666 -0.0345811 0.0023102 0.999992 -0.00340733 0.0345891 0.0033254 0.999396 13.9158 2.80887 0 1 1746 0 0 0 -0.808043 -0.034596 9.47254 1.02 -2.45 -3.8185 8.07162 3.16178 0 -0.808043 0 9.47254 1.02 -2.45 -3.8185 8.07162 3.16178 113.2 
20170507174846 0.186411 -2.11645 0.176063 0 0 0 0.999313 -0.00319302 -0.0369203 0.00307078 0.99999 -0.00336695 0.0369307 0.00325126 0.999313 0.186411 -2.11645 0.176063 -0.0349575 -0.209704 -0.97714 0.999313 -0.00319302 -0.0369203 0.00307078 0.99999 -0.00336695 0.0369307 0.00325126 0.999313 14.8374 2.90211 0 1 1746 0 0 0 -0.809217 -0.0369391 9.47254 1.04 -2.45 -3.69341 8.16916 3.0582 0 -0.809217 0 9.47254 1.04 -2.45 -3.69341 8.16916 3.0582 113.2 
20170507174846 0.0430519 -2.18371 0.109712 0 0 0 0.999272 -0.00194347 -0.0381021 0.00191345 0.999998 -0.000824359 0.0381036 0.000750852 0.999274 0.0430519 -2.18371 0.109712 -0.0359088 -0.038507 0.998613 0.999272 -0.00194347 -0.0381021 0.00191345 0.999998 -0.000824359 0.0381036 0.000750852 0.999274 15.7686 3.00802 0 1 1744 0 0 0 -0.809217 -0.0381128 9.47254 1.02 -2.45 -3.8185 8.07162 3.16178 0 -0.809217 0 9.47254 1.02 -2.45 -3.8185 8.07162 3.16178 113.4 
20170507174846 -0.0641184 -2.27272 -0.0944775 0 0 0 0.999212 0.00169332 -0.039654 -0.00164764 0.999998 0.00118447 0.039656 -0.0011182 0.999213 -0.0641184 -2.27272 -0.0944775 -0.0947472 0.0440971 0.994524 0.999212 0.00169332 -0.039654 -0.00164764 0.999998 0.00118447 0.039656 -0.0011182 0.999213 16.1189 2.98194 0 1 1743 0 0 0 -0.833145 -0.0396664 9.47254 1.03 -2.46 -3.78705 8.1208 3.07243 0 -0.833145 0 9.47254 1.03 -2.46 -3.78705 8.1208 3.07243 113.1 
20170507174847 -0.128752 -2.23654 -0.00312285 0 0 0 0.999238 0.000142199 -0.0390249 -5.44626e-05 0.999997 0.00224927 0.0390251 -0.00224543 0.999236 -0.128752 -2.23654 -0.00312285 -0.0592965 0.0709324 0.995717 0.999238 0.000142199 -0.0390249 -5.44626e-05 0.999997 0.00224927 0.0390251 -0.00224543 0.999236 15.747 2.99168 0 1 1743 0 0 0 -0.807566 -0.039035 9.47254 1.03 -2.46 -3.78705 8.1208 3.07243 0 -0.807566 0 9.47254 1.03 -2.46 -3.78705 8.1208 3.07243 113.2 
20170507174847 -0.247759 -2.09291 0.0783224 0 0 0 0.999332 -0.00120905 -0.0365256 0.00136607 0.99999 0.00427427 0.0365201 -0.00432131 0.999324 -0.247759 -2.09291 0.0783224 0.0639191 0.106358 0.992271 0.999332 -0.00120905 -0.0365256 0.00136607 0.99999 0.00427427 0.0365201 -0.00432131 0.999324 14.782 2.80978 0 1 1743 0 0 0 -0.808043 -0.0365282 9.47254 1.03 -2.46 -3.78705 8.1208 3.07243 0 -0.808043 0 9.47254 1.03 -2.46 -3.78705 8.1208 3.07243 113.2 
20170507174847 -0.235805 -1.85923 0.202058 0 0 0 0.999467 -0.00339302 -0.032458 0.00352472 0.999986 0.00400112 0.032444 -0.00411339 0.999465 -0.235805 -1.85923 0.202058 0.0502847 0.0306376 0.998265 0.999467 -0.00339302 -0.032458 0.00352472 0.999986 0.00400112 0.032444 -0.00411339 0.999465 13.1262 2.55908 0 1 1743 0 0 0 -0.813493 -0.0324497 9.47254 1.04 -2.47 -3.75383 8.16916 2.98373 0 -0.813493 0 9.47254 1.04 -2.47 -3.75383 8.16916 2.98373 113.3 
20170507174847 -0.302309 -1.653 0.276149 0 0 0 0.999572 -0.00466742 -0.0288711 0.00481768 0.999975 0.00513717 0.0288464 -0.00527406 0.99957 -0.302309 -1.653 0.276149 0.0907545 0.0371575 0.99518 0.999572 -0.00466742 -0.0288711 0.00481768 0.999975 0.00513717 0.0288464 -0.00527406 0.99957 11.6972 2.13604 0 1 1743 0 0 0 -0.813493 -0.0288504 9.47254 1.05 -2.47 -3.68969 8.2167 2.93275 0 -0.813493 0 9.47254 1.05 -2.47 -3.68969 8.2167 2.93275 113.1 
20170507174847 -0.359093 -1.44046 0.284128 0 0 0 0.999672 -0.00480131 -0.0251684 0.00495739 0.999969 0.00614258 0.0251381 -0.00626534 0.999664 -0.359093 -1.44046 0.284128 0.0871907 0.044275 0.995207 0.999672 -0.00480131 -0.0251684 0.00495739 0.999969 0.00614258 0.0251381 -0.00626534 0.999664 10.3562 1.87088 0 1 1743 0 0 0 -0.813493 -0.0251408 9.47254 1.06 -2.47 -3.62518 8.26342 2.88148 0 -0.813493 0 9.47254 1.06 -2.47 -3.62518 8.26342 2.88148 113.1 
20170507174847 -0.3881 -1.34168 0.327456 0 0 0 0.99971 -0.00555642 -0.0234524 0.00571358 0.999962 0.00663964 0.0234147 -0.00677171 0.999703 -0.3881 -1.34168 0.327456 0.099244 0.0348423 0.994453 0.99971 -0.00555642 -0.0234524 0.00571358 0.999962 0.00663964 0.0234147 -0.00677171 0.999703 9.70619 1.76375 0 1 1743 0 0 0 -0.789423 -0.0234168 9.47254 1.05 -2.47 -3.68969 8.2167 2.93275 0 -0.789423 0 9.47254 1.05 -2.47 -3.68969 8.2167 2.93275 113.2 
20170507174848 -0.391526 -1.29571 0.341949 0 0 0 0.999727 -0.00581344 -0.0226523 0.00596657 0.99996 0.00669829 0.0226125 -0.00683161 0.999721 -0.391526 -1.29571 0.341949 0.118246 0.0480618 0.991821 0.999727 -0.00581344 -0.0226523 0.00596657 0.99996 0.00669829 0.0226125 -0.00683161 0.999721 9.50956 1.74702 0 1 1743 0 0 0 -0.789423 -0.0226144 9.47254 1.06 -2.47 -3.62518 8.26342 2.88148 0 -0.789423 0 9.47254 1.06 -2.47 -3.62518 8.26342 2.88148 113.2 
20170507174848 -0.387427 -1.3624 0.388736 0 0 0 0.999694 -0.00662375 -0.0238209 0.00678275 0.999955 0.00660036 0.0237761 -0.00675991 0.999694 -0.387427 -1.3624 0.388736 0.116987 0.0569525 0.991499 0.999694 -0.00662375 -0.0238209 0.00678275 0.999955 0.00660036 0.0237761 -0.00675991 0.999694 9.8822 1.8679 0 1 1743 0 0 0 -0.789423 -0.0237784 9.47254 1.05 -2.47 -3.68969 8.2167 2.93275 0 -0.789423 0 9.47254 1.05 -2.47 -3.68969 8.2167 2.93275 113.2 
20170507174848 -0.376535 -1.52236 0.370192 0 0 0 0.999626 -0.0062863 -0.0266083 0.00645875 0.999959 0.00639994 0.026567 -0.0065694 0.999625 -0.376535 -1.52236 0.370192 0.120784 0.0554061 0.991131 0.999626 -0.0062863 -0.0266083 0.00645875 0.999959 0.00639994 0.026567 -0.0065694 0.999625 10.9487 2.05505 0 1 1743 0 0 0 -0.813493 -0.0265701 9.47254 1.05 -2.47 -3.68969 8.2167 2.93275 0 -0.813493 0 9.47254 1.05 -2.47 -3.68969 8.2167 2.93275 113.3 
20170507174848 -0.373402 -1.63307 0.36464 0 0 0 0.999574 -0.00617826 -0.028539 0.00636153 0.99996 0.00633555 0.0284987 -0.0065144 0.999573 -0.373402 -1.63307 0.36464 0.102311 0.0478692 0.9936 0.999574 -0.00617826 -0.028539 0.00636153 0.99996 0.00633555 0.0284987 -0.0065144 0.999573 11.7298 2.13577 0 1 1743 0 0 0 -0.814678 -0.0285025 9.47254 1.05 -2.47 -3.68969 8.2167 2.93275 0 -0.814678 0 9.47254 1.05 -2.47 -3.68969 8.2167 2.93275 113.3 
20170507174848 -0.376097 -1.61637 0.344165 0 0 0 0.999584 -0.00582149 -0.0282455 0.00600438 0.999962 0.00639453 0.0282072 -0.00656146 0.999581 -0.376097 -1.61637 0.344165 0.08791 0.0255813 0.9958 0.999584 -0.00582149 -0.0282455 0.00600438 0.999962 0.00639453 0.0282072 -0.00656146 0.999581 11.5463 2.1442 0 1 1743 0 0 0 -0.814678 -0.028211 9.47254 1.06 -2.47 -3.62518 8.26342 2.88148 0 -0.814678 0 9.47254 1.06 -2.47 -3.62518 8.26342 2.88148 113.2 
20170507174848 -0.390939 -1.55861 0.328279 0 0 0 0.999614 -0.00554381 -0.0272375 0.0057274 0.999961 0.00666718 0.0271995 -0.0068206 0.999607 -0.390939 -1.55861 0.328279 0.124521 0.0668311 0.989964 0.999614 -0.00554381 -0.0272375 0.0057274 0.999961 0.00666718 0.0271995 -0.0068206 0.999607 11.2768 2.02226 0 1 1743 0 0 0 -0.814678 -0.0272028 9.47254 1.04 -2.47 -3.75383 8.16916 2.98373 0 -0.814678 0 9.47254 1.04 -2.47 -3.75383 8.16916 2.98373 113.3 
20170507174849 -0.340952 -1.44543 0.300509 0 0 0 0.999668 -0.00509466 -0.0252553 0.00524318 0.999969 0.00581832 0.0252249 -0.00594881 0.999664 -0.340952 -1.44543 0.300509 0.117191 0.0520351 0.991745 0.999668 -0.00509466 -0.0252553 0.00524318 0.999969 0.00581832 0.0252249 -0.00594881 0.999664 10.43 1.86006 0 1 1743 0 0 0 -0.814678 -0.0252275 9.47254 1.05 -2.47 -3.68969 8.2167 2.93275 0 -0.814678 0 9.47254 1.05 -2.47 -3.68969 8.2167 2.93275 113.3 
20170507174849 -0.334272 -1.29302 0.277797 0 0 0 0.999734 -0.00471673 -0.0225932 0.00484723 0.999972 0.00572464 0.0225656 -0.00583263 0.999728 -0.334272 -1.29302 0.277797 0.102229 0.0378916 0.994039 0.999734 -0.00471673 -0.0225932 0.00484723 0.999972 0.00572464 0.0225656 -0.00583263 0.999728 9.39327 1.71418 0 1 1743 0 0 0 -0.814678 -0.0225675 9.47254 1.04 -2.47 -3.75383 8.16916 2.98373 0 -0.814678 0 9.47254 1.04 -2.47 -3.75383 8.16916 2.98373 113.3 
20170507174849 -0.278734 -1.22351 0.323389 0 0 0 0.999756 -0.00554024 -0.0213795 0.00564289 0.999973 0.00474422 0.0213526 -0.0048637 0.99976 -0.278734 -1.22351 0.323389 0.154155 0.0433509 0.987095 0.999756 -0.00554024 -0.0213795 0.00564289 0.999973 0.00474422 0.0213526 -0.0048637 0.99976 8.67485 1.61599 0 1 1743 0 0 0 -0.790579 -0.0213543 9.47254 1.04 -2.46 -3.7238 8.16916 3.02112 0 -0.790579 0 9.47254 1.04 -2.46 -3.7238 8.16916 3.02112 113.2 
20170507174849 -0.282343 -1.09475 0.311536 0 0 0 0.999803 -0.00534309 -0.0191321 0.00543631 0.999974 0.00482384 0.0191058 -0.0049269 0.999805 -0.282343 -1.09475 0.311536 0.111357 0.0192304 0.993594 0.999803 -0.00534309 -0.0191321 0.00543631 0.999974 0.00482384 0.0191058 -0.0049269 0.999805 7.8516 1.43033 0 1 1743 0 0 0 -0.789423 -0.019107 9.47254 1.04 -2.46 -3.7238 8.16916 3.02112 0 -0.789423 0 9.47254 1.04 -2.46 -3.7238 8.16916 3.02112 113.1 
20170507174849 -0.302824 -0.965905 0.340596 0 0 0 0.99984 -0.00585531 -0.0168883 0.00594364 0.999969 0.00518496 0.0168574 -0.00528451 0.999844 -0.302824 -0.965905 0.340596 0.104235 -0.0204066 0.994343 0.99984 -0.00585531 -0.0168883 0.00594364 0.999969 0.00518496 0.0168574 -0.00528451 0.999844 7.07195 1.26488 0 1 1743 0 0 0 -0.790579 -0.0168582 9.47254 1.04 -2.45 -3.69341 8.16916 3.0582 0 -0.790579 0 9.47254 1.04 -2.45 -3.69341 8.16916 3.0582 113.3 
20170507174850 -0.325458 -0.869199 0.372683 0 0 0 0.999864 -0.00641823 -0.0152062 0.00650375 0.999963 0.0055815 0.0151698 -0.00567963 0.999869 -0.325458 -0.869199 0.372683 0.0712833 -0.0490025 0.996252 0.999864 -0.00641823 -0.0152062 0.00650375 0.999963 0.0055815 0.0151698 -0.00567963 0.999869 6.58666 1.1721 0 1 1743 0 0 0 -0.790579 -0.0151704 9.47254 1.04 -2.45 -3.69341 8.16916 3.0582 0 -0.790579 0 9.47254 1.04 -2.45 -3.69341 8.16916 3.0582 113.2 
20170507174850 -0.388697 -0.851432 0.343287 0 0 0 0.999872 -0.00589051 -0.0148998 0.0059908 0.99996 0.00669483 0.0148598 -0.00678324 0.999867 -0.388697 -0.851432 0.343287 0.0706356 -0.00748241 0.997474 0.999872 -0.00589051 -0.0148998 0.0059908 0.99996 0.00669483 0.0148598 -0.00678324 0.999867 6.59295 1.16265 0 1 1743 0 0 0 -0.788863 -0.0148603 9.47254 1.05 -2.44 -3.60006 8.2167 3.0421 0 -0.788863 0 9.47254 1.05 -2.44 -3.60006 8.2167 3.0421 113.1 
20170507174850 -0.459971 -0.881396 0.323632 0 0 0 0.999866 -0.00552475 -0.0154273 0.00564775 0.999953 0.0079409 0.0153827 -0.00802697 0.999849 -0.459971 -0.881396 0.323632 0.0987506 0.015999 0.994984 0.999866 -0.00552475 -0.0154273 0.00564775 0.999953 0.0079409 0.0153827 -0.00802697 0.999849 6.92013 1.18002 0 1 1743 0 0 0 -0.790579 -0.0153833 9.47254 1.05 -2.43 -3.56946 8.2167 3.07795 0 -0.790579 0 9.47254 1.05 -2.43 -3.56946 8.2167 3.07795 113.2 
20170507174850 -0.460747 -0.985746 0.332094 0 0 0 0.999835 -0.00565758 -0.0172494 0.00579525 0.999952 0.00794163 0.0172037 -0.00804028 0.99982 -0.460747 -0.985746 0.332094 0.13325 0.0565817 0.989466 0.999835 -0.00565758 -0.0172494 0.00579525 0.999952 0.00794163 0.0172037 -0.00804028 0.99982 7.55569 1.36955 0 1 1743 0 0 0 -0.790579 -0.0172045 9.47254 1.05 -2.43 -3.56946 8.2167 3.07795 0 -0.790579 0 9.47254 1.05 -2.43 -3.56946 8.2167 3.07795 113.4 
20170507174850 -0.487752 -1.06472 0.273885 0 0 0 0.999816 -0.00462182 -0.0186216 0.00477934 0.999953 0.00842386 0.0185818 -0.00851131 0.999791 -0.487752 -1.06472 0.273885 0.139023 0.0751599 0.987433 0.999816 -0.00462182 -0.0186216 0.00477934 0.999953 0.00842386 0.0185818 -0.00851131 0.999791 8.12191 1.50376 0 1 1743 0 0 0 -0.814678 -0.0185828 9.47254 1.06 -2.42 -3.47664 8.26342 3.05906 0 -0.814678 0 9.47254 1.06 -2.42 -3.47664 8.26342 3.05906 113.2 
20170507174850 -0.532988 -1.06809 0.252789 0 0 0 0.999817 -0.00423839 -0.0186807 0.00441122 0.999948 0.00921993 0.0186406 -0.00930064 0.999783 -0.532988 -1.06809 0.252789 0.161222 0.0962841 0.98221 0.999817 -0.00423839 -0.0186807 0.00441122 0.999948 0.00921993 0.0186406 -0.00930064 0.999783 8.16276 1.5303 0 1 1743 0 0 0 -0.814678 -0.0186417 9.47254 1.06 -2.41 -3.44587 8.26342 3.09367 0 -0.814678 0 9.47254 1.06 -2.41 -3.44587 8.26342 3.09367 113.1 
20170507174851 -0.546608 -1.00898 0.25467 0 0 0 0.999835 -0.00427663 -0.0176506 0.00444413 0.999945 0.00946161 0.0176091 -0.00953849 0.999799 -0.546608 -1.00898 0.25467 0.192662 0.115009 0.974502 0.999835 -0.00427663 -0.0176506 0.00444413 0.999945 0.00946161 0.0176091 -0.00953849 0.999799 7.76345 1.50869 0 1 1743 0 0 0 -0.814678 -0.01761 9.47254 1.06 -2.41 -3.44587 8.26342 3.09367 0 -0.814678 0 9.47254 1.06 -2.41 -3.44587 8.26342 3.09367 113.2 
20170507174851 -0.50981 -0.417107 -0.29947 0 0 0 0.99996 0.00529129 -0.00723293 -0.00522658 0.999946 0.00893568 0.00727982 -0.00889752 0.999934 -0.50981 -0.417107 -0.29947 0.0193324 -0.201805 -0.979235 0.99996 0.00529129 -0.00723293 -0.00522658 0.999946 0.00893568 0.00727982 -0.00889752 0.999934 7.38161 1.48536 0 1 1743 0 0 0 -0.814678 -0.00727989 9.47254 1.06 -2.4 -3.41477 8.26342 3.12797 0 -0.814678 0 9.47254 1.06 -2.4 -3.41477 8.26342 3.12797 113.2 
20170507174851 0.642097 -0.965952 -0.0856773 0 0 0 0.999857 0.00130633 -0.0168739 -0.00149514 0.999936 -0.0111813 0.0168582 0.0112049 0.999795 0.642097 -0.965952 -0.0856773 -0.1033 -0.901265 -0.420773 0.999857 0.00130633 -0.0168739 -0.00149514 0.999936 -0.0111813 0.0168582 0.0112049 0.999795 6.89594 1.44633 0 1 1743 0 0 0 -0.814678 -0.016859 9.47254 1.07 -2.4 -3.35366 8.30931 3.072 0 -0.814678 0 9.47254 1.07 -2.4 -3.35366 8.30931 3.072 113.2 
20170507174851 -0.608297 -0.734883 -0.25712 0 0 0 0.999908 0.00462348 -0.0127773 -0.0044872 0.999933 0.010674 0.0128258 -0.0106157 0.999861 -0.608297 -0.734883 -0.25712 0.302654 0.118774 0.945671 0.999908 0.00462348 -0.0127773 -0.0044872 0.999933 0.010674 0.0128258 -0.0106157 0.999861 6.93394 1.43875 0 1 1743 0 0 0 -0.814678 -0.0128261 9.47254 1.07 -2.4 -3.35366 8.30931 3.072 0 -0.814678 0 9.47254 1.07 -2.4 -3.35366 8.30931 3.072 113.1 
20170507174851 -0.607494 -0.700714 -0.199434 0 0 0 0.999919 0.00361024 -0.0121918 -0.00348051 0.999937 0.0106451 0.0122295 -0.0106018 0.999869 -0.607494 -0.700714 -0.199434 0.27177 0.129677 0.953585 0.999919 0.00361024 -0.0121918 -0.00348051 0.999937 0.0106451 0.0122295 -0.0106018 0.999869 6.86863 1.42702 0 1 1743 0 0 0 -0.814678 -0.0122298 9.47254 1.07 -2.4 -3.35366 8.30931 3.072 0 -0.814678 0 9.47254 1.07 -2.4 -3.35366 8.30931 3.072 113.1 
20170507174851 -0.560002 -0.53427 -0.288136 0 0 0 0.999944 0.00511979 -0.00927493 -0.00502868 0.999939 0.00982049 0.00932464 -0.00977329 0.999909 -0.560002 -0.53427 -0.288136 0.127991 0.167455 0.977536 0.999944 0.00511979 -0.00927493 -0.00502868 0.999939 0.00982049 0.00932464 -0.00977329 0.999909 7.08846 1.38019 0 1 1743 0 0 0 -0.814678 -0.00932478 9.47254 1.06 -2.4 -3.41477 8.26342 3.12797 0 -0.814678 0 9.47254 1.06 -2.4 -3.41477 8.26342 3.12797 113.2 
20170507174852 -0.4981 -0.898636 0.188777 0 0 0 0.999872 -0.00315831 -0.0157115 0.00329437 0.999957 0.00864166 0.0156835 -0.00869231 0.999839 -0.4981 -0.898636 0.188777 0.182031 0.11292 0.976787 0.999872 -0.00315831 -0.0157115 0.00329437 0.999957 0.00864166 0.0156835 -0.00869231 0.999839 7.01813 1.40594 0 1 1743 0 0 0 -0.814678 -0.0156842 9.47254 1.06 -2.4 -3.41477 8.26342 3.12797 0 -0.814678 0 9.47254 1.06 -2.4 -3.41477 8.26342 3.12797 113.2 
20170507174852 -0.495363 -0.839167 0.152447 0 0 0 0.999889 -0.00253398 -0.0146681 0.00266042 0.999959 0.00860661 0.0146457 -0.00864468 0.999855 -0.495363 -0.839167 0.152447 0.157211 0.102681 0.982212 0.999889 -0.00253398 -0.0146681 0.00266042 0.999959 0.00860661 0.0146457 -0.00864468 0.999855 6.6929 1.25977 0 1 1743 0 0 0 -0.814678 -0.0146462 9.47254 1.05 -2.4 -3.47553 8.2167 3.18363 0 -0.814678 0 9.47254 1.05 -2.4 -3.47553 8.2167 3.18363 113.1 
20170507174852 -0.480222 -0.771039 0.169844 0 0 0 0.999905 -0.00285144 -0.0134811 0.00296406 0.999961 0.00834143 0.0134568 -0.0083806 0.999874 -0.480222 -0.771039 0.169844 0.102557 0.0734695 0.99201 0.999905 -0.00285144 -0.0134811 0.00296406 0.999961 0.00834143 0.0134568 -0.0083806 0.999874 6.30081 1.17547 0 1 1743 0 0 0 -0.814678 -0.0134572 9.47254 1.04 -2.41 -3.56816 8.16916 3.20345 0 -0.814678 0 9.47254 1.04 -2.41 -3.56816 8.16916 3.20345 113.1 
20170507174852 -0.408591 -0.788947 0.141031 0 0 0 0.999902 -0.00236319 -0.0137865 0.00246121 0.999972 0.00709729 0.0137693 -0.00713053 0.99988 -0.408591 -0.788947 0.141031 0.148189 0.114986 0.982252 0.999902 -0.00236319 -0.0137865 0.00246121 0.999972 0.00709729 0.0137693 -0.00713053 0.99988 6.14295 1.13884 0 1 1743 0 0 0 -0.790579 -0.0137697 9.47254 1.04 -2.41 -3.56816 8.16916 3.20345 0 -0.790579 0 9.47254 1.04 -2.41 -3.56816 8.16916 3.20345 113.2 
20170507174852 -0.464831 -0.793024 0.180894 0 0 0 0.999899 -0.0030448 -0.0138655 0.00315688 0.999962 0.00806901 0.0138404 -0.00811197 0.999871 -0.464831 -0.793024 0.180894 0.114197 0.0612223 0.99157 0.999899 -0.0030448 -0.0138655 0.00315688 0.999962 0.00806901 0.0138404 -0.00811197 0.999871 6.39736 1.11317 0 1 1743 0 0 0 -0.790579 -0.0138409 9.47254 1.04 -2.41 -3.56816 8.16916 3.20345 0 -0.790579 0 9.47254 1.04 -2.41 -3.56816 8.16916 3.20345 113.1 
20170507174852 -0.516687 -0.804195 0.284529 0 0 0 0.999889 -0.00483918 -0.0140794 0.00496546 0.999948 0.00894796 0.0140354 -0.00901688 0.999861 -0.516687 -0.804195 0.284529 0.103348 0.0363457 0.993981 0.999889 -0.00483918 -0.0140794 0.00496546 0.999948 0.00894796 0.0140354 -0.00901688 0.999861 6.67013 1.12428 0 1 1743 0 0 0 -0.790579 -0.0140358 9.47254 1.05 -2.42 -3.5385 8.2167 3.11349 0 -0.790579 0 9.47254 1.05 -2.42 -3.5385 8.2167 3.11349 112.9 
20170507174853 -0.564605 -0.902698 0.354271 0 0 0 0.999857 -0.00602762 -0.0158143 0.00618239 0.999933 0.00975647 0.0157544 -0.00985284 0.999827 -0.564605 -0.902698 0.354271 0.161274 0.0619636 0.984963 0.999857 -0.00602762 -0.0158143 0.00618239 0.999933 0.00975647 0.0157544 -0.00985284 0.999827 7.25005 1.29053 0 1 1743 0 0 0 -0.790579 -0.015755 9.47254 1.06 -2.44 -3.53712 8.26342 2.98892 0 -0.790579 0 9.47254 1.06 -2.44 -3.53712 8.26342 2.98892 113.1 
20170507174853 -0.619741 -0.948703 0.361881 0 0 0 0.999843 -0.00613652 -0.0166242 0.00631511 0.999923 0.0107115 0.0165572 -0.0108148 0.999804 -0.619741 -0.948703 0.361881 0.151529 0.0807079 0.985152 0.999843 -0.00613652 -0.0166242 0.00631511 0.999923 0.0107115 0.0165572 -0.0108148 0.999804 7.90402 1.36857 0 1 1743 0 0 0 -0.790579 -0.016558 9.47254 1.05 -2.45 -3.6303 8.2167 3.00595 0 -0.790579 0 9.47254 1.05 -2.45 -3.6303 8.2167 3.00595 113.1 
20170507174853 -0.630634 -1.05049 0.377522 0 0 0 0.99981 -0.00638678 -0.0184045 0.00658785 0.999919 0.0108854 0.0183335 -0.0110046 0.999771 -0.630634 -1.05049 0.377522 0.146588 0.0761459 0.986263 0.99981 -0.00638678 -0.0184045 0.00658785 0.999919 0.0108854 0.0183335 -0.0110046 0.999771 8.59649 1.5914 0 1 1743 0 0 0 -0.813493 -0.0183345 9.47254 1.05 -2.45 -3.6303 8.2167 3.00595 0 -0.813493 0 9.47254 1.05 -2.45 -3.6303 8.2167 3.00595 113.1 
20170507174853 -0.629535 -1.19733 0.457463 0 0 0 0.99975 -0.00775409 -0.0209817 0.00798241 0.99991 0.0108201 0.0208959 -0.0109848 0.999721 -0.629535 -1.19733 0.457463 0.141312 0.0621622 0.988012 0.99975 -0.00775409 -0.0209817 0.00798241 0.99991 0.0108201 0.0208959 -0.0109848 0.999721 9.39413 1.77135 0 1 1743 0 0 0 -0.813493 -0.0208974 9.47254 1.06 -2.46 -3.59619 8.26342 2.91758 0 -0.813493 0 9.47254 1.06 -2.46 -3.59619 8.26342 2.91758 113 
20170507174853 -0.613456 -1.29056 0.473636 0 0 0 0.999712 -0.00802481 -0.022609 0.00826432 0.999911 0.0105201 0.0225225 -0.0107039 0.999689 -0.613456 -1.29056 0.473636 0.151233 0.0842744 0.984899 0.999712 -0.00802481 -0.022609 0.00826432 0.999911 0.0105201 0.0225225 -0.0107039 0.999689 9.88251 1.94801 0 1 1743 0 0 0 -0.814678 -0.0225244 9.47254 1.06 -2.46 -3.59619 8.26342 2.91758 0 -0.814678 0 9.47254 1.06 -2.46 -3.59619 8.26342 2.91758 113.1 
20170507174853 -0.666092 -1.40984 0.497334 0 0 0 0.99966 -0.0083934 -0.0247022 0.00867737 0.999897 0.0114112 0.0246038 -0.0116217 0.99963 -0.666092 -1.40984 0.497334 0.143132 0.0732038 0.986993 0.99966 -0.0083934 -0.0247022 0.00867737 0.999897 0.0114112 0.0246038 -0.0116217 0.99963 10.6947 2.12858 0 1 1743 0 0 0 -0.814678 -0.0246063 9.47254 1.06 -2.45 -3.56683 8.26342 2.9534 0 -0.814678 0 9.47254 1.06 -2.45 -3.56683 8.26342 2.9534 113.1 
20170507174854 -0.673616 -1.50581 0.511734 0 0 0 0.999615 -0.00862178 -0.0263804 0.00892824 0.999894 0.0115214 0.0262782 -0.0117525 0.999586 -0.673616 -1.50581 0.511734 0.127741 0.0559854 0.990226 0.999615 -0.00862178 -0.0263804 0.00892824 0.999894 0.0115214 0.0262782 -0.0117525 0.999586 11.28 2.28069 0 1 1743 0 0 0 -0.813493 -0.0262813 9.47254 1.07 -2.45 -3.50301 8.30931 2.90055 0 -0.813493 0 9.47254 1.07 -2.45 -3.50301 8.30931 2.90055 113 
20170507174854 -0.690292 -1.58005 0.518157 0 0 0 0.999579 -0.00871059 -0.0276793 0.00903999 0.99989 0.0117977 0.0275735 -0.012043 0.999547 -0.690292 -1.58005 0.518157 0.120203 0.0613771 0.99085 0.999579 -0.00871059 -0.0276793 0.00903999 0.99989 0.0117977 0.0275735 -0.012043 0.999547 11.743 2.4766 0 1 1743 0 0 0 -0.813493 -0.027577 9.47254 1.05 -2.45 -3.6303 8.2167 3.00595 0 -0.813493 0 9.47254 1.05 -2.45 -3.6303 8.2167 3.00595 113 
20170507174854 -0.710735 -1.73821 0.549757 0 0 0 0.999494 -0.00921795 -0.0304482 0.00959051 0.999881 0.0121128 0.0303329 -0.0123986 0.999463 -0.710735 -1.73821 0.549757 0.0872218 0.0315896 0.995688 0.999494 -0.00921795 -0.0304482 0.00959051 0.999881 0.0121128 0.0303329 -0.0123986 0.999463 12.9241 2.67235 0 1 1743 0 0 0 -0.813493 -0.0303376 9.47254 1.06 -2.45 -3.56683 8.26342 2.9534 0 -0.813493 0 9.47254 1.06 -2.45 -3.56683 8.26342 2.9534 113 
20170507174854 -0.709207 -1.77548 0.221083 0 0 0 0.999512 -0.00347482 -0.0310281 0.00385676 0.999917 0.012258 0.030983 -0.0123717 0.999443 -0.709207 -1.77548 0.221083 0.360333 -0.0632045 -0.93068 0.999512 -0.00347482 -0.0310281 0.00385676 0.999917 0.012258 0.030983 -0.0123717 0.999443 13.6186 2.90273 0 1 1743 0 0 0 -0.814678 -0.030988 9.47254 1.07 -2.45 -3.50301 8.30931 2.90055 0 -0.814678 0 9.47254 1.07 -2.45 -3.50301 8.30931 2.90055 113.2 
20170507174854 -1.0221 -2.18485 0.131341 0 0 0 0.99927 -0.00161191 -0.0381583 0.00229066 0.99984 0.0177507 0.0381236 -0.0178252 0.999114 -1.0221 -2.18485 0.131341 0.00259833 -0.0903769 0.995904 0.99927 -0.00161191 -0.0381583 0.00229066 0.99984 0.0177507 0.0381236 -0.0178252 0.999114 14.2333 3.08136 0 1 1743 0 0 0 -0.814678 -0.0381328 9.47254 1.08 -2.45 -3.43883 8.35438 2.84741 0 -0.814678 0 9.47254 1.08 -2.45 -3.43883 8.35438 2.84741 113.1 
20170507174855 -0.462721 -1.57248 0.0758238 0 0 0 0.999623 -0.00110172 -0.0274513 0.00132288 0.999967 0.0080396 0.0274416 -0.00807288 0.999591 -0.462721 -1.57248 0.0758238 0.525009 -0.381403 -0.760853 0.999623 -0.00110172 -0.0274513 0.00132288 0.999967 0.0080396 0.0274416 -0.00807288 0.999591 14.8301 3.31118 0 1 1743 0 0 0 -0.814678 -0.027445 9.47254 1.08 -2.45 -3.43883 8.35438 2.84741 0 -0.814678 0 9.47254 1.08 -2.45 -3.43883 8.35438 2.84741 112.9 
20170507174855 -0.433191 -1.57 0.0628339 0 0 0 0.999624 -0.000889482 -0.0274058 0.00109625 0.999971 0.00753049 0.0273983 -0.0075577 0.999596 -0.433191 -1.57 0.0628339 0.538613 -0.375396 -0.754303 0.999624 -0.000889482 -0.0274058 0.00109625 0.999971 0.00753049 0.0273983 -0.0075577 0.999596 15.221 3.34975 0 1 1743 0 0 0 -0.814678 -0.0274017 9.47254 1.07 -2.46 -3.53184 8.30931 2.86538 0 -0.814678 0 9.47254 1.07 -2.46 -3.53184 8.30931 2.86538 113.1 
20170507174855 -0.877227 -2.55644 0.37617 0 0 0 0.998983 -0.00588173 -0.0446978 0.00655882 0.999866 0.0150168 0.0446035 -0.0152947 0.998888 -0.877227 -2.55644 0.37617 0.335658 0.136458 0.932048 0.998983 -0.00588173 -0.0446978 0.00655882 0.999866 0.0150168 0.0446035 -0.0152947 0.998888 15.5059 3.52089 0 1 1743 0 0 0 -0.813493 -0.0446183 9.47254 1.07 -2.46 -3.53184 8.30931 2.86538 0 -0.813493 0 9.47254 1.07 -2.46 -3.53184 8.30931 2.86538 112.9 
20170507174855 -0.793769 -2.58633 0.444878 0 0 0 0.998951 -0.00713866 -0.0452265 0.0077566 0.999879 0.0135027 0.0451246 -0.0138393 0.998886 -0.793769 -2.58633 0.444878 0.340999 0.133859 0.930484 0.998951 -0.00713866 -0.0452265 0.0077566 0.999879 0.0135027 0.0451246 -0.0138393 0.998886 15.5197 3.70143 0 1 1743 0 0 0 -0.813493 -0.0451399 9.47254 1.07 -2.46 -3.53184 8.30931 2.86538 0 -0.813493 0 9.47254 1.07 -2.46 -3.53184 8.30931 2.86538 113.2 
20170507174855 -0.0284494 -0.966395 0.00664699 0 0 0 0.999858 -0.000107637 -0.016866 0.000115995 1 0.00049458 0.016866 -0.000496466 0.999858 -0.0284494 -0.966395 0.00664699 0.795785 -0.450358 -0.40485 0.999858 -0.000107637 -0.016866 0.000115995 1 0.00049458 0.016866 -0.000496466 0.999858 16.0023 3.81266 0 1 1743 0 0 0 -0.814678 -0.0168668 9.47254 1.07 -2.47 -3.56031 8.30931 2.82991 0 -0.814678 0 9.47254 1.07 -2.47 -3.56031 8.30931 2.82991 113 
20170507174855 -0.0182068 -0.938164 0.0522883 0 0 0 0.999866 -0.0009074 -0.0163736 0.00091248 1 0.000302826 0.0163733 -0.000317725 0.999866 -0.0182068 -0.938164 0.0522883 0.808056 -0.44125 -0.390313 0.999866 -0.0009074 -0.0163736 0.00091248 1 0.000302826 0.0163733 -0.000317725 0.999866 16.4321 3.96462 0 1 1743 0 0 0 -0.814678 -0.0163741 9.47254 1.08 -2.46 -3.46713 8.35438 2.81288 0 -0.814678 0 9.47254 1.08 -2.46 -3.46713 8.35438 2.81288 113.2 
20170507174856 -0.600073 -1.16015 0.312502 0 0 0 0.99978 -0.00524182 -0.0203028 0.00545305 0.999931 0.0103625 0.0202471 -0.0104709 0.99974 -0.600073 -1.16015 0.312502 0.855357 -0.133443 -0.500557 0.99978 -0.00524182 -0.0203028 0.00545305 0.999931 0.0103625 0.0202471 -0.0104709 0.99974 16.8173 4.17624 0 1 1741 0 0 0 -0.814678 -0.0202485 9.47254 1.06 -2.47 -3.62518 8.26342 2.88148 0 -0.814678 0 9.47254 1.06 -2.47 -3.62518 8.26342 2.88148 113 
20170507174856 -0.639154 -0.996253 0.293468 0 0 0 0.999836 -0.00492769 -0.0174429 0.00512119 0.999926 0.0110659 0.017387 -0.0111534 0.999787 -0.639154 -0.996253 0.293468 0.884948 -0.116196 -0.450961 0.999836 -0.00492769 -0.0174429 0.00512119 0.999926 0.0110659 0.017387 -0.0111534 0.999787 17.1632 4.25743 0 1 1741 0 0 0 -0.814678 -0.0173879 9.47254 1.07 -2.47 -3.56031 8.30931 2.82991 0 -0.814678 0 9.47254 1.07 -2.47 -3.56031 8.30931 2.82991 113 
20170507174856 -0.151128 -0.715142 0.24571 0 0 0 0.999913 -0.0042555 -0.0124924 0.0042881 0.999987 0.00258413 0.0124813 -0.00263747 0.999919 -0.151128 -0.715142 0.24571 0.835517 -0.314272 -0.450716 0.999913 -0.0042555 -0.0124924 0.0042881 0.999987 0.00258413 0.0124813 -0.00263747 0.999919 17.4785 4.295 0 1 1741 0 0 0 -0.813493 -0.0124816 9.47254 1.07 -2.47 -3.56031 8.30931 2.82991 0 -0.813493 0 9.47254 1.07 -2.47 -3.56031 8.30931 2.82991 113.1 
20170507174856 -0.313258 0.00857038 0.0157463 0 0 0 1 -0.000275638 0.000148077 0.000274824 0.999985 0.00546739 -0.000149581 -0.00546735 0.999985 -0.313258 0.00857038 0.0157463 -0.944568 0.144822 0.29465 1 -0.000275638 0.000148077 0.000274824 0.999985 0.00546739 -0.000149581 -0.00546735 0.999985 17.6187 4.41182 0 1 1741 0 0 0 -0.814678 0.000149581 9.47254 1.06 -2.46 -3.59619 8.26342 2.91758 0 -0.814678 0 9.47254 1.06 -2.46 -3.59619 8.26342 2.91758 113.1 
20170507174856 -0.101492 -0.819935 0.315935 0 0 0 0.999882 -0.00548873 -0.0143196 0.00551352 0.999983 0.00169243 0.0143101 -0.00177118 0.999896 -0.101492 -0.819935 0.315935 0.852618 -0.288512 -0.435663 0.999882 -0.00548873 -0.0143196 0.00551352 0.999983 0.00169243 0.0143101 -0.00177118 0.999896 17.644 4.4687 0 1 1741 0 0 0 -0.813493 -0.0143106 9.47254 1.06 -2.47 -3.62518 8.26342 2.88148 0 -0.813493 0 9.47254 1.06 -2.47 -3.62518 8.26342 2.88148 113 
20170507174856 -0.541315 0.784874 -0.0680223 0 0 0 0.999905 0.00105774 0.0137088 -0.0011871 0.999955 0.00943132 -0.0136982 -0.00944671 0.999862 -0.541315 0.784874 -0.0680223 -0.975582 0.0224382 0.218488 0.999905 0.00105774 0.0137088 -0.0011871 0.999955 0.00943132 -0.0136982 -0.00944671 0.999862 16.8947 4.58298 0 1 1741 0 0 0 -0.813493 0.0136986 9.47254 1.06 -2.47 -3.62518 8.26342 2.88148 0 -0.813493 0 9.47254 1.06 -2.47 -3.62518 8.26342 2.88148 113 
20170507174857 -0.130347 -0.0629442 0.325382 0 0 0 0.999983 -0.00567644 -0.00111148 0.00567895 0.999981 0.00226871 0.00109858 -0.00227499 0.999997 -0.130347 -0.0629442 0.325382 -0.929852 0.157264 0.33263 0.999983 -0.00567644 -0.00111148 0.00567895 0.999981 0.00226871 0.00109858 -0.00227499 0.999997 15.6956 4.63704 0 1 1741 0 0 0 -0.787561 -0.00109858 9.47254 1.07 -2.48 -3.58843 8.30931 2.79417 0 -0.787561 0 9.47254 1.07 -2.48 -3.58843 8.30931 2.79417 113.1 
20170507174857 -0.303417 0.402002 0.320825 0 0 0 0.99996 -0.0056365 0.00698634 0.00559929 0.99997 0.0053348 -0.0070162 -0.00529547 0.999961 -0.303417 0.402002 0.320825 -0.959796 0.0720775 0.271285 0.99996 -0.0056365 0.00698634 0.00559929 0.99997 0.0053348 -0.0070162 -0.00529547 0.999961 14.7115 4.56176 0 1 1741 0 0 0 -0.787561 0.00701626 9.47254 1.05 -2.48 -3.71883 8.2167 2.89571 0 -0.787561 0 9.47254 1.05 -2.48 -3.71883 8.2167 2.89571 113 
20170507174857 -0.200442 1.30811 0.351454 0 0 0 0.999721 -0.00621381 0.0228069 0.00613239 0.999975 0.00363833 -0.0228289 -0.00349746 0.999733 -0.200442 1.30811 0.351454 -0.983462 0.0589099 0.171264 0.999721 -0.00621381 0.0228069 0.00613239 0.999975 0.00363833 -0.0228289 -0.00349746 0.999733 13.9857 4.5454 0 1 1740 0 0 0 -0.789423 0.0228309 9.47254 1.04 -2.48 -3.78348 8.16916 2.94604 0 -0.789423 0 9.47254 1.04 -2.48 -3.78348 8.16916 2.94604 113 
20170507174857 -0.16593 1.58409 0.377917 0 0 0 0.999596 -0.00667588 0.0276243 0.00659333 0.999974 0.00307829 -0.0276441 -0.00289491 0.999614 -0.16593 1.58409 0.377917 -0.989222 0.0234262 0.144539 0.999596 -0.00667588 0.0276243 0.00659333 0.999974 0.00307829 -0.0276441 -0.00289491 0.999614 13.1112 4.54954 0 1 1740 0 0 0 -0.789423 0.0276476 9.47254 1.04 -2.48 -3.78348 8.16916 2.94604 0 -0.789423 0 9.47254 1.04 -2.48 -3.78348 8.16916 2.94604 112.9 
20170507174857 -0.313448 1.45755 0.416235 0 0 0 0.99965 -0.00740365 0.0253955 0.00726226 0.999958 0.00565531 -0.0254363 -0.00546891 0.999661 -0.313448 1.45755 0.416235 -0.988316 -0.0371212 0.147831 0.99965 -0.00740365 0.0253955 0.00726226 0.999958 0.00565531 -0.0254363 -0.00546891 0.999661 12.5756 4.50354 0 1 1737 0 0 0 -0.765174 0.025439 9.47254 1.04 -2.48 -3.78348 8.16916 2.94604 0 -0.765174 0 9.47254 1.04 -2.48 -3.78348 8.16916 2.94604 113 
20170507174857 -2.12341 2.67235 0.580648 0 0 0 0.998861 -0.0118545 0.0462145 0.010123 0.999245 0.0375223 -0.0466244 -0.0370117 0.998227 -2.12341 2.67235 0.580648 -0.916578 -0.392466 0.0765117 0.998861 -0.0118545 0.0462145 0.010123 0.999245 0.0375223 -0.0466244 -0.0370117 0.998227 12.2922 4.59799 0 1 1737 0 0 0 -0.765174 0.0466413 9.47254 1.02 -2.47 -3.88097 8.07162 3.08479 0 -0.765174 0 9.47254 1.02 -2.47 -3.88097 8.07162 3.08479 113 
20170507174858 0.32813 0.44102 0.819024 0 0 0 0.999868 -0.0142499 0.00777812 0.0142938 0.999882 -0.00561631 -0.00769717 0.00572675 0.999954 0.32813 0.44102 0.819024 -0.803042 0.207401 0.558667 0.999868 -0.0142499 0.00777812 0.0142938 0.999882 -0.00561631 -0.00769717 0.00572675 0.999954 11.9748 4.61294 0 1 1737 0 0 0 -0.765174 0.00769725 9.47254 1.03 -2.48 -3.84774 8.1208 2.99608 0 -0.765174 0 9.47254 1.03 -2.48 -3.84774 8.1208 2.99608 113 
20170507174858 -0.0177592 2.52771 0.324301 0 0 0 0.999011 -0.00567376 0.0441 0.00565459 0.999984 0.000559576 -0.0441025 -0.000309655 0.999027 -0.0177592 2.52771 0.324301 -0.98463 0.017604 0.173762 0.999011 -0.00567376 0.0441 0.00565459 0.999984 0.000559576 -0.0441025 -0.000309655 0.999027 11.7857 4.67071 0 1 1737 0 0 0 -0.763244 0.0441168 9.47254 1.03 -2.47 -3.81759 8.1208 3.03441 0 -0.763244 0 9.47254 1.03 -2.47 -3.81759 8.1208 3.03441 112.9 
20170507174858 -2.38756 2.97752 0.658232 0 0 0 0.998584 -0.0136419 0.0514171 0.0114725 0.999041 0.0422522 -0.0519442 -0.0416025 0.997783 -2.38756 2.97752 0.658232 -0.903665 -0.416224 0.100732 0.998584 -0.0136419 0.0514171 0.0114725 0.999041 0.0422522 -0.0519442 -0.0416025 0.997783 11.5141 4.73721 0 1 1737 0 0 0 -0.763244 0.0519676 9.47254 1.04 -2.47 -3.75383 8.16916 2.98373 0 -0.763244 0 9.47254 1.04 -2.47 -3.75383 8.16916 2.98373 113.1 
