20170507023231 -0.149331 0.59729 0.183501 0 0 0 0.999941 -0.00322985 0.010416 0.00320252 0.999991 0.00263969 -0.0104245 -0.00260617 0.999942 -0.149331 0.59729 0.183501 0.11447 -0.440562 -0.890394 0.999941 -0.00322985 0.010416 0.00320252 0.999991 0.00263969 -0.0104245 -0.00260617 0.999942 4.25384 1.0113 0 1 2553 0 0 0 
20170507023232 -0.301266 1.68996 -0.0469485 0 0 0 0.999565 0.000664328 0.0294951 -0.000819049 0.999986 0.0052339 -0.0294912 -0.00525578 0.999551 -0.301266 1.68996 -0.0469485 -0.976194 -0.114477 0.184227 0.999565 0.000664328 0.0294951 -0.000819049 0.999986 0.0052339 -0.0294912 -0.00525578 0.999551 5.68108 1.29396 0 1 2549 0 0 0 
20170507023232 -0.212766 1.49264 -0.0649467 0 0 0 0.99966 0.0010368 0.0260526 -0.00113315 0.999993 0.00368393 -0.0260486 -0.0037122 0.999654 -0.212766 1.49264 -0.0649467 -0.986566 -0.0972416 0.13127 0.99966 0.0010368 0.0260526 -0.00113315 0.999993 0.00368393 -0.0260486 -0.0037122 0.999654 4.40322 1.24589 0 1 2549 0 0 0 
20170507023232 -0.273547 1.16634 -0.00924465 0 0 0 0.999793 6.41672e-05 0.0203555 -0.000161316 0.999989 0.004771 -0.020355 -0.00477329 0.999781 -0.273547 1.16634 -0.00924465 -0.938002 -0.0763642 0.338115 0.999793 6.41672e-05 0.0203555 -0.000161316 0.999989 0.004771 -0.020355 -0.00477329 0.999781 3.29062 1.17087 0 1 2549 0 0 0 
20170507023232 0.560243 0.716507 -0.0383418 0 0 0 0.999922 0.000791432 0.0124979 -0.000669138 0.999952 -0.00978629 -0.0125051 0.00977716 0.999874 0.560243 0.716507 -0.0383418 0.720463 -0.693399 0.0114855 0.999922 0.000791432 0.0124979 -0.000669138 0.999952 -0.00978629 -0.0125051 0.00977716 0.999874 1.87309 0.899096 0 1 2549 0 0 0 
20170507023233 0.130009 0.0816793 0.108811 0 0 0 0.999997 -0.00189587 0.00142987 0.0018991 0.999996 -0.00226638 -0.00142557 0.00226909 0.999996 0.130009 0.0816793 0.108811 -0.810872 0.514928 0.278095 0.999997 -0.00189587 0.00142987 0.0018991 0.999996 -0.00226638 -0.00142557 0.00226909 0.999996 2.90764 1.42142 0 1 2549 0 0 0 
20170507023233 0.0538421 -0.0938555 0.0232324 0 0 0 0.999999 -0.000407021 -0.00163771 0.000405481 0.999999 -0.000940386 0.00163809 0.000939721 0.999998 0.0538421 -0.0938555 0.0232324 -0.870264 0.348326 0.348296 0.999999 -0.000407021 -0.00163771 0.000405481 0.999999 -0.000940386 0.00163809 0.000939721 0.999998 5.26067 1.55399 0 1 2540 0 0 0 
20170507023233 -0.13975 -1.11858 0.119087 0 0 0 0.999807 -0.00203084 -0.0195266 0.00207807 0.999995 0.00239852 0.0195216 -0.00243864 0.999806 -0.13975 -1.11858 0.119087 -0.357157 0.183781 0.915786 0.999807 -0.00203084 -0.0195266 0.00207807 0.999995 0.00239852 0.0195216 -0.00243864 0.999806 7.59075 1.7098 0 1 2529 0 0 0 
20170507023233 -0.547206 -1.53888 0.184727 0 0 0 0.999634 -0.00296747 -0.0268848 0.00322293 0.99995 0.00946377 0.0268554 -0.00954696 0.999594 -0.547206 -1.53888 0.184727 0.657878 -0.415676 0.62802 0.999634 -0.00296747 -0.0268848 0.00322293 0.99995 0.00946377 0.0268554 -0.00954696 0.999594 8.82324 1.90137 0 1 2524 0 0 0 
20170507023234 -0.376548 -1.89096 -0.255595 0 0 0 0.999445 0.00467772 -0.0329671 -0.00445853 0.999967 0.00671908 0.0329974 -0.00656837 0.999434 -0.376548 -1.89096 -0.255595 0.241221 -0.235153 0.94155 0.999445 0.00467772 -0.0329671 -0.00445853 0.999967 0.00671908 0.0329974 -0.00656837 0.999434 10.1572 1.98069 0 1 2515 0 0 0 
20170507023234 -0.00830298 -0.841674 -0.0606006 0 0 0 0.999892 0.00105981 -0.0146893 -0.00105757 0.999999 0.000160451 0.0146895 -0.000144899 0.999892 -0.00830298 -0.841674 -0.0606006 0.868496 -0.342849 -0.358008 0.999892 0.00105981 -0.0146893 -0.00105757 0.999999 0.000160451 0.0146895 -0.000144899 0.999892 10.5112 1.94137 0 1 2512 0 0 0 
20170507023234 -0.108554 -1.05686 0.0182544 0 0 0 0.99983 -0.000283653 -0.0184453 0.000318545 0.999998 0.00188875 0.0184447 -0.00189431 0.999828 -0.108554 -1.05686 0.0182544 0.712352 -0.298837 -0.63502 0.99983 -0.000283653 -0.0184453 0.000318545 0.999998 0.00188875 0.0184447 -0.00189431 0.999828 10.7319 1.77114 0 1 2510 0 0 0 
20170507023234 0.0265777 -0.936614 -0.059618 0 0 0 0.999866 0.00103295 -0.0163467 -0.00104039 0.999999 -0.000446859 0.0163463 0.000463806 0.999866 0.0265777 -0.936614 -0.059618 0.906344 -0.294914 -0.3026 0.999866 0.00103295 -0.0163467 -0.00104039 0.999999 -0.000446859 0.0163463 0.000463806 0.999866 10.6969 1.49137 0 1 2509 0 0 0 
20170507023234 -0.0764093 -0.904268 0.0847312 0 0 0 0.999874 -0.00145779 -0.0157837 0.00147865 0.999998 0.00131025 0.0157818 -0.00133343 0.999875 -0.0764093 -0.904268 0.0847312 0.987926 0.0467607 -0.147704 0.999874 -0.00145779 -0.0157837 0.00147865 0.999998 0.00131025 0.0157818 -0.00133343 0.999875 9.9541 1.27629 0 1 2509 0 0 0 
20170507023235 -0.053536 -0.807392 0.119447 0 0 0 0.999899 -0.00207158 -0.0140931 0.00208454 0.999997 0.000905 0.0140912 -0.000934286 0.9999 -0.053536 -0.807392 0.119447 0.972466 0.232567 -0.0149248 0.999899 -0.00207158 -0.0140931 0.00208454 0.999997 0.000905 0.0140912 -0.000934286 0.9999 8.81532 1.19155 0 1 2509 0 0 0 
20170507023235 0.0841753 -1.26227 -0.0333281 0 0 0 0.999757 0.00054932 -0.0220298 -0.000581543 0.999999 -0.00145632 0.022029 0.00146878 0.999756 0.0841753 -1.26227 -0.0333281 0.499726 0.0270291 0.865762 0.999757 0.00054932 -0.0220298 -0.000581543 0.999999 -0.00145632 0.022029 0.00146878 0.999756 7.30884 1.3644 0 1 2509 0 0 0 
20170507023235 0.0321052 -0.0414364 -0.0599989 0 0 0 0.999999 0.00104677 -0.000723787 -0.00104718 0.999999 -0.000559584 0.000723201 0.000560341 1 0.0321052 -0.0414364 -0.0599989 -0.958891 -0.265951 -0.0989832 0.999999 0.00104677 -0.000723787 -0.00104718 0.999999 -0.000559584 0.000723201 0.000560341 1 6.99286 1.658 0 1 2502 0 0 0 
20170507023235 0.527475 -0.694613 0.153582 0 0 0 0.999923 -0.002792 -0.0120977 0.00268031 0.999954 -0.00923851 0.012123 0.00920537 0.999884 0.527475 -0.694613 0.153582 -0.932293 -0.220356 -0.286834 0.999923 -0.002792 -0.0120977 0.00268031 0.999954 -0.00923851 0.012123 0.00920537 0.999884 8.46926 2.00089 0 1 2497 0 0 0 
20170507023235 0.171778 0.184355 -0.316612 0 0 0 0.99998 0.00553552 0.00320097 -0.00552587 0.99998 -0.00301582 -0.0032176 0.00299807 0.99999 0.171778 0.184355 -0.316612 -0.943342 -0.32751 -0.0533191 0.99998 0.00553552 0.00320097 -0.00552587 0.99998 -0.00301582 -0.0032176 0.00299807 0.99999 10.0931 2.33429 0 1 2488 0 0 0 
20170507023236 0.36654 -0.630884 -0.241739 0 0 0 0.99993 0.0041486 -0.0110375 -0.00421887 0.999971 -0.00635078 0.0110108 0.0063969 0.999919 0.36654 -0.630884 -0.241739 -0.794962 -0.593532 -0.125518 0.99993 0.0041486 -0.0110375 -0.00421887 0.999971 -0.00635078 0.0110108 0.0063969 0.999919 12.311 2.64327 0 1 2454 0 0 0 
20170507023236 0.141341 -0.455827 -0.0806681 0 0 0 0.999967 0.00138829 -0.00795904 -0.00140788 0.999996 -0.00245567 0.0079556 0.00246679 0.999965 0.141341 -0.455827 -0.0806681 -0.662178 -0.729143 -0.172831 0.999967 0.00138829 -0.00795904 -0.00140788 0.999996 -0.00245567 0.0079556 0.00246679 0.999965 14.2989 2.95806 0 1 2434 0 0 0 
20170507023236 0.131703 -0.425067 -0.263308 0 0 0 0.999962 0.00457851 -0.00742922 -0.00459545 0.999987 -0.00226452 0.00741875 0.00229858 0.99997 0.131703 -0.425067 -0.263308 -0.570478 -0.813434 -0.11349 0.999962 0.00457851 -0.00742922 -0.00459545 0.999987 -0.00226452 0.00741875 0.00229858 0.99997 14.8944 3.20055 0 1 2426 0 0 0 
20170507023236 -0.269296 -0.166396 -0.336952 0 0 0 0.999978 0.00589447 -0.00287643 -0.00588086 0.999972 0.00471709 0.00290416 -0.00470007 0.999985 -0.269296 -0.166396 -0.336952 -0.524359 -0.850072 -0.0492441 0.999978 0.00589447 -0.00287643 -0.00588086 0.999972 0.00471709 0.00290416 -0.00470007 0.999985 15.3526 3.21239 0 1 2424 0 0 0 
20170507023237 -0.237269 0.0522959 -0.110227 0 0 0 0.999998 0.00192003 0.000920692 -0.00192382 0.99999 0.00413935 -0.000912735 -0.00414111 0.999991 -0.237269 0.0522959 -0.110227 -0.482572 -0.865663 -0.133233 0.999998 0.00192003 0.000920692 -0.00192382 0.99999 0.00413935 -0.000912735 -0.00414111 0.999991 16.3069 3.37906 0 1 2418 0 0 0 
20170507023237 -0.270446 -0.181771 -0.123911 0 0 0 0.999993 0.00217761 -0.00316225 -0.00216265 0.999986 0.004727 0.0031725 -0.00472013 0.999984 -0.270446 -0.181771 -0.123911 -0.336976 -0.935305 -0.107947 0.999993 0.00217761 -0.00316225 -0.00216265 0.999986 0.004727 0.0031725 -0.00472013 0.999984 17.0419 3.63568 0 1 2417 0 0 0 
20170507023237 -0.875615 0.233266 -0.276562 0 0 0 0.99998 0.00476411 0.00414449 -0.00482685 0.999872 0.015262 -0.00407125 -0.0152817 0.999875 -0.875615 0.233266 -0.276562 -0.371755 -0.926375 -0.0602254 0.99998 0.00476411 0.00414449 -0.00482685 0.999872 0.015262 -0.00407125 -0.0152817 0.999875 18.1702 3.82536 0 1 2412 0 0 0 
20170507023237 -0.354569 0.0237709 0.117758 0 0 0 0.999998 -0.0020578 0.000402153 0.00205527 0.999979 0.0061892 -0.00041488 -0.00618836 0.999981 -0.354569 0.0237709 0.117758 -0.274711 -0.957398 -0.0890062 0.999998 -0.0020578 0.000402153 0.00205527 0.999979 0.0061892 -0.00041488 -0.00618836 0.999981 19.4138 4.17539 0 1 2407 0 0 0 
20170507023237 0.357026 0.415319 -0.68295 -0.472954 -0.879238 -0.0570543 0.999903 0.0119644 0.0071737 -0.0119191 0.999909 -0.00631719 -0.00724862 0.00623107 0.999954 0.357026 0.415319 -0.68295 -0.472954 -0.879238 -0.0570543 0.999903 0.0119644 0.0071737 -0.0119191 0.999909 -0.00631719 -0.00724862 0.00623107 0.999954 20.3424 4.37115 1 1 2406 0 0 0 
20170507023238 -0.481412 0.526846 -0.546948 -0.370356 -0.928886 0.00264138 0.999912 0.00946831 0.00927453 -0.0095455 0.99992 0.00831397 -0.00919507 -0.00840177 0.999922 -0.481412 0.526846 -0.546948 -0.370356 -0.928886 0.00264138 0.999912 0.00946831 0.00927453 -0.0095455 0.99992 0.00831397 -0.00919507 -0.00840177 0.999922 21.8002 4.10273 1 1 2401 0 0 0 
20170507023238 -0.492198 0.0185617 1.02282 0.104882 0.992442 0.063711 0.999841 -0.0178528 0.000170555 0.0178507 0.999804 0.00859479 -0.000323962 -0.00859037 0.999963 -0.492198 0.0185617 1.02282 0.104882 0.992442 0.063711 0.999841 -0.0178528 0.000170555 0.0178507 0.999804 0.00859479 -0.000323962 -0.00859037 0.999963 23.4685 4.26764 1 1 2400 0 0 0 
20170507023238 -0.300851 0.148632 0.819486 -0.0847035 -0.993622 -0.0744333 0.999894 -0.0143157 0.00251871 0.0143022 0.999884 0.00528738 -0.00259411 -0.0052508 0.999983 -0.300851 0.148632 0.819486 -0.0847035 -0.993622 -0.0744333 0.999894 -0.0143157 0.00251871 0.0143022 0.999884 0.00528738 -0.00259411 -0.0052508 0.999983 23.9186 4.35983 1 1 2400 0 0 0 
20170507023238 -0.0713214 0.285402 1.04701 -0.00988809 -0.99239 -0.122735 0.999821 -0.018279 0.0049576 0.0182726 0.999832 0.00133561 -0.00498118 -0.00124478 0.999987 -0.0713214 0.285402 1.04701 -0.00988809 -0.99239 -0.122735 0.999821 -0.018279 0.0049576 0.0182726 0.999832 0.00133561 -0.00498118 -0.00124478 0.999987 23.998 4.38602 1 1 2399 0 0 0 
20170507023238 -1.03971 0.793997 -0.660481 0.142045 0.989265 0.034317 0.999838 0.011274 0.0140634 -0.0115262 0.999772 0.0179845 -0.0138574 -0.0181437 0.999739 -1.03971 0.793997 -0.660481 0.142045 0.989265 0.034317 0.999838 0.011274 0.0140634 -0.0115262 0.999772 0.0179845 -0.0138574 -0.0181437 0.999739 24.0021 4.25465 1 1 2381 0 0 0 
20170507023239 0.278276 1.57326 -0.324618 -0.251973 -0.927396 -0.276489 0.999607 0.0057989 0.0274268 -0.00566349 0.999971 -0.00501228 -0.027455 0.00485498 0.999611 0.278276 1.57326 -0.324618 -0.251973 -0.927396 -0.276489 0.999607 0.0057989 0.0274268 -0.00566349 0.999971 -0.00501228 -0.027455 0.00485498 0.999611 23.1922 4.30161 1 1 2371 0 0 0 
20170507023239 0.232707 1.39704 -0.152275 -0.0703862 -0.941481 -0.329635 0.999699 0.00275669 0.0243695 -0.0026569 0.999988 -0.00412627 -0.0243806 0.00406028 0.999695 0.232707 1.39704 -0.152275 -0.0703862 -0.941481 -0.329635 0.999699 0.00275669 0.0243695 -0.0026569 0.999988 -0.00412627 -0.0243806 0.00406028 0.999695 23.7439 4.09442 1 1 2370 0 0 0 
20170507023239 -1.02512 1.39091 0.178077 -0.000637282 0.989547 0.144212 0.999701 -0.00354179 0.0242139 0.0031071 0.999834 0.0179662 -0.0242735 -0.0178856 0.999545 -1.02512 1.39091 0.178077 -0.000637282 0.989547 0.144212 0.999701 -0.00354179 0.0242139 0.0031071 0.999834 0.0179662 -0.0242735 -0.0178856 0.999545 25.8015 4.09896 1 1 2369 0 0 0 
20170507023239 -0.0743368 2.11006 -0.100516 0.120755 0.958348 0.258821 0.99932 0.00170656 0.0368214 -0.00175315 0.999998 0.00123283 -0.0368192 -0.00129654 0.999321 -0.0743368 2.11006 -0.100516 0.120755 0.958348 0.258821 0.99932 0.00170656 0.0368214 -0.00175315 0.999998 0.00123283 -0.0368192 -0.00129654 0.999321 27.3936 4.17493 1 1 2368 0 0 0 
20170507023239 0.704053 1.76829 0.393726 -0.0619657 0.917928 0.391878 0.9995 -0.00649209 0.030939 0.00686849 0.999903 -0.0120754 -0.0308576 0.0122819 0.999448 0.704053 1.76829 0.393726 -0.0619657 0.917928 0.391878 0.9995 -0.00649209 0.030939 0.00686849 0.999903 -0.0120754 -0.0308576 0.0122819 0.999448 28.3313 4.24662 1 1 2366 0 0 0 
20170507023240 0.748535 1.76534 0.32814 -0.0899758 0.911233 0.401943 0.999509 -0.00532416 0.0308778 0.00572438 0.999901 -0.0128874 -0.0308061 0.0130578 0.99944 0.748535 1.76534 0.32814 -0.0899758 0.911233 0.401943 0.999509 -0.00532416 0.0308778 0.00572438 0.999901 -0.0128874 -0.0308061 0.0130578 0.99944 29.1129 4.31443 1 1 2366 0 0 0 
20170507023240 0.150414 1.85255 0.417522 -0.0863857 0.947961 0.306445 0.999451 -0.00720218 0.0323456 0.00728326 0.999971 -0.00238957 -0.0323275 0.00262384 0.999474 0.150414 1.85255 0.417522 -0.0863857 0.947961 0.306445 0.999451 -0.00720218 0.0323456 0.00728326 0.999971 -0.00238957 -0.0323275 0.00262384 0.999474 30.0882 4.32039 1 1 2364 0 0 0 
20170507023240 -0.891865 2.22001 -1.01872 0.0551549 0.982361 0.178676 0.999092 0.0171741 0.0390026 -0.0177658 0.999732 0.0148743 -0.0387367 -0.0155537 0.999128 -0.891865 2.22001 -1.01872 0.0551549 0.982361 0.178676 0.999092 0.0171741 0.0390026 -0.0177658 0.999732 0.0148743 -0.0387367 -0.0155537 0.999128 31.0131 4.49847 1 1 2363 0 0 0 
20170507023240 0.903437 2.38852 -0.475174 -0.00152196 0.908244 0.418438 0.999097 0.00894931 0.0415381 -0.00828605 0.999836 -0.0161123 -0.0416754 0.0157536 0.999007 0.903437 2.38852 -0.475174 -0.00152196 0.908244 0.418438 0.999097 0.00894931 0.0415381 -0.00828605 0.999836 -0.0161123 -0.0416754 0.0157536 0.999007 31.9915 4.89279 1 1 2356 0 0 0 
20170507023240 -0.0851163 1.8786 0.370909 -0.237322 0.918377 0.316642 0.999442 -0.00652222 0.0327715 0.00647005 0.999978 0.00169774 -0.0327818 -0.00148476 0.999461 -0.0851163 1.8786 0.370909 -0.237322 0.918377 0.316642 0.999442 -0.00652222 0.0327715 0.00647005 0.999978 0.00169774 -0.0327818 -0.00148476 0.999461 33.9634 6.69275 1 1 2353 0 0 0 
20170507023241 -0.570016 2.50925 0.0076164 -0.078546 0.95222 0.295139 0.999041 -0.000568477 0.0437772 0.000132804 0.99995 0.00995432 -0.0437807 -0.00993896 0.998992 -0.570016 2.50925 0.0076164 -0.078546 0.95222 0.295139 0.999041 -0.000568477 0.0437772 0.000132804 0.99995 0.00995432 -0.0437807 -0.00993896 0.998992 36.6253 6.62772 1 1 2345 0 0 0 
20170507023241 -0.193904 2.88223 -1.25747 0.064398 0.954203 0.292146 0.998494 0.021775 0.0503451 -0.0219175 0.999757 0.00227998 -0.0502832 -0.00337998 0.998729 -0.193904 2.88223 -1.25747 0.064398 0.954203 0.292146 0.998494 0.021775 0.0503451 -0.0219175 0.999757 0.00227998 -0.0502832 -0.00337998 0.998729 38.7725 7.20776 1 1 2334 0 0 0 
20170507023241 -0.843549 2.48642 -1.11508 -0.0348142 0.96185 0.271355 0.998869 0.0188199 0.0436563 -0.0194423 0.999715 0.0138752 -0.0433827 -0.0147083 0.99895 -0.843549 2.48642 -1.11508 -0.0348142 0.96185 0.271355 0.998869 0.0188199 0.0436563 -0.0194423 0.999715 0.0138752 -0.0433827 -0.0147083 0.99895 41.3149 7.95246 1 1 2327 0 0 0 
20170507023241 -1.37004 1.67695 0.586652 -0.202965 0.946634 0.25038 0.999519 -0.0109356 0.0290094 0.0102345 0.999655 0.0242078 -0.0292641 -0.0238993 0.999286 -1.37004 1.67695 0.586652 -0.202965 0.946634 0.25038 0.999519 -0.0109356 0.0290094 0.0102345 0.999655 0.0242078 -0.0292641 -0.0238993 0.999286 44.0824 9.2781 1 1 2316 0 0 0 
20170507023241 -0.00174138 2.63766 -0.183155 0.0962906 -0.928075 -0.35973 0.998935 0.00319525 0.0460194 -0.00319326 0.999995 -0.000116715 -0.0460195 -3.03607e-05 0.998941 -0.00174138 2.63766 -0.183155 0.0962906 -0.928075 -0.35973 0.998935 0.00319525 0.0460194 -0.00319326 0.999995 -0.000116715 -0.0460195 -3.03607e-05 0.998941 47.9718 14.4938 1 1 2274 0 0 0 
20170507023242 1.16265 2.65418 0.82083 -0.195082 0.883531 0.425812 0.998825 -0.0133832 0.0465839 0.0143103 0.999705 -0.0196253 -0.0463075 0.0202688 0.998722 1.16265 2.65418 0.82083 -0.195082 0.883531 0.425812 0.998825 -0.0133832 0.0465839 0.0143103 0.999705 -0.0196253 -0.0463075 0.0202688 0.998722 49.8087 15.1027 1 1 2254 0 0 0 
20170507023242 4.14871 2.68203 2.10988 -0.304884 0.653967 0.692368 0.998227 -0.0333367 0.0493023 0.0367758 0.996828 -0.0705781 -0.0467931 0.0722661 0.996287 4.14871 2.68203 2.10988 -0.304884 0.653967 0.692368 0.998227 -0.0333367 0.0493023 0.0367758 0.996828 -0.0705781 -0.0467931 0.0722661 0.996287 51.0996 15.4645 1 1 2243 0 0 0 
20170507023242 -0.534776 1.92805 0.20604 -0.237628 0.935896 0.260061 0.999427 -0.00390993 0.0336092 0.00359404 0.999949 0.00945439 -0.0336444 -0.00932818 0.99939 -0.534776 1.92805 0.20604 -0.237628 0.935896 0.260061 0.999427 -0.00390993 0.0336092 0.00359404 0.999949 0.00945439 -0.0336444 -0.00932818 0.99939 51.9876 15.3572 1 1 2239 0 0 0 
20170507023242 2.28838 2.84524 -0.116462 0.159055 -0.847116 -0.507047 0.998765 0.00401303 0.0495176 -0.00203013 0.999196 -0.0400298 -0.0496384 0.0398798 0.997971 2.28838 2.84524 -0.116462 0.159055 -0.847116 -0.507047 0.998765 0.00401303 0.0495176 -0.00203013 0.999196 -0.0400298 -0.0496384 0.0398798 0.997971 52.3001 15.5808 1 1 2236 0 0 0 
20170507023243 -0.152534 2.07105 0.427133 0.231502 -0.909569 -0.345095 0.999319 -0.00755099 0.0361178 0.00744994 0.999968 0.00293154 -0.0361388 -0.00266047 0.999343 -0.152534 2.07105 0.427133 0.231502 -0.909569 -0.345095 0.999319 -0.00755099 0.0361178 0.00744994 0.999968 0.00293154 -0.0361388 -0.00266047 0.999343 52.5425 16.3176 1 1 2236 0 0 0 
20170507023243 -0.306226 1.72202 0.657108 0.239349 -0.912408 -0.331999 0.999483 -0.0116289 0.0299867 0.0114633 0.999918 0.00568891 -0.0300504 -0.00534222 0.999534 -0.306226 1.72202 0.657108 0.239349 -0.912408 -0.331999 0.999483 -0.0116289 0.0299867 0.0114633 0.999918 0.00568891 -0.0300504 -0.00534222 0.999534 53.8624 15.9694 1 1 2236 0 0 0 
20170507023243 -0.425466 2.4263 -0.00336429 0.146485 -0.929235 -0.33921 0.999104 -0.000255646 0.0423335 -5.86654e-05 0.999972 0.00742322 -0.0423343 -0.00741905 0.999076 -0.425466 2.4263 -0.00336429 0.146485 -0.929235 -0.33921 0.999104 -0.000255646 0.0423335 -5.86654e-05 0.999972 0.00742322 -0.0423343 -0.00741905 0.999076 55.0691 16.9047 1 1 2232 0 0 0 
20170507023243 4.04265 1.45596 2.83468 -0.38323 0.686518 0.617922 0.998454 -0.0475422 0.0288009 0.0494384 0.99638 -0.0691594 -0.0254086 0.0704763 0.99719 4.04265 1.45596 2.83468 -0.38323 0.686518 0.617922 0.998454 -0.0475422 0.0288009 0.0494384 0.99638 -0.0691594 -0.0254086 0.0704763 0.99719 56.5544 17.9818 1 1 2227 0 0 0 
20170507023244 -1.82648 1.88708 0.100769 0.157368 -0.942629 -0.294425 0.999456 -0.00280742 0.0328569 0.0017578 0.999489 0.0319304 -0.0329298 -0.0318553 0.99895 -1.82648 1.88708 0.100769 0.157368 -0.942629 -0.294425 0.999456 -0.00280742 0.0328569 0.0017578 0.999489 0.0319304 -0.0329298 -0.0318553 0.99895 56.8857 17.4521 1 1 2226 0 0 0 
20170507023244 1.26425 2.13799 0.812379 0.164698 -0.827269 -0.537122 0.999203 -0.0133517 0.0376063 0.0141683 0.999668 -0.0215325 -0.0373063 0.0220482 0.999061 1.26425 2.13799 0.812379 0.164698 -0.827269 -0.537122 0.999203 -0.0133517 0.0376063 0.0141683 0.999668 -0.0215325 -0.0373063 0.0220482 0.999061 55.1466 16.589 1 1 2225 0 0 0 
20170507023244 -0.674489 2.60836 -1.01215 0.00342279 -0.901891 -0.431951 0.998808 0.0171276 0.0457064 -0.0176462 0.999784 0.0109661 -0.0455087 -0.0117596 0.998895 -0.674489 2.60836 -1.01215 0.00342279 -0.901891 -0.431951 0.998808 0.0171276 0.0457064 -0.0176462 0.999784 0.0109661 -0.0455087 -0.0117596 0.998895 52.9807 16.1033 1 1 2221 0 0 0 
20170507023244 0.0408995 1.6496 0.756256 0.15568 -0.860435 -0.485197 0.999498 -0.0131782 0.0287938 0.0131933 0.999913 -0.000333817 -0.0287869 0.000713536 0.999585 0.0408995 1.6496 0.756256 0.15568 -0.860435 -0.485197 0.999498 -0.0131782 0.0287938 0.0131933 0.999913 -0.000333817 -0.0287869 0.000713536 0.999585 52.3096 15.4354 1 1 2220 0 0 0 
20170507023245 -1.58472 1.47557 0.500285 0.124597 -0.924517 -0.360201 0.99963 -0.00944029 0.0254985 0.00872862 0.999573 0.0278788 -0.0257508 -0.027646 0.999286 -1.58472 1.47557 0.500285 0.124597 -0.924517 -0.360201 0.99963 -0.00944029 0.0254985 0.00872862 0.999573 0.0278788 -0.0257508 -0.027646 0.999286 53.045 15.3427 1 1 2220 0 0 0 
20170507023245 -0.298484 1.72972 0.450484 0.0701083 -0.897825 -0.434736 0.999513 -0.00801948 0.0301424 0.00785876 0.999954 0.00544667 -0.0301847 -0.00520714 0.999531 -0.298484 1.72972 0.450484 0.0701083 -0.897825 -0.434736 0.999513 -0.00801948 0.0301424 0.00785876 0.999954 0.00544667 -0.0301847 -0.00520714 0.999531 54.0782 14.4361 1 1 2217 0 0 0 
20170507023245 0.115882 2.14027 -0.208017 -0.0526985 -0.881054 -0.470072 0.999296 0.0037061 0.0373383 -0.00362805 0.999991 -0.00215809 -0.037346 0.0020211 0.9993 0.115882 2.14027 -0.208017 -0.0526985 -0.881054 -0.470072 0.999296 0.0037061 0.0373383 -0.00362805 0.999991 -0.00215809 -0.037346 0.0020211 0.9993 53.5638 13.8375 1 1 2206 0 0 0 
20170507023245 1.05158 1.28903 0.470871 -0.0215674 -0.849745 -0.526752 0.999713 -0.00780393 0.0226422 0.00821607 0.999801 -0.018167 -0.0224959 0.0183479 0.999579 1.05158 1.28903 0.470871 -0.0215674 -0.849745 -0.526752 0.999713 -0.00780393 0.0226422 0.00821607 0.999801 -0.018167 -0.0224959 0.0183479 0.999579 53.345 13.3593 1 1 2180 0 0 0 
20170507023246 -1.04873 1.61833 0.0988808 -0.102069 -0.894376 -0.435516 0.9996 -0.0022424 0.028205 0.00172511 0.99983 0.0183514 -0.0282414 -0.0182954 0.999434 -1.04873 1.61833 0.0988808 -0.102069 -0.894376 -0.435516 0.9996 -0.0022424 0.028205 0.00172511 0.99983 0.0183514 -0.0282414 -0.0182954 0.999434 54.5323 16.4063 1 1 2176 0 0 0 
20170507023246 0.947272 1.31524 1.00637 -0.10825 -0.824276 -0.555744 0.999582 -0.0171817 0.023237 0.0175589 0.999716 -0.0161266 -0.0229533 0.0165279 0.9996 0.947272 1.31524 1.00637 -0.10825 -0.824276 -0.555744 0.999582 -0.0171817 0.023237 0.0175589 0.999716 -0.0161266 -0.0229533 0.0165279 0.9996 55.3735 19.0596 1 1 2170 0 0 0 
20170507023246 -2.87867 1.94636 -0.133519 -0.178602 -0.916825 -0.357118 0.99942 0.00062171 0.0340379 -0.002329 0.998739 0.0501419 -0.0339638 -0.0501921 0.998162 -2.87867 1.94636 -0.133519 -0.178602 -0.916825 -0.357118 0.99942 0.00062171 0.0340379 -0.002329 0.998739 0.0501419 -0.0339638 -0.0501921 0.998162 55.7389 20.8237 1 1 2168 0 0 0 
20170507023246 -0.599574 0.975039 0.781388 -0.133099 -0.875858 -0.463851 0.999762 -0.0138147 0.0168716 0.0136354 0.99985 0.0106954 -0.0170168 -0.0104628 0.9998 -0.599574 0.975039 0.781388 -0.133099 -0.875858 -0.463851 0.999762 -0.0138147 0.0168716 0.0136354 0.99985 0.0106954 -0.0170168 -0.0104628 0.9998 54.9525 20.0434 1 1 2163 0 0 0 
20170507023246 0.0605952 0.756468 1.01957 -0.101227 -0.855057 -0.508558 0.999755 -0.01778 0.0132192 0.0177924 0.999841 -0.000822493 -0.0132025 0.00105749 0.999912 0.0605952 0.756468 1.01957 -0.101227 -0.855057 -0.508558 0.999755 -0.01778 0.0132192 0.0177924 0.999841 -0.000822493 -0.0132025 0.00105749 0.999912 54.1099 19.3759 1 1 2163 0 0 0 
20170507023247 -5.74046 0.86497 0.131965 0 0 0 0.999883 -0.00380161 0.0147899 0.00230296 0.994979 0.100057 -0.015096 -0.100011 0.994872 -5.74046 0.86497 0.131965 0 0 0 0.999883 -0.00380161 0.0147899 0.00230296 0.994979 0.100057 -0.015096 -0.100011 0.994872 54.1099 19.3759 1 0 2162 0 0 0 
20170507023247 -0.993081 1.49255 0.53641 -0.150045 -0.890239 -0.430072 0.999617 -0.00981199 0.0258797 0.0093588 0.999802 0.0175747 -0.026047 -0.0173258 0.999511 -0.993081 1.49255 0.53641 -0.150045 -0.890239 -0.430072 0.999617 -0.00981199 0.0258797 0.0093588 0.999802 0.0175747 -0.026047 -0.0173258 0.999511 49.9331 15.5959 1 1 2155 0 0 0 
20170507023247 -1.74547 1.51678 0.308462 -0.082992 -0.929804 -0.358577 0.999635 -0.0061874 0.026293 0.00538177 0.999517 0.0306015 -0.0264696 -0.0304488 0.999186 -1.74547 1.51678 0.308462 -0.082992 -0.929804 -0.358577 0.999635 -0.0061874 0.026293 0.00538177 0.999517 0.0306015 -0.0264696 -0.0304488 0.999186 48.1419 13.9197 1 1 2151 0 0 0 
20170507023247 -0.0475357 2.57922 -0.832133 -0.225235 -0.892795 -0.390111 0.998882 0.0144856 0.045008 -0.0145082 0.999895 0.000176024 -0.0450007 -0.000828814 0.998987 -0.0475357 2.57922 -0.832133 -0.225235 -0.892795 -0.390111 0.998882 0.0144856 0.045008 -0.0145082 0.999895 0.000176024 -0.0450007 -0.000828814 0.998987 47.0391 13.3149 1 1 2150 0 0 0 
20170507023248 -0.183139 2.70324 -0.814266 -0.175914 -0.905912 -0.385197 0.998786 0.0140603 0.0472033 -0.0141953 0.999896 0.00252582 -0.0471629 -0.00319282 0.998882 -0.183139 2.70324 -0.814266 -0.175914 -0.905912 -0.385197 0.998786 0.0140603 0.0472033 -0.0141953 0.999896 0.00252582 -0.0471629 -0.00319282 0.998882 45.75 12.9246 1 1 2150 0 0 0 
20170507023248 -1.39511 2.4298 -0.917063 -0.0632104 -0.949363 -0.307758 0.998973 0.0149683 0.042767 -0.0159907 0.999592 0.0236655 -0.0423953 -0.024325 0.998805 -1.39511 2.4298 -0.917063 -0.0632104 -0.949363 -0.307758 0.998973 0.0149683 0.042767 -0.0159907 0.999592 0.0236655 -0.0423953 -0.024325 0.998805 43.8793 11.5871 1 1 2149 0 0 0 
20170507023248 -0.713018 1.73648 0.77373 -0.133969 0.914503 0.381754 0.99945 -0.0138797 0.0301295 0.0134975 0.999826 0.0128522 -0.0303027 -0.0124385 0.999463 -0.713018 1.73648 0.77373 -0.133969 0.914503 0.381754 0.99945 -0.0138797 0.0301295 0.0134975 0.999826 0.0128522 -0.0303027 -0.0124385 0.999463 42.1898 7.49858 1 1 2148 0 0 0 
20170507023248 -0.594382 1.73963 0.683159 -0.174401 0.912886 0.369084 0.999468 -0.0122374 0.0302302 0.0119176 0.999871 0.0107349 -0.0303576 -0.0103689 0.999485 -0.594382 1.73963 0.683159 -0.174401 0.912886 0.369084 0.999468 -0.0122374 0.0302302 0.0119176 0.999871 0.0107349 -0.0303576 -0.0103689 0.999485 41.3287 7.32369 1 1 2148 0 0 0 
20170507023248 -0.319787 1.58285 0.594923 -0.216296 0.905891 0.364112 0.999565 -0.0105372 0.0275625 0.0103792 0.999929 0.0058678 -0.0276224 -0.00557917 0.999603 -0.319787 1.58285 0.594923 -0.216296 0.905891 0.364112 0.999565 -0.0105372 0.0275625 0.0103792 0.999929 0.0058678 -0.0276224 -0.00557917 0.999603 40.1991 7.08931 1 1 2148 0 0 0 
20170507023249 -0.176053 1.74365 0.561794 -0.194601 0.92889 0.315108 0.999489 -0.00989845 0.0303959 0.00980047 0.999946 0.0033709 -0.0304277 -0.00307128 0.999532 -0.176053 1.74365 0.561794 -0.194601 0.92889 0.315108 0.999489 -0.00989845 0.0303959 0.00980047 0.999946 0.0033709 -0.0304277 -0.00307128 0.999532 42.1664 6.78791 1 1 2148 0 0 0 
20170507023249 -0.309953 1.97403 0.629862 -0.18358 0.944446 0.272615 0.999346 -0.0111791 0.0343845 0.0109864 0.999923 0.00578801 -0.0344466 -0.00540647 0.999392 -0.309953 1.97403 0.629862 -0.18358 0.944446 0.272615 0.999346 -0.0111791 0.0343845 0.0109864 0.999923 0.00578801 -0.0344466 -0.00540647 0.999392 42.7083 6.77629 1 1 2148 0 0 0 
20170507023249 -0.771334 2.1701 0.888346 -0.192084 0.959186 0.207523 0.999163 -0.0160122 0.0376496 0.0154928 0.999781 0.0140473 -0.0378663 -0.0134523 0.999192 -0.771334 2.1701 0.888346 -0.192084 0.959186 0.207523 0.999163 -0.0160122 0.0376496 0.0154928 0.999781 0.0140473 -0.0378663 -0.0134523 0.999192 45.6151 10.2011 1 1 2148 0 0 0 
20170507023249 1.05978 2.95406 -0.348123 -0.0746183 0.958789 0.274145 0.998653 0.00702797 0.0514131 -0.00606777 0.999805 -0.0188084 -0.0515352 0.0184711 0.9985 1.05978 2.95406 -0.348123 -0.0746183 0.958789 0.274145 0.998653 0.00702797 0.0514131 -0.00606777 0.999805 -0.0188084 -0.0515352 0.0184711 0.9985 48.7328 12.2611 1 1 2148 0 0 0 
20170507023249 0.192674 3.88347 -3.04429 -0.152979 -0.973266 -0.171318 0.996296 0.0533351 0.0674529 -0.052986 0.998571 -0.00695489 -0.0677275 0.00335507 0.997698 0.192674 3.88347 -3.04429 -0.152979 -0.973266 -0.171318 0.996296 0.0533351 0.0674529 -0.052986 0.998571 -0.00695489 -0.0677275 0.00335507 0.997698 50.0568 12.6235 1 1 2147 0 0 0 
20170507023250 0.592243 2.88236 -0.149537 -0.112665 0.953423 0.279806 0.998731 0.00312953 0.0502556 -0.0026066 0.999942 -0.0104676 -0.0502854 0.0103233 0.998682 0.592243 2.88236 -0.149537 -0.112665 0.953423 0.279806 0.998731 0.00312953 0.0502556 -0.0026066 0.999942 -0.0104676 -0.0502854 0.0103233 0.998682 50.8409 11.8502 1 1 2146 0 0 0 
20170507023250 2.53834 3.03639 0.0136719 0.111027 -0.888582 -0.445078 0.998596 0.00210755 0.0529288 0.000238285 0.999019 -0.0442752 -0.0529702 0.0442257 0.997616 2.53834 3.03639 0.0136719 0.111027 -0.888582 -0.445078 0.998596 0.00210755 0.0529288 0.000238285 0.999019 -0.0442752 -0.0529702 0.0442257 0.997616 52.6896 12.6628 1 1 2145 0 0 0 
20170507023250 -0.246474 2.09422 -0.169641 -0.189723 0.949407 0.250262 0.999328 0.00280356 0.0365552 -0.00295881 0.999987 0.00419355 -0.0365429 -0.00429889 0.999323 -0.246474 2.09422 -0.169641 -0.189723 0.949407 0.250262 0.999328 0.00280356 0.0365552 -0.00295881 0.999987 0.00419355 -0.0365429 -0.00429889 0.999323 52.7553 14.1336 1 1 2145 0 0 0 
20170507023250 3.29358 3.17185 0.652978 0.125554 -0.807624 -0.576177 0.998403 -0.00819887 0.0558907 0.0113789 0.99832 -0.0568189 -0.0553309 0.0573642 0.996819 3.29358 3.17185 0.652978 0.125554 -0.807624 -0.576177 0.998403 -0.00819887 0.0558907 0.0113789 0.99832 -0.0568189 -0.0553309 0.0573642 0.996819 54.5548 15.9478 1 1 2145 0 0 0 
20170507023251 0.121624 3.02623 0.410416 0.144712 -0.913811 -0.379483 0.99858 -0.00705097 0.0528068 0.00715306 0.999973 -0.00174452 -0.0527931 0.00211977 0.998603 0.121624 3.02623 0.410416 0.144712 -0.913811 -0.379483 0.99858 -0.00705097 0.0528068 0.00715306 0.999973 -0.00174452 -0.0527931 0.00211977 0.998603 54.6814 17.2139 1 1 2144 0 0 0 
20170507023251 0.360388 2.74178 0.0939233 0.168513 -0.918982 -0.356475 0.998854 -0.00133836 0.0478442 0.00163739 0.999979 -0.0062115 -0.0478349 0.00628272 0.998835 0.360388 2.74178 0.0939233 0.168513 -0.918982 -0.356475 0.998854 -0.00133836 0.0478442 0.00163739 0.999979 -0.0062115 -0.0478349 0.00628272 0.998835 56.0083 18.0218 1 1 2142 0 0 0 
20170507023251 0.767939 2.93674 -0.0763625 0.146479 -0.899523 -0.411586 0.998686 0.00201932 0.0512109 -0.00133103 0.999908 -0.0134709 -0.0512334 0.0133851 0.998597 0.767939 2.93674 -0.0763625 0.146479 -0.899523 -0.411586 0.998686 0.00201932 0.0512109 -0.00133103 0.999908 -0.0134709 -0.0512334 0.0133851 0.998597 55.6942 17.4353 1 1 2142 0 0 0 
20170507023251 2.57948 2.45573 0.290397 0.212789 -0.813978 -0.540519 0.999069 -0.0031349 0.0430316 0.00506371 0.998984 -0.0447877 -0.0428475 0.0449639 0.998069 2.57948 2.45573 0.290397 0.212789 -0.813978 -0.540519 0.999069 -0.0031349 0.0430316 0.00506371 0.998984 -0.0447877 -0.0428475 0.0449639 0.998069 54.9188 17.1981 1 1 2142 0 0 0 
20170507023252 1.36801 2.20368 0.0979198 0.224207 -0.867534 -0.443977 0.999259 -0.000790532 0.0384818 0.00170776 0.999715 -0.0238083 -0.0384521 0.0238564 0.998976 1.36801 2.20368 0.0979198 0.224207 -0.867534 -0.443977 0.999259 -0.000790532 0.0384818 0.00170776 0.999715 -0.0238083 -0.0384521 0.0238564 0.998976 54.329 17.0784 1 1 2142 0 0 0 
20170507023252 3.70811 2.52221 0.996181 -0.261017 0.708598 0.655559 0.99888 -0.0145037 0.0450323 0.0173689 0.997805 -0.0639002 -0.0440067 0.0646108 0.99694 3.70811 2.52221 0.996181 -0.261017 0.708598 0.655559 0.99888 -0.0145037 0.0450323 0.0173689 0.997805 -0.0639002 -0.0440067 0.0646108 0.99694 52.6319 16.4818 1 1 2142 0 0 0 
20170507023252 0.0103553 2.32933 -0.229257 0.240349 -0.903239 -0.355517 0.999166 0.00400863 0.0406422 -0.00399798 0.999992 -0.000343357 -0.0406432 0.000180584 0.999174 0.0103553 2.32933 -0.229257 0.240349 -0.903239 -0.355517 0.999166 0.00400863 0.0406422 -0.00399798 0.999992 -0.000343357 -0.0406432 0.000180584 0.999174 51.6528 16.9831 1 1 2142 0 0 0 
20170507023252 -0.512546 2.87316 -0.798758 0.185838 -0.925074 -0.331212 0.998646 0.0134916 0.0502429 -0.013923 0.999869 0.00824588 -0.0501251 -0.00893424 0.998703 -0.512546 2.87316 -0.798758 0.185838 -0.925074 -0.331212 0.998646 0.0134916 0.0502429 -0.013923 0.999869 0.00824588 -0.0501251 -0.00893424 0.998703 50.2028 16.144 1 1 2142 0 0 0 
20170507023253 -0.17349 3.15838 -0.685916 -0.16974 0.922986 0.345377 0.998409 0.0118043 0.0551283 -0.011953 0.999926 0.00236818 -0.0550962 -0.00302336 0.998476 -0.17349 3.15838 -0.685916 -0.16974 0.922986 0.345377 0.998409 0.0118043 0.0551283 -0.011953 0.999926 0.00236818 -0.0550962 -0.00302336 0.998476 49.6668 15.4451 1 1 2142 0 0 0 
20170507023253 -0.422495 3.39259 -0.633727 -0.141117 0.924264 0.354714 0.998186 0.0106238 0.0592537 -0.011041 0.999916 0.00671891 -0.0591773 -0.00736094 0.99822 -0.422495 3.39259 -0.633727 -0.141117 0.924264 0.354714 0.998186 0.0106238 0.0592537 -0.011041 0.999916 0.00671891 -0.0591773 -0.00736094 0.99822 48.2782 13.3748 1 1 2142 0 0 0 
20170507023253 0.342306 4.01416 0.0384345 -0.125972 0.896686 0.424364 0.997547 -0.000252575 0.0700057 0.000669163 0.999982 -0.00592738 -0.0700029 0.00595968 0.997529 0.342306 4.01416 0.0384345 -0.125972 0.896686 0.424364 0.997547 -0.000252575 0.0700057 0.000669163 0.999982 -0.00592738 -0.0700029 0.00595968 0.997529 48.709 13.5209 1 1 2142 0 0 0 
20170507023253 0.237963 4.21585 -0.098658 -0.0858107 0.921627 0.37847 0.997293 0.00202721 0.0735062 -0.00171725 0.999989 -0.0042798 -0.0735141 0.00414198 0.997286 0.237963 4.21585 -0.098658 -0.0858107 0.921627 0.37847 0.997293 0.00202721 0.0735062 -0.00171725 0.999989 -0.0042798 -0.0735141 0.00414198 0.997286 49.0573 13.2452 1 1 2142 0 0 0 
20170507023254 0.431609 4.57933 0.177466 -0.0702174 0.919166 0.387562 0.996803 -0.00249585 0.0798599 0.00308747 0.999969 -0.00728561 -0.0798393 0.00750888 0.996779 0.431609 4.57933 0.177466 -0.0702174 0.919166 0.387562 0.996803 -0.00249585 0.0798599 0.00308747 0.999969 -0.00728561 -0.0798393 0.00750888 0.996779 49.5816 12.5377 1 1 2142 0 0 0 
20170507023254 0.550099 4.84488 0.256897 -0.0420863 0.921697 0.385621 0.996417 -0.00367261 0.0844967 0.00446766 0.999947 -0.00922212 -0.0844584 0.00956658 0.996381 0.550099 4.84488 0.256897 -0.0420863 0.921697 0.385621 0.996417 -0.00367261 0.0844967 0.00446766 0.999947 -0.00922212 -0.0844584 0.00956658 0.996381 50.4365 13.306 1 1 2142 0 0 0 
20170507023254 0.457017 4.88618 0.08733 -0.012725 0.930439 0.366225 0.996365 -0.000844748 0.0851859 0.00151866 0.999968 -0.00784654 -0.0851766 0.00794738 0.996334 0.457017 4.88618 0.08733 -0.012725 0.930439 0.366225 0.996365 -0.000844748 0.0851859 0.00151866 0.999968 -0.00784654 -0.0851766 0.00794738 0.996334 50.7041 13.9112 1 1 2142 0 0 0 
20170507023254 0.264788 4.88559 0.0421363 -0.0118635 -0.934184 -0.356595 0.996366 -0.000341822 0.0851687 0.000732746 0.999989 -0.00455877 -0.0851663 0.00460461 0.996356 0.264788 4.88559 0.0421363 -0.0118635 -0.934184 -0.356595 0.996366 -0.000341822 0.0851687 0.000732746 0.999989 -0.00455877 -0.0851663 0.00460461 0.996356 50.692 14.6218 1 1 2142 0 0 0 
20170507023255 0.300282 4.47652 -0.0157507 -0.0285592 -0.931264 -0.363225 0.996949 0.000683951 0.078048 -0.000274063 0.999986 -0.00526234 -0.0780505 0.0052249 0.996936 0.300282 4.47652 -0.0157507 -0.0285592 -0.931264 -0.363225 0.996949 0.000683951 0.078048 -0.000274063 0.999986 -0.00526234 -0.0780505 0.0052249 0.996936 50.4565 14.2179 1 1 2142 0 0 0 
20170507023255 -0.136731 3.43992 -0.405501 -0.0357178 -0.937129 -0.34715 0.998173 0.00693405 0.060017 -0.00706451 0.999973 0.0019617 -0.0600018 -0.00238211 0.998195 -0.136731 3.43992 -0.405501 -0.0357178 -0.937129 -0.34715 0.998173 0.00693405 0.060017 -0.00706451 0.999973 0.0019617 -0.0600018 -0.00238211 0.998195 49.6639 12.4384 1 1 2142 0 0 0 
20170507023255 -1.19156 2.24235 -0.519489 -0.00551295 -0.943362 -0.33172 0.999193 0.0082511 0.0393049 -0.00905972 0.99975 0.0204396 -0.0391264 -0.0207792 0.999018 -1.19156 2.24235 -0.519489 -0.00551295 -0.943362 -0.33172 0.999193 0.0082511 0.0393049 -0.00905972 0.99975 0.0204396 -0.0391264 -0.0207792 0.999018 48.2669 11.5443 1 1 2142 0 0 0 
20170507023255 2.14645 0.876719 1.37414 0.180534 -0.775285 -0.605261 0.999595 -0.0233913 0.0161841 0.0239782 0.999025 -0.0370763 -0.015301 0.0374494 0.999181 2.14645 0.876719 1.37414 0.180534 -0.775285 -0.605261 0.999595 -0.0233913 0.0161841 0.0239782 0.999025 -0.0370763 -0.015301 0.0374494 0.999181 47.926 12.1362 1 1 2141 0 0 0 
20170507023255 1.74862 0.688218 -0.0098474 0.13093 -0.79715 -0.589415 0.999928 0.000538311 0.0120006 -0.000171857 0.999534 -0.0305165 -0.0120114 0.0305123 0.999462 1.74862 0.688218 -0.0098474 0.13093 -0.79715 -0.589415 0.999928 0.000538311 0.0120006 -0.000171857 0.999534 -0.0305165 -0.0120114 0.0305123 0.999462 46.9238 13.4677 1 1 2140 0 0 0 
20170507023256 -2.70209 0.760499 -2.0404 0.017337 -0.952247 -0.304837 0.999278 0.0349392 0.0149281 -0.035601 0.998277 0.0466409 -0.0132728 -0.0471387 0.9988 -2.70209 0.760499 -2.0404 0.017337 -0.952247 -0.304837 0.999278 0.0349392 0.0149281 -0.035601 0.998277 0.0466409 -0.0132728 -0.0471387 0.9988 44.7152 13.5477 1 1 2138 0 0 0 
20170507023256 0.609324 -0.166394 -0.196651 0.268069 -0.797344 -0.540723 0.99999 0.00340112 -0.00294043 -0.00343218 0.999938 -0.0106245 0.00290411 0.0106345 0.999939 0.609324 -0.166394 -0.196651 0.268069 -0.797344 -0.540723 0.99999 0.00340112 -0.00294043 -0.00343218 0.999938 -0.0106245 0.00290411 0.0106345 0.999939 43.2746 13.7261 1 1 2135 0 0 0 
20170507023256 -0.0673375 -0.63559 0.00622234 0.396676 -0.798795 -0.4523 0.999938 -9.55632e-05 -0.011093 0.000108594 0.999999 0.00117406 0.0110929 -0.00117519 0.999938 -0.0673375 -0.63559 0.00622234 0.396676 -0.798795 -0.4523 0.999938 -9.55632e-05 -0.011093 0.000108594 0.999999 0.00117406 0.0110929 -0.00117519 0.999938 40.5871 11.8343 1 1 2135 0 0 0 
20170507023256 0.10637 -0.357886 -0.18145 0.429204 -0.764552 -0.480879 0.999975 0.00315529 -0.00625209 -0.00316683 0.999993 -0.00183671 0.00624625 0.00185646 0.999979 0.10637 -0.357886 -0.18145 0.429204 -0.764552 -0.480879 0.999975 0.00315529 -0.00625209 -0.00316683 0.999993 -0.00183671 0.00624625 0.00185646 0.999979 38.6727 9.35485 1 1 2135 0 0 0 
20170507023256 -0.0736774 -0.480025 -0.0393978 0.488022 -0.741571 -0.460332 0.999965 0.000698394 -0.00837702 -0.000687597 0.999999 0.00129167 0.00837791 -0.00128587 0.999964 -0.0736774 -0.480025 -0.0393978 0.488022 -0.741571 -0.460332 0.999965 0.000698394 -0.00837702 -0.000687597 0.999999 0.00129167 0.00837791 -0.00128587 0.999964 35.9955 9.11159 1 1 2135 0 0 0 
20170507023257 -0.0513322 -0.546171 -0.0443756 0.54041 -0.715163 -0.443282 0.999954 0.00078304 -0.00953163 -0.000774465 0.999999 0.000903298 0.00953233 -0.000895875 0.999954 -0.0513322 -0.546171 -0.0443756 0.54041 -0.715163 -0.443282 0.999954 0.00078304 -0.00953163 -0.000774465 0.999999 0.000903298 0.00953233 -0.000895875 0.999954 33.6186 8.96631 1 1 2135 0 0 0 
20170507023257 -0.144623 -0.596051 -0.0109294 0.588742 -0.676366 -0.442619 0.999946 0.000217011 -0.0104023 -0.000190743 0.999997 0.00252613 0.0104029 -0.00252401 0.999943 -0.144623 -0.596051 -0.0109294 0.588742 -0.676366 -0.442619 0.999946 0.000217011 -0.0104023 -0.000190743 0.999997 0.00252613 0.0104029 -0.00252401 0.999943 30.3327 8.93267 1 1 2135 0 0 0 
20170507023257 -0.0855176 -0.560636 0.0861335 0.610287 -0.639129 -0.468042 0.999951 -0.00148871 -0.009787 0.00150324 0.999998 0.00147785 0.00978478 -0.00149249 0.999951 -0.0855176 -0.560636 0.0861335 0.610287 -0.639129 -0.468042 0.999951 -0.00148871 -0.009787 0.00150324 0.999998 0.00147785 0.00978478 -0.00149249 0.999951 27.3688 8.48003 1 1 2135 0 0 0 
20170507023257 1.46151 0.618013 -0.0470443 0.541046 -0.432626 -0.721182 0.999941 0.00109591 0.0107617 -0.000821029 0.999674 -0.0255142 -0.0107861 0.0255039 0.999617 1.46151 0.618013 -0.0470443 0.541046 -0.432626 -0.721182 0.999941 0.00109591 0.0107617 -0.000821029 0.999674 -0.0255142 -0.0107861 0.0255039 0.999617 25.3547 8.116 1 1 2135 0 0 0 
