20170507014946 0.197142 -0.622886 0.104918 0 0 0 0.999939 -0.00186856 -0.0108648 0.00183106 0.999992 -0.00346067 0.0108712 0.00344056 0.999935 0.197142 -0.622886 0.104918 -0.99052 0.136591 -0.0145722 0.999939 -0.00186856 -0.0108648 0.00183106 0.999992 -0.00346067 0.0108712 0.00344056 0.999935 2.64058 0.960907 0 1 1997 1 0 0 
20170507014946 -0.0044721 -0.389891 0.0728427 0 0 0 0.999976 -0.00127081 -0.00680492 0.00127131 0.999999 6.94016e-05 0.00680483 -7.80511e-05 0.999977 -0.0044721 -0.389891 0.0728427 0.903227 -0.382317 -0.194973 0.999976 -0.00127081 -0.00680492 0.00127131 0.999999 6.94016e-05 0.00680483 -7.80511e-05 0.999977 3.27116 1.36322 0 1 1997 0 0 0 
20170507014946 -0.0294838 -0.00406224 0.0752056 0 0 0 0.999999 -0.00131255 -7.15749e-05 0.00131259 0.999999 0.000514496 7.08995e-05 -0.00051459 1 -0.0294838 -0.00406224 0.0752056 0.957268 -0.273754 -0.0932573 0.999999 -0.00131255 -7.15749e-05 0.00131259 0.999999 0.000514496 7.08995e-05 -0.00051459 1 5.25497 1.38097 0 1 1997 0 0 0 
20170507014947 0.13058 0.659675 0.0230203 0 0 0 0.999934 -0.00037554 0.0115141 0.000401754 0.999997 -0.00227443 -0.0115132 0.00227891 0.999931 0.13058 0.659675 0.0230203 -0.934986 -0.240628 -0.260574 0.999934 -0.00037554 0.0115141 0.000401754 0.999997 -0.00227443 -0.0115132 0.00227891 0.999931 7.57241 0.987265 0 1 1997 0 0 0 
20170507014947 0.00692504 1.57646 -0.152437 0 0 0 0.999618 0.00266385 0.0275105 -0.00265951 0.999996 -0.000194058 -0.027511 0.000120819 0.999621 0.00692504 1.57646 -0.152437 -0.50334 -0.0266066 -0.863679 0.999618 0.00266385 0.0275105 -0.00265951 0.999996 -0.000194058 -0.027511 0.000120819 0.999621 9.23031 0.853431 0 1 1997 0 0 0 
20170507014947 -0.132335 1.86324 -0.077744 0 0 0 0.99947 0.00128179 0.032517 -0.00135617 0.999997 0.00226556 -0.032514 -0.00230846 0.999469 -0.132335 1.86324 -0.077744 -0.314383 -0.134744 -0.939685 0.99947 0.00128179 0.032517 -0.00135617 0.999997 0.00226556 -0.032514 -0.00230846 0.999469 11.2278 0.939256 0 1 1996 0 0 0 
20170507014947 -0.260861 1.92095 -0.0549878 0 0 0 0.999438 0.000807094 0.0335247 -0.00095918 0.999989 0.00452069 -0.0335207 -0.00455031 0.999428 -0.260861 1.92095 -0.0549878 -0.259871 -0.328697 -0.907979 0.999438 0.000807094 0.0335247 -0.00095918 0.999989 0.00452069 -0.0335207 -0.00455031 0.999428 12.3 1.01952 0 1 1996 0 0 0 
20170507014947 -0.18179 1.47371 0.121454 0 0 0 0.999667 -0.00220136 0.0257113 0.00211907 0.999993 0.00322735 -0.0257182 -0.00317179 0.999664 -0.18179 1.47371 0.121454 -0.67747 -0.412939 -0.608701 0.999667 -0.00220136 0.0257113 0.00211907 0.999993 0.00322735 -0.0257182 -0.00317179 0.999664 12.9461 1.27469 0 1 1996 0 0 0 
20170507014947 -0.39277 1.95845 -0.0499242 0 0 0 0.999415 0.000637051 0.0341798 -0.000870832 0.999976 0.00682531 -0.0341747 -0.00685108 0.999392 -0.39277 1.95845 -0.0499242 -0.117592 -0.337669 -0.933891 0.999415 0.000637051 0.0341798 -0.000870832 0.999976 0.00682531 -0.0341747 -0.00685108 0.999392 13.183 1.55454 0 1 1996 0 0 0 
20170507014948 -0.505617 2.10813 -0.024602 0 0 0 0.999323 0.000104752 0.0367879 -0.000429095 0.999961 0.00880878 -0.0367855 -0.0088186 0.999284 -0.505617 2.10813 -0.024602 -0.138084 -0.312422 -0.939854 0.999323 0.000104752 0.0367879 -0.000429095 0.999961 0.00880878 -0.0367855 -0.0088186 0.999284 14.3922 1.63538 0 1 1996 0 0 0 
20170507014948 -0.349316 2.20354 -0.143953 0 0 0 0.999257 0.00227799 0.038464 -0.00251059 0.999979 0.00600005 -0.0384495 -0.00609216 0.999242 -0.349316 2.20354 -0.143953 -0.118437 -0.368008 -0.922249 0.999257 0.00227799 0.038464 -0.00251059 0.999979 0.00600005 -0.0384495 -0.00609216 0.999242 15.6131 1.67581 0 1 1995 0 0 0 
20170507014948 -0.379881 2.05371 0.0892322 0 0 0 0.999356 -0.00179496 0.0358252 0.00155639 0.999976 0.00668594 -0.0358364 -0.00662588 0.999336 -0.379881 2.05371 0.0892322 -0.243403 -0.0756415 -0.966971 0.999356 -0.00179496 0.0358252 0.00155639 0.999976 0.00668594 -0.0358364 -0.00662588 0.999336 15.0563 1.50966 0 1 1995 0 0 0 
20170507014948 -0.185611 2.07632 -0.112418 0 0 0 0.999342 0.00184468 0.0362368 -0.00196077 0.999993 0.00316843 -0.0362307 -0.0032374 0.999338 -0.185611 2.07632 -0.112418 0.139438 -0.137786 -0.980598 0.999342 0.00184468 0.0362368 -0.00196077 0.999993 0.00316843 -0.0362307 -0.0032374 0.999338 13.7777 1.10991 0 1 1995 0 0 0 
20170507014948 0.037883 1.6455 -0.148655 0 0 0 0.999584 0.0026135 0.0287136 -0.00259344 0.999996 -0.000735684 -0.0287154 0.000660911 0.999587 0.037883 1.6455 -0.148655 -0.26912 -0.394035 -0.878812 0.999584 0.0026135 0.0287136 -0.00259344 0.999996 -0.000735684 -0.0287154 0.000660911 0.999587 11.72 0.667393 0 1 1995 0 0 0 
20170507014949 0.0778349 0.845032 0.0244659 0 0 0 0.999891 -0.000406976 0.0147486 0.000426964 0.999999 -0.00135218 -0.0147481 0.00135833 0.99989 0.0778349 0.845032 0.0244659 0.975355 -0.107182 0.192857 0.999891 -0.000406976 0.0147486 0.000426964 0.999999 -0.00135218 -0.0147481 0.00135833 0.99989 8.23563 0.493846 0 1 1995 0 0 0 
20170507014949 0.233643 0.487632 0.00999102 0 0 0 0.999964 -0.00013967 0.00851132 0.00017437 0.999992 -0.00407635 -0.00851068 0.00407768 0.999955 0.233643 0.487632 0.00999102 -0.215069 -0.205038 -0.954832 0.999964 -0.00013967 0.00851132 0.00017437 0.999992 -0.00407635 -0.00851068 0.00407768 0.999955 3.69716 1.10804 0 1 1995 0 0 0 
20170507014949 0.29 -0.404951 -0.0501202 0 0 0 0.999975 0.000838979 -0.00707201 -0.000874741 0.999987 -0.00505525 0.00706768 0.00506131 0.999962 0.29 -0.404951 -0.0501202 0.138307 -0.148376 -0.979212 0.999975 0.000838979 -0.00707201 -0.000874741 0.999987 -0.00505525 0.00706768 0.00506131 0.999962 2.79023 1.25816 0 1 1993 0 0 0 
20170507014949 0.147066 -0.955747 0.00963852 0 0 0 0.999861 -0.000211038 -0.0166797 0.000168201 0.999997 -0.00256958 0.0166802 0.00256642 0.999858 0.147066 -0.955747 0.00963852 0.137353 -0.206897 -0.968673 0.999861 -0.000211038 -0.0166797 0.000168201 0.999997 -0.00256958 0.0166802 0.00256642 0.999858 6.54513 3.17702 0 1 1974 0 0 0 
20170507014949 -0.0376246 -0.786621 0.107716 0 0 0 0.999904 -0.00187099 -0.0137299 0.00187983 0.999998 0.000630863 0.0137287 -0.000656612 0.999906 -0.0376246 -0.786621 0.107716 -0.153649 -0.172852 -0.972889 0.999904 -0.00187099 -0.0137299 0.00187983 0.999998 0.000630863 0.0137287 -0.000656612 0.999906 8.29627 4.37535 0 1 1964 0 0 0 
20170507014950 -0.0376246 -0.786621 0.107716 0 0 0 0.926435 0.275395 -0.256664 -0.252203 0.960211 0.119951 0.279486 -0.0463953 0.959028 -2.76966 -16.2295 -15.2286 0.11402 -0.224527 -0.967774 0.926435 0.275395 -0.256664 -0.252203 0.960211 0.119951 0.279486 -0.0463953 0.959028 8.29627 4.37535 0 1 772 0 1 1 
20170507014950 0.181705 0.933815 -0.177667 0 0 0 0.999862 0.00315254 0.0162874 -0.00310046 0.99999 -0.00322187 -0.0162974 0.00317093 0.999862 0.181705 0.933815 -0.177667 -0.394441 -0.0284111 -0.918482 0.999862 0.00315254 0.0162874 -0.00310046 0.99999 -0.00322187 -0.0162974 0.00317093 0.999862 7.98644 5.08579 0 1 770 0 0 0 
20170507014950 -0.283748 0.240068 -0.185842 0 0 0 0.999986 0.00322276 0.00420596 -0.00324353 0.999983 0.0049387 -0.00418997 -0.00495228 0.999979 -0.283748 0.240068 -0.185842 -0.0140408 -0.148415 -0.988826 0.999986 0.00322276 0.00420596 -0.00324353 0.999983 0.0049387 -0.00418997 -0.00495228 0.999979 9.55974 5.59157 0 1 761 0 0 0 
20170507014951 -0.283748 0.240068 -0.185842 0 0 0 0.843715 -0.104828 -0.526456 -0.00655613 0.978661 -0.205378 0.536751 0.176732 0.825023 12.0909 -32.4628 -0.445211 0.491601 0.105063 -0.86446 0.843715 -0.104828 -0.526456 -0.00655613 0.978661 -0.205378 0.536751 0.176732 0.825023 9.55974 5.59157 0 1 761 0 1 1 
20170507014951 -0.110323 -1.19134 0.0671558 0 0 0 0.999783 -0.00113205 -0.0207936 0.00117184 0.999998 0.00190113 0.0207914 -0.00192508 0.999782 -0.110323 -1.19134 0.0671558 0.408871 -0.133754 -0.902737 0.999783 -0.00113205 -0.0207936 0.00117184 0.999998 0.00190113 0.0207914 -0.00192508 0.999782 12.8555 7.9416 0 1 753 0 0 0 
20170507014951 -0.891632 1.90064 -0.744159 0 0 0 0.999366 0.01247 0.0333616 -0.0129805 0.999801 0.0151293 -0.0331663 -0.0155527 0.999329 -0.891632 1.90064 -0.744159 -0.387892 -0.298743 -0.871947 0.999366 0.01247 0.0333616 -0.0129805 0.999801 0.0151293 -0.0331663 -0.0155527 0.999329 14.0626 9.06251 0 1 751 0 0 0 
20170507014951 -0.240966 -0.385696 -0.302211 0 0 0 0.999963 0.00530282 -0.00670927 -0.00527444 0.999977 0.00424108 0.00673161 -0.00420554 0.999968 -0.240966 -0.385696 -0.302211 0.0422974 -0.19474 -0.979942 0.999963 0.00530282 -0.00670927 -0.00527444 0.999977 0.00424108 0.00673161 -0.00420554 0.999968 15.3332 10.1076 0 1 751 0 0 0 
20170507014951 -0.0743301 -0.0469533 -0.428934 0 0 0 0.999972 0.00748729 -0.000809755 -0.00748623 0.999971 0.0013034 0.00081949 -0.0012973 0.999999 -0.0743301 -0.0469533 -0.428934 -0.0392933 -0.175767 -0.983647 0.999972 0.00748729 -0.000809755 -0.00748623 0.999971 0.0013034 0.00081949 -0.0012973 0.999999 16.6596 10.8955 0 1 751 0 0 0 
20170507014951 -0.0217816 -0.292793 -0.406074 0 0 0 0.999962 0.00708921 -0.00510736 -0.00708718 0.999975 0.000416368 0.00511018 -0.000380155 0.999987 -0.0217816 -0.292793 -0.406074 -0.0352186 -0.173127 -0.98427 0.999962 0.00708921 -0.00510736 -0.00708718 0.999975 0.000416368 0.00511018 -0.000380155 0.999987 17.6023 11.6508 0 1 751 0 0 0 
20170507014951 -0.334691 -1.22019 0.109594 0 0 0 0.999771 -0.00178836 -0.0213055 0.00191235 0.999981 0.00580069 0.0212947 -0.00584011 0.999756 -0.334691 -1.22019 0.109594 0.106742 -0.234208 -0.966309 0.999771 -0.00178836 -0.0213055 0.00191235 0.999981 0.00580069 0.0212947 -0.00584011 0.999756 18.3779 12.3353 0 1 748 0 0 0 
20170507014952 0.669144 -2.01422 -0.184043 0 0 0 0.999377 0.00280147 -0.0351824 -0.00321017 0.999928 -0.0115655 0.0351475 0.0116713 0.999314 0.669144 -2.01422 -0.184043 0.196267 -0.0910624 -0.976313 0.999377 0.00280147 -0.0351824 -0.00321017 0.999928 -0.0115655 0.0351475 0.0116713 0.999314 19.4517 13.0191 0 1 746 0 0 0 
20170507014952 -0.416319 -1.38883 -0.106163 0.0715292 -0.243365 -0.967294 0.999705 0.00202895 -0.0242231 -0.00185234 0.999972 0.00731097 0.0242372 -0.00726394 0.99968 -0.416319 -1.38883 -0.106163 0.0715292 -0.243365 -0.967294 0.999705 0.00202895 -0.0242231 -0.00185234 0.999972 0.00731097 0.0242372 -0.00726394 0.99968 20.1632 13.3693 1 1 741 0 0 0 
20170507014952 -0.307957 -3.58613 0.520604 0.423418 -0.172811 -0.8893 0.998001 -0.00874983 -0.0625942 0.00906834 0.999947 0.0048063 0.0625489 -0.00536431 0.998027 -0.307957 -3.58613 0.520604 0.423418 -0.172811 -0.8893 0.998001 -0.00874983 -0.0625942 0.00906834 0.999947 0.0048063 0.0625489 -0.00536431 0.998027 21.0594 13.8194 1 1 736 0 0 0 
20170507014952 -0.307349 -3.76961 0.506381 0.416379 -0.167142 -0.893696 0.997798 -0.00848511 -0.0657885 0.00881877 0.99995 0.00478298 0.0657446 -0.00535261 0.997822 -0.307349 -3.76961 0.506381 0.416379 -0.167142 -0.893696 0.997798 -0.00848511 -0.0657885 0.00881877 0.99995 0.00478298 0.0657446 -0.00535261 0.997822 21.7562 14.4643 1 1 736 0 0 0 
20170507014952 0.86863 -1.65978 -0.141297 0.0492983 -0.0602577 -0.996965 0.999577 0.00202672 -0.0289985 -0.00246506 0.999883 -0.0150884 0.0289645 0.0151535 0.999466 0.86863 -1.65978 -0.141297 0.0492983 -0.0602577 -0.996965 0.999577 0.00202672 -0.0289985 -0.00246506 0.999883 -0.0150884 0.0289645 0.0151535 0.999466 22.77 15.5341 1 1 727 0 0 0 
20170507014952 0.199828 -2.67754 -0.341959 0.109778 -0.0785374 -0.990848 0.99889 0.00580532 -0.0467345 -0.00596176 0.999977 -0.00320878 0.0467148 0.00348384 0.998902 0.199828 -2.67754 -0.341959 0.109778 -0.0785374 -0.990848 0.99889 0.00580532 -0.0467345 -0.00596176 0.999977 -0.00320878 0.0467148 0.00348384 0.998902 25.1141 15.7606 1 1 721 0 0 0 
20170507014952 -0.174949 -2.93338 -0.272106 0.14854 -0.0605776 -0.987049 0.998678 0.00490536 -0.0511594 -0.0047429 0.999983 0.00329643 0.0511747 -0.00304943 0.998685 -0.174949 -2.93338 -0.272106 0.14854 -0.0605776 -0.987049 0.998678 0.00490536 -0.0511594 -0.0047429 0.999983 0.00329643 0.0511747 -0.00304943 0.998685 28.2161 16.6872 1 1 714 0 0 0 
20170507014953 0.45146 -4.88655 -0.116574 0.390283 0.0458095 -0.919555 0.996363 0.00136335 -0.0851963 -0.00202721 0.999968 -0.00770606 0.0851831 0.00785074 0.996334 0.45146 -4.88655 -0.116574 0.390283 0.0458095 -0.919555 0.996363 0.00136335 -0.0851963 -0.00202721 0.999968 -0.00770606 0.0851831 0.00785074 0.996334 30.9688 16.7443 1 1 712 0 0 0 
20170507014953 -0.768086 -2.87332 -0.0342207 0.14501 -0.0690997 -0.987014 0.998743 0.00126919 -0.0501154 -0.000596513 0.99991 0.0134352 0.050128 -0.0133884 0.998653 -0.768086 -2.87332 -0.0342207 0.14501 -0.0690997 -0.987014 0.998743 0.00126919 -0.0501154 -0.000596513 0.99991 0.0134352 0.050128 -0.0133884 0.998653 33.6554 17.671 1 1 698 0 0 0 
20170507014953 -0.478958 -2.80806 0.364431 0.100998 -0.0201965 -0.994682 0.998779 -0.00595075 -0.0490407 0.00635285 0.999947 0.00804754 0.0489903 -0.00834926 0.998764 -0.478958 -2.80806 0.364431 0.100998 -0.0201965 -0.994682 0.998779 -0.00595075 -0.0490407 0.00635285 0.999947 0.00804754 0.0489903 -0.00834926 0.998764 36.6557 18.8156 1 1 696 0 0 0 
20170507014953 -0.76053 -3.06738 -0.0257646 0.131077 -0.0309892 -0.990888 0.998567 0.0011599 -0.0534996 -0.000449033 0.999911 0.0132974 0.0535103 -0.0132543 0.998479 -0.76053 -3.06738 -0.0257646 0.131077 -0.0309892 -0.990888 0.998567 0.0011599 -0.0534996 -0.000449033 0.999911 0.0132974 0.0535103 -0.0132543 0.998479 38.2887 19.3265 1 1 695 0 0 0 
20170507014953 0.499572 -5.66554 -0.648073 0 0 0 0.995051 0.0104496 -0.0988098 -0.0112555 0.999908 -0.00760194 0.0987213 0.00867647 0.995077 0.499572 -5.66554 -0.648073 0 0 0 0.995051 0.0104496 -0.0988098 -0.0112555 0.999908 -0.00760194 0.0987213 0.00867647 0.995077 38.2887 19.3265 1 0 690 0 0 0 
20170507014953 -0.270617 -3.61499 -0.149637 0.122761 0.0397146 -0.991641 0.998007 0.00290943 -0.0630383 -0.00260646 0.999985 0.00488779 0.0630516 -0.00471374 0.997999 -0.270617 -3.61499 -0.149637 0.122761 0.0397146 -0.991641 0.998007 0.00290943 -0.0630383 -0.00260646 0.999985 0.00488779 0.0630516 -0.00471374 0.997999 42.6363 21.5789 1 1 686 0 0 0 
20170507014953 1.19153 -5.06598 -0.189553 0 0 0 0.996088 0.0014714 -0.0883521 -0.0032954 0.999784 -0.0205024 0.0883028 0.0207134 0.995878 1.19153 -5.06598 -0.189553 0 0 0 0.996088 0.0014714 -0.0883521 -0.0032954 0.999784 -0.0205024 0.0883028 0.0207134 0.995878 42.6363 21.5789 1 0 675 0 0 0 
20170507014954 -2.29837 1.45944 -0.40882 -0.323677 -0.128562 -0.937393 0.99965 0.00610807 0.0257343 -0.00713288 0.999177 0.0399208 -0.0254693 -0.0400904 0.998871 -2.29837 1.45944 -0.40882 -0.323677 -0.128562 -0.937393 0.99965 0.00610807 0.0257343 -0.00713288 0.999177 0.0399208 -0.0254693 -0.0400904 0.998871 46.2678 22.792 1 1 668 0 0 0 
20170507014954 -1.26716 -0.0477464 -0.185435 -0.166152 -0.0744816 -0.983283 0.999994 0.00325408 -0.000761551 -0.00323644 0.99975 0.0221169 0.000833331 -0.0221143 0.999755 -1.26716 -0.0477464 -0.185435 -0.166152 -0.0744816 -0.983283 0.999994 0.00325408 -0.000761551 -0.00323644 0.99975 0.0221169 0.000833331 -0.0221143 0.999755 45.0757 23.1287 1 1 657 0 0 0 
20170507014954 0.0299171 -3.99761 0.097633 0.149531 -0.0223767 -0.988504 0.997566 -0.00174042 -0.0697139 0.00169987 0.999998 -0.000640947 0.0697149 0.000520882 0.997567 0.0299171 -3.99761 0.097633 0.149531 -0.0223767 -0.988504 0.997566 -0.00174042 -0.0697139 0.00169987 0.999998 -0.000640947 0.0697149 0.000520882 0.997567 43.8379 23.2086 1 1 644 0 0 0 
20170507014954 -0.645319 -2.91124 -0.125383 0.0637861 -0.079633 -0.994781 0.998707 0.00276023 -0.0507609 -0.00218553 0.999933 0.0113738 0.0507889 -0.0112482 0.998646 -0.645319 -2.91124 -0.125383 0.0637861 -0.079633 -0.994781 0.998707 0.00276023 -0.0507609 -0.00218553 0.999933 0.0113738 0.0507889 -0.0112482 0.998646 43.6042 23.6464 1 1 644 0 0 0 
20170507014954 -2.1028 0.329493 -0.418812 -0.170743 -0.17759 -0.969179 0.999957 0.00709366 0.00601489 -0.00730946 0.999301 0.0366495 -0.0057507 -0.0366919 0.99931 -2.1028 0.329493 -0.418812 -0.170743 -0.17759 -0.969179 0.999957 0.00709366 0.00601489 -0.00730946 0.999301 0.0366495 -0.0057507 -0.0366919 0.99931 43.8708 23.6376 1 1 641 0 0 0 
20170507014954 -0.971781 -2.33779 -0.0368044 -0.000601931 -0.128472 -0.991713 0.999168 0.00133408 -0.040774 -0.000641823 0.999856 0.0169862 0.0407908 -0.0169458 0.999024 -0.971781 -2.33779 -0.0368044 -0.000601931 -0.128472 -0.991713 0.999168 0.00133408 -0.040774 -0.000641823 0.999856 0.0169862 0.0407908 -0.0169458 0.999024 44.7595 23.817 1 1 635 0 0 0 
20170507014955 1.36357 -0.618912 -0.244215 -0.0546574 0.0273543 -0.99813 0.999933 0.00400409 -0.0109001 -0.00426209 0.999709 -0.0237504 0.0108018 0.0237952 0.999658 1.36357 -0.618912 -0.244215 -0.0546574 0.0273543 -0.99813 0.999933 0.00400409 -0.0109001 -0.00426209 0.999709 -0.0237504 0.0108018 0.0237952 0.999658 46.6633 24.7357 1 1 634 0 0 0 
20170507014955 -1.46481 -0.904863 -0.114703 -0.0759902 -0.151419 -0.985544 0.999873 0.00240498 -0.0157358 -0.00200169 0.99967 0.0255945 0.0157922 -0.0255597 0.999549 -1.46481 -0.904863 -0.114703 -0.0759902 -0.151419 -0.985544 0.999873 0.00240498 -0.0157358 -0.00200169 0.99967 0.0255945 0.0157922 -0.0255597 0.999549 47.2108 25.6541 1 1 631 0 0 0 
20170507014955 -0.726035 -3.00731 0.238574 0.0723681 -0.104614 -0.991876 0.998614 -0.00349878 -0.0525114 0.00415815 0.999914 0.0124528 0.0524633 -0.0126539 0.998543 -0.726035 -3.00731 0.238574 0.0723681 -0.104614 -0.991876 0.998614 -0.00349878 -0.0525114 0.00415815 0.999914 0.0124528 0.0524633 -0.0126539 0.998543 47.843 26.5586 1 1 631 0 0 0 
20170507014955 -1.79926 -1.02248 0.0157763 -0.0447488 -0.166158 -0.985083 0.999841 0.000285071 -0.0178445 0.000275304 0.999507 0.0313929 0.0178447 -0.0313928 0.999348 -1.79926 -1.02248 0.0157763 -0.0447488 -0.166158 -0.985083 0.999841 0.000285071 -0.0178445 0.000275304 0.999507 0.0313929 0.0178447 -0.0313928 0.999348 48.2553 26.8817 1 1 631 0 0 0 
20170507014955 -1.40663 -0.530235 0.0605139 -0.0867256 -0.134495 -0.987112 0.999957 -0.000828677 -0.00927735 0.00105612 0.999698 0.0245381 0.00925422 -0.0245468 0.999656 -1.40663 -0.530235 0.0605139 -0.0867256 -0.134495 -0.987112 0.999957 -0.000828677 -0.00927735 0.00105612 0.999698 0.0245381 0.00925422 -0.0245468 0.999656 48.5264 27.2448 1 1 631 0 0 0 
20170507014955 -0.778281 2.70744 -0.222484 -0.266168 -0.0764295 -0.960892 0.998876 0.00324111 0.0472842 -0.00387874 0.999903 0.0133996 -0.0472362 -0.013568 0.998792 -0.778281 2.70744 -0.222484 -0.266168 -0.0764295 -0.960892 0.998876 0.00324111 0.0472842 -0.00387874 0.999903 0.0133996 -0.0472362 -0.013568 0.998792 48.742 26.9766 1 1 629 0 0 0 
20170507014956 -1.99404 -1.19651 0.21232 -0.0358192 -0.129297 -0.990959 0.999775 -0.00297685 -0.0209977 0.00370486 0.99939 0.0347179 0.0208815 -0.0347879 0.999177 -1.99404 -1.19651 0.21232 -0.0358192 -0.129297 -0.990959 0.999775 -0.00297685 -0.0209977 0.00370486 0.99939 0.0347179 0.0208815 -0.0347879 0.999177 49.0599 26.1914 1 1 626 0 0 0 
20170507014956 -3.01838 -1.61555 0.14991 -0.0221971 -0.17419 -0.984462 0.999599 -0.00112826 -0.0282915 0.00261538 0.998613 0.0525824 0.028193 -0.0526353 0.998216 -3.01838 -1.61555 0.14991 -0.0221971 -0.17419 -0.984462 0.999599 -0.00112826 -0.0282915 0.00261538 0.998613 0.0525824 0.028193 -0.0526353 0.998216 49.2946 25.2691 1 1 619 0 0 0 
20170507014956 -1.41371 3.34366 0.84134 -0.229195 -0.0753547 -0.970459 0.99819 -0.016118 0.0579384 0.0146586 0.999567 0.0255249 -0.0583247 -0.0246294 0.997994 -1.41371 3.34366 0.84134 -0.229195 -0.0753547 -0.970459 0.99819 -0.016118 0.0579384 0.0146586 0.999567 0.0255249 -0.0583247 -0.0246294 0.997994 49.881 24.2594 1 1 617 0 0 0 
20170507014956 -2.99546 -1.21576 0.412923 -0.00440899 -0.129035 -0.99163 0.999749 -0.00608823 -0.0215645 0.00720518 0.998616 0.0521028 0.0212174 -0.0522451 0.998409 -2.99546 -1.21576 0.412923 -0.00440899 -0.129035 -0.99163 0.999749 -0.00608823 -0.0215645 0.00720518 0.998616 0.0521028 0.0212174 -0.0522451 0.998409 51.3762 23.1664 1 1 613 0 0 0 
20170507014957 -1.65827 0.761792 0.554219 -0.0888134 -0.050306 -0.994777 0.999865 -0.0100535 0.0130093 0.00967194 0.999531 0.0290655 -0.0132954 -0.0289357 0.999493 -1.65827 0.761792 0.554219 -0.0888134 -0.050306 -0.994777 0.999865 -0.0100535 0.0130093 0.00967194 0.999531 0.0290655 -0.0132954 -0.0289357 0.999493 53.3061 21.4839 1 1 609 0 0 0 
20170507014957 -7.17069 -0.386888 -1.0234 0 0 0 0.999818 0.0185638 -0.00446905 -0.0178603 0.992005 0.124925 0.00675241 -0.124823 0.992156 -7.17069 -0.386888 -1.0234 0 0 0 0.999818 0.0185638 -0.00446905 -0.0178603 0.992005 0.124925 0.00675241 -0.124823 0.992156 53.3061 21.4839 1 0 609 0 0 0 
20170507014958 -3.01395 1.84931 -0.186419 -0.0417871 -0.0371417 -0.998436 0.999474 0.00155235 0.0323972 -0.00325192 0.998617 0.0524739 -0.032271 -0.0525517 0.998097 -3.01395 1.84931 -0.186419 -0.0417871 -0.0371417 -0.998436 0.999474 0.00155235 0.0323972 -0.00325192 0.998617 0.0524739 -0.032271 -0.0525517 0.998097 64.7839 24.441 1 1 609 0 0 0 
20170507014958 -2.546 3.58189 -0.0543204 -0.0663855 -0.0631332 -0.995795 0.998046 -0.00182809 0.0624554 -0.000946218 0.999015 0.0443623 -0.062475 -0.0443347 0.997061 -2.546 3.58189 -0.0543204 -0.0663855 -0.0631332 -0.995795 0.998046 -0.00182809 0.0624554 -0.000946218 0.999015 0.0443623 -0.062475 -0.0443347 0.997061 61.7932 23.8681 1 1 609 0 0 0 
20170507014958 -3.1269 6.52642 -0.49406 0 0 0 0.993483 0.0024103 0.113958 -0.00856698 0.998528 0.053567 -0.113661 -0.0541942 0.99204 -3.1269 6.52642 -0.49406 0 0 0 0.993483 0.0024103 0.113958 -0.00856698 0.998528 0.053567 -0.113661 -0.0541942 0.99204 61.7932 23.8681 1 0 609 0 0 0 
20170507014959 -3.1269 6.52642 -0.49406 0.556088 0.00131921 -0.831122 0.990565 0.00990369 -0.136685 -0.00484647 0.999293 0.0372824 0.136958 -0.0362682 0.989913 -2.09825 -7.87185 -0.280325 0.556088 0.00131921 -0.831122 0.990565 0.00990369 -0.136685 -0.00484647 0.999293 0.0372824 0.136958 -0.0362682 0.989913 61.7932 23.8681 1 0 609 0 1 1 
20170507014959 -3.1269 6.52642 -0.49406 0.413888 -0.061714 -0.908233 0.997042 0.014608 -0.0754577 -0.0108941 0.99872 0.0493975 0.0760827 -0.0484293 0.995925 -2.78396 -4.36344 -0.626016 0.413888 -0.061714 -0.908233 0.997042 0.014608 -0.0754577 -0.0108941 0.99872 0.0493975 0.0760827 -0.0484293 0.995925 61.7932 23.8681 1 0 609 0 1 2 
20170507015000 -3.1269 6.52642 -0.49406 0.55392 -0.172823 -0.814436 0.981375 0.0210616 -0.190945 -0.00237969 0.995228 0.0975453 0.192088 -0.0952741 0.976742 -5.57116 -11.0747 -0.138934 0.55392 -0.172823 -0.814436 0.981375 0.0210616 -0.190945 -0.00237969 0.995228 0.0975453 0.192088 -0.0952741 0.976742 61.7932 23.8681 1 0 609 0 1 3 
20170507015000 -4.31578 -2.49416 1.09527 0.285701 -0.130681 -0.949367 0.99887 -0.0157865 -0.0448247 0.0190969 0.997045 0.0744102 0.0435176 -0.0751821 0.99622 -4.31578 -2.49416 1.09527 0.285701 -0.130681 -0.949367 0.99887 -0.0157865 -0.0448247 0.0190969 0.997045 0.0744102 0.0435176 -0.0751821 0.99622 73.6063 38.6192 1 1 609 0 0 0 
20170507015001 -4.91062 -8.93352 -0.0790729 0 0 0 0.987868 0.0146679 -0.1546 -0.00136334 0.99631 0.085815 0.155288 -0.0845631 0.984243 -4.91062 -8.93352 -0.0790729 0 0 0 0.987868 0.0146679 -0.1546 -0.00136334 0.99631 0.085815 0.155288 -0.0845631 0.984243 73.6063 38.6192 1 0 609 0 0 0 
20170507015001 -8.04943 -8.61334 0.327294 0 0 0 0.988705 0.0153149 -0.149087 0.00564789 0.990251 0.139178 0.149766 -0.138448 0.97898 -8.04943 -8.61334 0.327294 0 0 0 0.988705 0.0153149 -0.149087 0.00564789 0.990251 0.139178 0.149766 -0.138448 0.97898 73.6063 38.6192 1 0 609 0 0 0 
20170507015001 -5.496 -8.17271 2.716 0 0 0 0.988732 -0.0335675 -0.145883 0.0469041 0.99493 0.0889634 0.142157 -0.0948035 0.985294 -5.496 -8.17271 2.716 0 0 0 0.988732 -0.0335675 -0.145883 0.0469041 0.99493 0.0889634 0.142157 -0.0948035 0.985294 73.6063 38.6192 1 0 609 0 0 0 
20170507015002 -5.6483 -0.648557 1.65493 0 0 0 0.999519 -0.0276261 -0.014102 0.0288781 0.994762 0.0980555 0.0113192 -0.0984155 0.995081 -5.6483 -0.648557 1.65493 0 0 0 0.999519 -0.0276261 -0.014102 0.0288781 0.994762 0.0980555 0.0113192 -0.0984155 0.995081 73.6063 38.6192 1 0 609 0 0 0 
20170507015002 -4.42176 -0.931585 0.796632 0.0073054 -0.15306 -0.98819 0.999771 -0.0126086 -0.0172805 0.0139016 0.996945 0.0768648 0.0162585 -0.0770874 0.996892 -4.42176 -0.931585 0.796632 0.0073054 -0.15306 -0.98819 0.999771 -0.0126086 -0.0172805 0.0139016 0.996945 0.0768648 0.0162585 -0.0770874 0.996892 51.8411 17.6103 1 1 609 0 0 0 
20170507015002 -5.53496 0.889305 -1.33918 0 0 0 0.999606 0.0217654 0.0176983 -0.0233682 0.995101 0.0960656 -0.0155207 -0.0964414 0.995218 -5.53496 0.889305 -1.33918 0 0 0 0.999606 0.0217654 0.0176983 -0.0233682 0.995101 0.0960656 -0.0155207 -0.0964414 0.995218 51.8411 17.6103 1 0 609 0 0 0 
20170507015003 -4.81288 1.36536 -0.934692 -0.129241 -0.210732 -0.968963 0.999583 0.0142563 