20170507012044 0.363547 0.181699 -0.118011 0 0 0 0.999993 0.00207976 0.00315811 -0.00205967 0.999978 -0.00635156 -0.00317125 0.00634501 0.999975 0.363547 0.181699 -0.118011 0.237016 -0.971234 -0.0229907 0.999993 0.00207976 0.00315811 -0.00205967 0.999978 -0.00635156 -0.00317125 0.00634501 0.999975 6.09154 1.32841 0 1 2000 1 0 0 
20170507012044 0.0625628 0.0766305 0.0151086 0 0 0 0.999999 -0.000262234 0.00133774 0.000263694 0.999999 -0.00109157 -0.00133745 0.00109193 0.999999 0.0625628 0.0766305 0.0151086 -0.226572 0.931262 0.285336 0.999999 -0.000262234 0.00133774 0.000263694 0.999999 -0.00109157 -0.00133745 0.00109193 0.999999 8.13581 1.83367 0 1 1999 0 0 0 
20170507012045 -0.416052 0.0885548 -0.183881 0 0 0 0.999994 0.00319801 0.00156883 -0.00320932 0.999969 0.00725642 -0.00154557 -0.00726141 0.999972 -0.416052 0.0885548 -0.183881 -0.450584 0.796275 0.403635 0.999994 0.00319801 0.00156883 -0.00320932 0.999969 0.00725642 -0.00154557 -0.00726141 0.999972 9.1482 2.1054 0 1 1998 0 0 0 
20170507012045 0.325434 0.0584912 0.324934 0 0 0 0.999983 -0.00566524 0.00105304 0.00567113 0.999968 -0.00567399 -0.00102086 0.00567986 0.999983 0.325434 0.0584912 0.324934 -0.267202 0.923006 0.276881 0.999983 -0.00566524 0.00105304 0.00567113 0.999968 -0.00567399 -0.00102086 0.00567986 0.999983 9.26054 2.21443 0 1 1998 0 0 0 
20170507012045 -0.266354 0.138954 -0.161543 0 0 0 0.999993 0.00280816 0.00243827 -0.00281945 0.999985 0.00464187 -0.0024252 -0.00464872 0.999986 -0.266354 0.138954 -0.161543 -0.483714 0.77077 0.41465 0.999993 0.00280816 0.00243827 -0.00281945 0.999985 0.00464187 -0.0024252 -0.00464872 0.999986 9.01242 2.38764 0 1 1998 0 0 0 
20170507012045 0.326729 0.259706 0.314651 0 0 0 0.999975 -0.00546574 0.00456388 0.00549162 0.999969 -0.00567749 -0.00453271 0.00570241 0.999973 0.326729 0.259706 0.314651 -0.384532 0.862953 0.327793 0.999975 -0.00546574 0.00456388 0.00549162 0.999969 -0.00567749 -0.00453271 0.00570241 0.999973 8.61325 2.43022 0 1 1998 0 0 0 
20170507012045 0.253953 0.317849 0.257774 0 0 0 0.999974 -0.00447436 0.00556731 0.00449892 0.99998 -0.00440729 -0.00554748 0.00443223 0.999975 0.253953 0.317849 0.257774 -0.452355 0.82575 0.336916 0.999974 -0.00447436 0.00556731 0.00449892 0.99998 -0.00440729 -0.00554748 0.00443223 0.999975 8.71688 2.41562 0 1 1998 0 0 0 
20170507012045 -0.0840426 0.472415 -0.174088 0 0 0 0.999961 0.0030263 0.00824951 -0.00303829 0.999994 0.00144176 -0.0082451 -0.00146677 0.999965 -0.0840426 0.472415 -0.174088 -0.656518 0.67129 0.344024 0.999961 0.0030263 0.00824951 -0.00303829 0.999994 0.00144176 -0.0082451 -0.00146677 0.999965 7.77084 2.34336 0 1 1998 0 0 0 
20170507012046 -0.0597451 0.564017 -0.15329 0 0 0 0.999948 0.00266514 0.00984654 -0.00267528 0.999996 0.00101641 -0.00984379 -0.0010427 0.999951 -0.0597451 0.564017 -0.15329 -0.74241 0.5742 0.34514 0.999948 0.00266514 0.00984654 -0.00267528 0.999996 0.00101641 -0.00984379 -0.0010427 0.999951 6.70526 2.39909 0 1 1998 0 0 0 
20170507012046 0.252369 0.540044 0.108359 0 0 0 0.999954 -0.00184969 0.00943362 0.00189114 0.999989 -0.00438683 -0.0094254 0.00440446 0.999946 0.252369 0.540044 0.108359 -0.686605 0.621812 0.376727 0.999954 -0.00184969 0.00943362 0.00189114 0.999989 -0.00438683 -0.0094254 0.00440446 0.999946 6.52724 2.70763 0 1 1998 0 0 0 
20170507012046 0.19568 0.455799 0.038157 0 0 0 0.999968 -0.000638793 0.00795734 0.000665944 0.999994 -0.00340995 -0.00795511 0.00341514 0.999963 0.19568 0.455799 0.038157 -0.759384 0.551525 0.345191 0.999968 -0.000638793 0.00795734 0.000665944 0.999994 -0.00340995 -0.00795511 0.00341514 0.999963 6.45886 2.99433 0 1 1998 0 0 0 
20170507012047 0.19568 0.455799 0.038157 0 0 0 0.905205 0.167112 0.39074 -0.243106 -0.550523 0.798639 0.348573 -0.817923 -0.45771 -119.231 -20.4001 -15.0329 -0.562899 -0.397627 0.724595 0.905205 0.167112 0.39074 -0.243106 -0.550523 0.798639 0.348573 -0.817923 -0.45771 6.45886 2.99433 0 1 993 0 1 1 
20170507012047 0.0316308 0.448836 -0.0325241 0 0 0 0.999969 0.000571977 0.00783326 -0.000567636 1 -0.000556509 -0.00783358 0.000552045 0.999969 0.0316308 0.448836 -0.0325241 -0.888715 0.406952 0.211128 0.999969 0.000571977 0.00783326 -0.000567636 1 -0.000556509 -0.00783358 0.000552045 0.999969 8.2876 3.72112 0 1 993 0 0 0 
20170507012047 0.077242 0.361036 -0.0301605 0 0 0 0.99998 0.000534895 0.00630051 -0.00052639 0.999999 -0.00135144 -0.00630123 0.0013481 0.999979 0.077242 0.361036 -0.0301605 -0.882799 0.41828 0.213796 0.99998 0.000534895 0.00630051 -0.00052639 0.999999 -0.00135144 -0.00630123 0.0013481 0.999979 8.96906 3.90874 0 1 993 0 0 0 
20170507012047 0.101656 0.242739 -0.0137121 0 0 0 0.999991 0.000246838 0.00423614 -0.00023932 0.999998 -0.00177524 -0.00423657 0.00177421 0.999989 0.101656 0.242739 -0.0137121 -0.871686 0.436638 0.222509 0.999991 0.000246838 0.00423614 -0.00023932 0.999998 -0.00177524 -0.00423657 0.00177421 0.999989 9.86884 4.11636 0 1 993 0 0 0 
20170507012047 0.135384 0.151696 -0.0233576 0 0 0 0.999996 0.000413921 0.00264663 -0.000407665 0.999997 -0.00236396 -0.0026476 0.00236288 0.999994 0.135384 0.151696 -0.0233576 -0.846007 0.471579 0.248767 0.999996 0.000413921 0.00264663 -0.000407665 0.999997 -0.00236396 -0.0026476 0.00236288 0.999994 10.6 4.19072 0 1 993 0 0 0 
20170507012047 0.119211 0.162933 -0.0486698 0 0 0 0.999996 0.000855363 0.00284193 -0.000849444 0.999997 -0.00208303 -0.00284371 0.00208061 0.999994 0.119211 0.162933 -0.0486698 -0.844708 0.494421 0.204978 0.999996 0.000855363 0.00284193 -0.000849444 0.999997 -0.00208303 -0.00284371 0.00208061 0.999994 11.7255 4.32413 0 1 993 0 0 0 
20170507012047 0.279338 0.0930669 0.055634 0 0 0 0.999998 -0.000963066 0.00162904 0.000970995 0.999988 -0.00487377 -0.00162432 0.00487534 0.999987 0.279338 0.0930669 0.055634 0.797842 -0.576442 -0.17653 0.999998 -0.000963066 0.00162904 0.000970995 0.999988 -0.00487377 -0.00162432 0.00487534 0.999987 12.4284 4.18568 0 1 992 0 0 0 
20170507012048 0.275387 0.207654 0.0612511 0 0 0 0.999993 -0.0010516 0.00362933 0.00106903 0.999988 -0.00480252 -0.00362424 0.00480637 0.999982 0.275387 0.207654 0.0612511 -0.788799 0.59718 0.145508 0.999993 -0.0010516 0.00362933 0.00106903 0.999988 -0.00480252 -0.00362424 0.00480637 0.999982 13.3853 4.17345 0 1 991 0 0 0 
20170507012048 -0.0208056 -0.108082 -0.274973 0 0 0 0.999987 0.00479986 -0.00188461 -0.00479917 0.999988 0.000372175 0.00188638 -0.000363126 0.999998 -0.0208056 -0.108082 -0.274973 0.828464 -0.55521 -0.0734069 0.999987 0.00479986 -0.00188461 -0.00479917 0.999988 0.000372175 0.00188638 -0.000363126 0.999998 13.5861 3.97338 0 1 989 0 0 0 
20170507012048 0.310424 0.0802133 0.0729778 0 0 0 0.999998 -0.0012661 0.00140687 0.0012737 0.999985 -0.00541611 -0.00139999 0.00541789 0.999984 0.310424 0.0802133 0.0729778 0.705328 -0.697073 -0.128846 0.999998 -0.0012661 0.00140687 0.0012737 0.999985 -0.00541611 -0.00139999 0.00541789 0.999984 12.7411 3.69184 0 1 989 0 0 0 
20170507012048 0.39791 -0.0956884 0.200335 0 0 0 0.999992 -0.00350802 -0.00164574 0.0034965 0.99997 -0.00695058 0.00167008 0.00694477 0.999974 0.39791 -0.0956884 0.200335 0.621609 -0.766256 -0.162646 0.999992 -0.00350802 -0.00164574 0.0034965 0.99997 -0.00695058 0.00167008 0.00694477 0.999974 12.6759 3.55487 0 1 989 0 0 0 
20170507012048 0.0925714 -0.160165 -0.283372 0 0 0 0.999984 0.00494122 -0.00280335 -0.00494573 0.999986 -0.00160183 0.0027954 0.00161567 0.999995 0.0925714 -0.160165 -0.283372 0.735498 -0.668155 -0.112302 0.999984 0.00494122 -0.00280335 -0.00494573 0.999986 -0.00160183 0.0027954 0.00161567 0.999995 12.531 3.34679 0 1 989 0 0 0 
20170507012048 0.135013 -0.200792 -0.2481 0 0 0 0.999984 0.00432188 -0.00351464 -0.00433012 0.999988 -0.00234123 0.00350448 0.00235641 0.999991 0.135013 -0.200792 -0.2481 0.679764 -0.730937 -0.0604291 0.999984 0.00432188 -0.00351464 -0.00433012 0.999988 -0.00234123 0.00350448 0.00235641 0.999991 12.1836 2.77719 0 1 989 0 0 0 
20170507012048 -0.32636 -0.408596 -0.63499 0 0 0 0.999913 0.0111229 -0.0070676 -0.0110822 0.999922 0.0057747 0.00713128 -0.00569587 0.999958 -0.32636 -0.408596 -0.63499 0.757384 -0.573787 0.31167 0.999913 0.0111229 -0.0070676 -0.0110822 0.999922 0.0057747 0.00713128 -0.00569587 0.999958 12.567 3.11158 0 1 987 0 0 0 
20170507012049 -1.28606 -1.17244 -0.144059 0 0 0 0.999787 0.0029729 -0.0203998 -0.00251377 0.999744 0.0224954 0.0204615 -0.0224393 0.999539 -1.28606 -1.17244 -0.144059 0.528376 -0.303936 0.792743 0.999787 0.0029729 -0.0203998 -0.00251377 0.999744 0.0224954 0.0204615 -0.0224393 0.999539 12.8797 3.12 0 1 985 0 0 0 
20170507012049 -0.197501 -0.500238 -0.414866 0 0 0 0.999936 0.00727076 -0.00870546 -0.00724043 0.999968 0.00351015 0.0087307 -0.0034469 0.999956 -0.197501 -0.500238 -0.414866 -0.401155 0.527655 -0.748769 0.999936 0.00727076 -0.00870546 -0.00724043 0.999968 0.00351015 0.0087307 -0.0034469 0.999956 13.4897 3.80558 0 1 979 0 0 0 
20170507012049 -0.952926 -0.432444 0.387306 0 0 0 0.999949 -0.00663326 -0.00765871 0.00675952 0.99984 0.0165795 0.00754751 -0.0166304 0.999833 -0.952926 -0.432444 0.387306 0.267572 -0.380427 0.885257 0.999949 -0.00663326 -0.00765871 0.00675952 0.99984 0.0165795 0.00754751 -0.0166304 0.999833 14.2693 4.33641 0 1 974 0 0 0 
20170507012049 0.594732 -0.0225196 0.0159202 0 0 0 1 -0.000281924 -0.000390136 0.00027786 0.999946 -0.01038 0.000393041 0.0103798 0.999946 0.594732 -0.0225196 0.0159202 -0.343666 0.522513 -0.780303 1 -0.000281924 -0.000390136 0.00027786 0.999946 -0.01038 0.000393041 0.0103798 0.999946 14.7761 4.95788 0 1 970 0 0 0 
20170507012049 -0.0744909 -0.189964 0.244212 0 0 0 0.999985 -0.00425798 -0.00332101 0.00426227 0.99999 0.00128597 0.0033155 -0.0013001 0.999994 -0.0744909 -0.189964 0.244212 -0.233989 0.278011 -0.931643 0.999985 -0.00425798 -0.00332101 0.00426227 0.99999 0.00128597 0.0033155 -0.0013001 0.999994 16.7785 6.11365 0 1 964 0 0 0 
20170507012049 -0.251017 -0.335963 -0.187591 0 0 0 0.999977 0.00329973 -0.00584919 -0.00327402 0.999985 0.00440023 0.00586362 -0.00438098 0.999973 -0.251017 -0.335963 -0.187591 -0.282049 0.143818 -0.948559 0.999977 0.00329973 -0.00584919 -0.00327402 0.999985 0.00440023 0.00586362 -0.00438098 0.999973 19.6918 7.26552 0 1 952 0 0 0 
20170507012050 1.19569 -0.218189 -0.149093 -0.267734 0.374299 -0.887817 0.999989 0.00252212 -0.00386157 -0.00260213 0.999779 -0.0208572 0.00380811 0.0208671 0.999775 1.19569 -0.218189 -0.149093 -0.267734 0.374299 -0.887817 0.999989 0.00252212 -0.00386157 -0.00260213 0.999779 -0.0208572 0.00380811 0.0208671 0.999775 22.8853 8.95212 1 1 948 0 0 0 
20170507012050 1.19569 -0.218189 -0.149093 0.995839 -0.0550669 0.0726056 0.711033 0.0165619 -0.702963 0.00267662 0.999652 0.0262592 0.703153 -0.0205528 0.710741 -1.65638 -44.6805 0.215684 0.995839 -0.0550669 0.0726056 0.711033 0.0165619 -0.702963 0.00267662 0.999652 0.0262592 0.703153 -0.0205528 0.710741 22.8853 8.95212 1 1 948 0 1 1 
20170507012050 0.657932 -1.5216 0.0170792 -0.161333 0.151498 -0.975203 0.999647 -0.000602981 -0.0265486 0.000297983 0.999934 -0.0114907 0.0265538 0.0114788 0.999581 0.657932 -1.5216 0.0170792 -0.161333 0.151498 -0.975203 0.999647 -0.000602981 -0.0265486 0.000297983 0.999934 -0.0114907 0.0265538 0.0114788 0.999581 31.8838 14.7062 1 1 915 0 0 0 
20170507012050 0.991543 -1.75322 -0.449764 -0.193699 0.126506 -0.972871 0.999501 0.00731918 -0.0307249 -0.0078461 0.999824 -0.0170642 0.0305946 0.0172967 0.999382 0.991543 -1.75322 -0.449764 -0.193699 0.126506 -0.972871 0.999501 0.00731918 -0.0307249 -0.0078461 0.999824 -0.0170642 0.0305946 0.0172967 0.999382 34.5151 16.4494 1 1 900 0 0 0 
20170507012051 0.306964 -0.521461 0.108705 -0.28411 0.0854674 -0.954975 0.999957 -0.001946 -0.00909077 0.00189719 0.999984 -0.00537477 0.00910109 0.00535729 0.999944 0.306964 -0.521461 0.108705 -0.28411 0.0854674 -0.954975 0.999957 -0.001946 -0.00909077 0.00189719 0.999984 -0.00537477 0.00910109 0.00535729 0.999944 37.3091 17.9999 1 1 880 0 0 0 
20170507012051 -0.761922 -2.64554 -0.0573991 0.0640442 0.0245001 0.997646 0.998934 0.00161549 -0.0461396 -0.00100074 0.99991 0.0133439 0.046157 -0.0132835 0.998846 -0.761922 -2.64554 -0.0573991 0.0640442 0.0245001 0.997646 0.998934 0.00161549 -0.0461396 -0.00100074 0.99991 0.0133439 0.046157 -0.0132835 0.998846 38.4938 18.302 1 1 861 0 0 0 
20170507012051 -0.0737013 -2.01158 -0.374825 -0.105803 0.0162252 -0.994255 0.999362 0.00658703 -0.0350922 -0.00653785 0.999977 0.00151593 0.0351014 -0.00128554 0.999383 -0.0737013 -2.01158 -0.374825 -0.105803 0.0162252 -0.994255 0.999362 0.00658703 -0.0350922 -0.00653785 0.999977 0.00151593 0.0351014 -0.00128554 0.999383 38.8753 18.6228 1 1 858 0 0 0 
20170507012051 0.123806 -2.25875 0.0876165 -0.0349819 0.0129198 -0.999304 0.999222 -0.00161436 -0.039409 0.00152801 0.999996 -0.00222109 0.0394125 0.00215914 0.999221 0.123806 -2.25875 0.0876165 -0.0349819 0.0129198 -0.999304 0.999222 -0.00161436 -0.039409 0.00152801 0.999996 -0.00222109 0.0394125 0.00215914 0.999221 38.8281 18.5677 1 1 856 0 0 0 
20170507012051 -0.215235 -2.30799 0.0489134 0.00715656 -0.0468819 -0.998875 0.999188 -0.000702414 -0.0402741 0.000853008 0.999993 0.00372218 0.0402712 -0.00375351 0.999182 -0.215235 -2.30799 0.0489134 0.00715656 -0.0468819 -0.998875 0.999188 -0.000702414 -0.0402741 0.000853008 0.999993 0.00372218 0.0402712 -0.00375351 0.999182 39.5785 18.8464 1 1 854 0 0 0 
20170507012051 -1.37048 -0.465827 -0.130351 -0.142438 -0.122551 -0.982188 0.999964 0.00246886 -0.00807336 -0.00227498 0.999711 0.0239355 0.00813012 -0.0239163 0.999681 -1.37048 -0.465827 -0.130351 -0.142438 -0.122551 -0.982188 0.999964 0.00246886 -0.00807336 -0.00227498 0.999711 0.0239355 0.00813012 -0.0239163 0.999681 41.2003 18.7829 1 1 844 0 0 0 
20170507012052 0.519128 -2.88418 -0.0304954 0.0802449 0.020387 -0.996567 0.998733 7.63302e-05 -0.05032 -0.000531571 0.999959 -0.00903358 0.0503173 0.00904889 0.998692 0.519128 -2.88418 -0.0304954 0.0802449 0.020387 -0.996567 0.998733 7.63302e-05 -0.05032 -0.000531571 0.999959 -0.00903358 0.0503173 0.00904889 0.998692 41.7712 19.0992 1 1 836 0 0 0 
20170507012052 -1.77321 -2.15637 0.373445 0.0144324 -0.204257 -0.978811 0.999271 -0.0053504 -0.0378098 0.00651318 0.999507 0.0306975 0.0376269 -0.0309214 0.998813 -1.77321 -2.15637 0.373445 0.0144324 -0.204257 -0.978811 0.999271 -0.0053504 -0.0378098 0.00651318 0.999507 0.0306975 0.0376269 -0.0309214 0.998813 42.1533 19.7394 1 1 830 0 0 0 
20170507012052 -1.4578 -1.30541 0.019935 -0.0613489 -0.145778 -0.987413 0.99974 0.000231767 -0.0227833 0.000347841 0.999676 0.0254328 0.0227818 -0.0254341 0.999417 -1.4578 -1.30541 0.019935 -0.0613489 -0.145778 -0.987413 0.99974 0.000231767 -0.0227833 0.000347841 0.999676 0.0254328 0.0227818 -0.0254341 0.999417 42.9347 20.2396 1 1 813 0 0 0 
20170507012052 0.39918 -0.258914 -0.304965 -0.177304 0.00128647 -0.984155 0.999976 0.00529101 -0.0045558 -0.00532257 0.999962 -0.00694279 0.00451889 0.00696687 0.999966 0.39918 -0.258914 -0.304965 -0.177304 0.00128647 -0.984155 0.999976 0.00529101 -0.0045558 -0.00532257 0.999962 -0.00694279 0.00451889 0.00696687 0.999966 44.041 20.0526 1 1 805 0 0 0 
20170507012052 -0.569042 -0.271865 -0.323184 -0.202444 -0.0490311 -0.978066 0.999973 0.00568744 -0.00468858 -0.00564053 0.999935 0.0099581 0.00474491 -0.00993138 0.999939 -0.569042 -0.271865 -0.323184 -0.202444 -0.0490311 -0.978066 0.999973 0.00568744 -0.00468858 -0.00564053 0.999935 0.0099581 0.00474491 -0.00993138 0.999939 45.8139 21.6019 1 1 802 0 0 0 
20170507012052 -1.34367 -0.893044 0.156332 -0.201629 -0.0762792 -0.976487 0.999875 -0.00236228 -0.0156456 0.00272817 0.999722 0.0234068 0.0155859 -0.0234465 0.999604 -1.34367 -0.893044 0.156332 -0.201629 -0.0762792 -0.976487 0.999875 -0.00236228 -0.0156456 0.00272817 0.999722 0.0234068 0.0155859 -0.0234465 0.999604 47.7624 23.4169 1 1 788 0 0 0 
20170507012053 0.878644 1.41397 0.684378 -0.403596 0.105867 -0.908792 0.999624 -0.0115646 0.0248544 0.0119407 0.999816 -0.0150388 -0.0246759 0.01533 0.999578 0.878644 1.41397 0.684378 -0.403596 0.105867 -0.908792 0.999624 -0.0115646 0.0248544 0.0119407 0.999816 -0.0150388 -0.0246759 0.01533 0.999578 51.5956 25.5334 1 1 787 0 0 0 
20170507012053 -1.88382 -1.63619 0.460353 0.327929 0.0827962 0.941067 0.99956 -0.00709165 -0.0288007 0.00803131 0.999435 0.0326427 0.0285529 -0.0328596 0.999052 -1.88382 -1.63619 0.460353 0.327929 0.0827962 0.941067 0.99956 -0.00709165 -0.0288007 0.00803131 0.999435 0.0326427 0.0285529 -0.0328596 0.999052 55.8393 27.105 1 1 785 0 0 0 
20170507012053 -2.36603 -3.30407 0.723848 0.270461 0.143136 0.952031 0.998258 -0.0102433 -0.0581027 0.0126122 0.999098 0.0405525 0.0576349 -0.0412147 0.997487 -2.36603 -3.30407 0.723848 0.270461 0.143136 0.952031 0.998258 -0.0102433 -0.0581027 0.0126122 0.999098 0.0405525 0.0576349 -0.0412147 0.997487 60.5341 28.1541 1 1 782 0 0 0 
20170507012053 1.28292 -0.0197319 0.488498 -0.561946 0.148606 -0.813716 0.999964 -0.00853137 -0.000153401 0.0085258 0.999713 -0.0223914 0.000344387 0.0223893 0.999749 1.28292 -0.0197319 0.488498 -0.561946 0.148606 -0.813716 0.999964 -0.00853137 -0.000153401 0.0085258 0.999713 -0.0223914 0.000344387 0.0223893 0.999749 65.0866 28.6733 1 1 782 0 0 0 
20170507012053 -2.06752 -1.84551 0.897107 0.529836 0.109064 0.841058 0.999359 -0.0144849 -0.0327446 0.0156487 0.999245 0.0355689 0.0322047 -0.0360585 0.998831 -2.06752 -1.84551 0.897107 0.529836 0.109064 0.841058 0.999359 -0.0144849 -0.0327446 0.0156487 0.999245 0.0355689 0.0322047 -0.0360585 0.998831 71.2206 31.8674 1 1 773 0 0 0 
20170507012054 -0.712954 -1.49657 0.153978 -0.602 -0.0267521 -0.798048 0.999655 -0.00236224 -0.0261484 0.00268651 0.99992 0.0123729 0.026117 -0.0124388 0.999582 -0.712954 -1.49657 0.153978 -0.602 -0.0267521 -0.798048 0.999655 -0.00236224 -0.0261484 0.00268651 0.99992 0.0123729 0.026117 -0.0124388 0.999582 74.6914 40.2565 1 1 773 0 0 0 
20170507012054 -0.586263 5.45408 0.996755 0 0 0 0.995322 -0.0183672 0.0948505 0.017317 0.999779 0.0118838 -0.0950479 -0.0101857 0.995421 -0.586263 5.45408 0.996755 0 0 0 0.995322 -0.0183672 0.0948505 0.017317 0.999779 0.0118838 -0.0950479 -0.0101857 0.995421 74.6914 40.2565 1 0 773 0 0 0 
20170507012055 1.32408 6.2817 0.189734 0 0 0 0.993991 -0.000782257 0.109463 0.00329159 0.999736 -0.0227451 -0.109417 0.0229687 0.993731 1.32408 6.2817 0.189734 0 0 0 0.993991 -0.000782257 0.109463 0.00329159 0.999736 -0.0227451 -0.109417 0.0229687 0.993731 74.6914 40.2565 1 0 773 0 0 0 
20170507012055 1.28305 -0.333626 0.239515 -0.64206 -0.0477723 -0.765164 0.999974 -0.00430965 -0.00572773 0.00418025 0.99974 -0.0224158 0.00582284 0.0223912 0.999732 1.28305 -0.333626 0.239515 -0.64206 -0.0477723 -0.765164 0.999974 -0.00430965 -0.00572773 0.00418025 0.99974 -0.0224158 0.00582284 0.0223912 0.999732 75.2449 45.5751 1 1 773 0 0 0 
20170507012056 1.8874 2.04192 -0.424124 -0.736012 -0.043437 -0.675574 0.999338 0.00857175 0.0353666 -0.00739759 0.999421 -0.0331981 -0.0356307 0.0329145 0.998823 1.8874 2.04192 -0.424124 -0.736012 -0.043437 -0.675574 0.999338 0.00857175 0.0353666 -0.00739759 0.999421 -0.0331981 -0.0356307 0.0329145 0.998823 74.1423 43.0436 1 1 773 0 0 0 
20170507012056 4.70562 -7.57912 -2.70146 0 0 0 0.990162 0.0361649 -0.135171 -0.0467201 0.996032 -0.0757495 0.131895 0.0813195 0.987922 4.70562 -7.57912 -2.70146 0 0 0 0.990162 0.0361649 -0.135171 -0.0467201 0.996032 -0.0757495 0.131895 0.0813195 0.987922 74.1423 43.0436 1 0 773 0 0 0 
20170507012056 5.43219 -4.89627 -3.06646 0 0 0 0.994924 0.0451855 -0.0899113 -0.053299 0.994516 -0.0899868 0.0853521 0.0943222 0.991876 5.43219 -4.89627 -3.06646 0 0 0 0.994924 0.0451855 -0.0899113 -0.053299 0.994516 -0.0899868 0.0853521 0.0943222 0.991876 74.1423 43.0436 1 0 773 0 0 0 
20170507012057 4.11765 -5.50598 -2.00244 0 0 0 0.994778 0.0279664 -0.0981526 -0.0347808 0.99705 -0.0684168 0.0959497 0.0714734 0.992817 4.11765 -5.50598 -2.00244 0 0 0 0.994778 0.0279664 -0.0981526 -0.0347808 0.99705 -0.0684168 0.0959497 0.0714734 0.992817 74.1423 43.0436 1 0 772 0 0 0 
20170507012057 -1.05286 -3.35017 0.055745 -0.19269 -0.229802 -0.953972 0.998291 0.000101023 -0.0584462 0.000971271 0.999832 0.018318 0.0584383 -0.0183434 0.998122 -1.05286 -3.35017 0.055745 -0.19269 -0.229802 -0.953972 0.998291 0.000101023 -0.0584462 0.000971271 0.999832 0.018318 0.0584383 -0.0183434 0.998122 50.9087 32.8952 1 1 772 0 0 0 
20170507012057 1.65859 3.39607 1.0218 -0.440153 -0.00561647 -0.897905 0.998085 -0.016111 0.0597199 0.0178015 0.999453 -0.0278833 -0.059238 0.028893 0.997826 1.65859 3.39607 1.0218 -0.440153 -0.00561647 -0.897905 0.998085 -0.016111 0.0597199 0.0178015 0.999453 -0.0278833 -0.059238 0.028893 0.997826 52.1187 29.9314 1 1 769 0 0 0 
20170507012057 0.771531 5.19779 0.846202 0 0 0 0.995779 -0.0135474 0.090775 0.0147077 0.999818 -0.0121261 -0.0905942 0.01341 0.995798 0.771531 5.19779 0.846202 0 0 0 0.995779 -0.0135474 0.090775 0.0147077 0.999818 -0.0121261 -0.0905942 0.01341 0.995798 52.1187 29.9314 1 0 768 0 0 0 
20170507012057 -0.18957 -2.71492 0.545384 0.0423232 -0.0917212 -0.994885 0.998832 -0.00936184 -0.0473956 0.00950792 0.999951 0.00285761 0.0473665 -0.00330491 0.998872 -0.18957 -2.71492 0.545384 0.0423232 -0.0917212 -0.994885 0.998832 -0.00936184 -0.0473956 0.00950792 0.999951 0.00285761 0.0473665 -0.00330491 0.998872 50.4938 25.9349 1 1 727 0 0 0 
20170507012058 -4.23813 -0.151996 0.255426 -0.0875878 -0.28845 -0.953481 0.999987 -0.00424977 -0.002975 0.00445799 0.997256 0.0738894 0.00265282 -0.0739017 0.997262 -4.23813 -0.151996 0.255426 -0.0875878 -0.28845 -0.953481 0.999987 -0.00424977 -0.002975 0.00445799 0.997256 0.0738894 0.00265282 -0.0739017 0.997262 51.644 25.1631 1 1 720 0 0 0 
20170507012058 -1.29083 -0.710928 -0.0497502 -0.0580081 -0.114331 -0.991748 0.999923 0.0011476 -0.012385 -0.000868237 0.999746 0.0225381 0.0124077 -0.0225256 0.999669 -1.29083 -0.710928 -0.0497502 -0.0580081 -0.114331 -0.991748 0.999923 0.0011476 -0.012385 -0.000868237 0.999746 0.0225381 0.0124077 -0.0225256 0.999669 52.8432 25.0979 1 1 714 0 0 0 
20170507012058 -1.11511 -3.30196 -0.101867 0.115128 -0.0833914 -0.989844 0.998338 0.0028985 -0.0575526 -0.00177496 0.999807 0.0195635 0.0575982 -0.0194289 0.998151 -1.11511 -3.30196 -0.101867 0.115128 -0.0833914 -0.989844 0.998338 0.0028985 -0.0575526 -0.00177496 0.999807 0.0195635 0.0575982 -0.0194289 0.998151 53.2781 24.6193 1 1 706 0 0 0 
20170507012058 -0.793461 2.28051 -0.906721 -0.221212 -0.0398725 -0.97441 0.999083 0.0152721 0.0400023 -0.0158121 0.999788 0.0132167 -0.0397919 -0.0138371 0.999112 -0.793461 2.28051 -0.906721 -0.221212 -0.0398725 -0.97441 0.999083 0.0152721 0.0400023 -0.0158121 0.999788 0.0132167 -0.0397919 -0.0138371 0.999112 53.8291 24.6182 1 1 702 0 0 0 
20170507012058 -1.05473 -0.624107 -0.655894 -0.0370365 -0.074502 -0.996533 0.999875 0.0116458 -0.0106792 -0.0114466 0.999763 0.018531 0.0108925 -0.0184065 0.999771 -1.05473 -0.624107 -0.655894 -0.0370365 -0.074502 -0.996533 0.999875 0.0116458 -0.0106792 -0.0114466 0.999763 0.018531 0.0108925 -0.0184065 0.999771 54.1401 24.6502 1 1 701 0 0 0 
20170507012059 -1.0512 -0.0398 -0.722454 -0.0651351 -0.0581231 -0.996182 0.99992 0.0126195 -0.00046315 -0.0126089 0.999752 0.0183531 0.000694642 -0.0183458 0.999831 -1.0512 -0.0398 -0.722454 -0.0651351 -0.0581231 -0.996182 0.99992 0.0126195 -0.00046315 -0.0126089 0.999752 0.0183531 0.000694642 -0.0183458 0.999831 53.7162 24.4496 1 1 701 0 0 0 
20170507012059 -0.949785 1.33345 -0.827485 -0.155118 -0.0550921 -0.986359 0.999625 0.0140541 0.0235047 -0.0144379 0.999764 0.0162384 -0.0232709 -0.0165716 0.999592 -0.949785 1.33345 -0.827485 -0.155118 -0.0550921 -0.986359 0.999625 0.0140541 0.0235047 -0.0144379 0.999764 0.0162384 -0.0232709 -0.0165716 0.999592 53.0563 24.0517 1 1 701 0 0 0 
20170507012059 -0.894725 -0.46201 -0.647166 -0.0510396 -0.0582255 -0.996998 0.999904 0.0114195 -0.00788564 -0.0112946 0.999813 0.0157053 0.00806351 -0.0156147 0.999846 -0.894725 -0.46201 -0.647166 -0.0510396 -0.0582255 -0.996998 0.999904 0.0114195 -0.00788564 -0.0112946 0.999813 0.0157053 0.00806351 -0.0156147 0.999846 52.3874 23.8315 1 1 701 0 0 0 
20170507012059 -0.876025 -2.15597 -0.631306 0.00501421 -0.0726807 -0.997343 0.999231 0.011592 -0.0374448 -0.0110103 0.999816 0.0157024 0.0376199 -0.0152781 0.999175 -0.876025 -2.15597 -0.631306 0.00501421 -0.0726807 -0.997343 0.999231 0.011592 -0.0374448 -0.0110103 0.999816 0.0157024 0.0376199 -0.0152781 0.999175 52.7206 23.7355 1 1 701 0 0 0 
20170507012059 -0.905223 -4.18823 0.0483391 0.135925 -0.0564819 -0.989108 0.997329 0.000310243 -0.0730375 0.000841423 0.999876 0.0157368 0.0730333 -0.0157563 0.997205 -0.905223 -4.18823 0.0483391 0.135925 -0.0564819 -0.989108 0.997329 0.000310243 -0.0730375 0.000841423 0.999876 0.0157368 0.0730333 -0.0157563 0.997205 52.5898 23.6133 1 1 701 0 0 0 
20170507012059 -1.5261 4.19512 -0.616243 -0.377948 -0.0764424 -0.922665 0.997263 0.00880333 0.0734094 -0.0107265 0.999608 0.0258443 -0.0731532 -0.0265609 0.996967 -1.5261 4.19512 -0.616243 -0.377948 -0.0764424 -0.922665 0.997263 0.00880333 0.0734094 -0.0107265 0.999608 0.0258443 -0.0731532 -0.0265609 0.996967 52.3413 23.4948 1 1 701 0 0 0 
20170507012100 -2.00206 -2.58892 0.55602 -0.00532059 -0.111753 -0.993722 0.998932 -0.00812035 -0.0454791 0.00969432 0.999358 0.0344956 0.0451698 -0.0348997 0.99837 -2.00206 -2.58892 0.55602 -0.00532059 -0.111753 -0.993722 0.998932 -0.00812035 -0.0454791 0.00969432 0.999358 0.0344956 0.0451698 -0.0348997 0.99837 52.0875 23.4933 1 1 701 0 0 0 
20170507012100 -1.91027 -5.35411 0.799272 0 0 0 0.99554 -0.0108316 -0.093715 0.0138886 0.99939 0.0320301 0.0933109 -0.0331889 0.995084 -1.91027 -5.35411 0.799272 0 0 0 0.99554 -0.0108316 -0.093715 0.0138886 0.99939 0.0320301 0.0933109 -0.0331889 0.995084 52.0875 23.4933 1 0 701 0 0 0 
20170507012100 -1.24842 -5.61768 0.331965 0 0 0 0.995181 -0.00365974 -0.0979914 0.00576602 0.999758 0.02122 0.09789 -0.0216827 0.994961 -1.24842 -5.61768 0.331965 0 0 0 0.995181 -0.00365974 -0.0979914 0.00576602 0.999758 0.02122 0.09789 -0.0216827 0.994961 52.0875 23.4933 1 0 701 0 0 0 
20170507012100 -2.30992 -7.95172 1.80146 0 0 0 0.989895 -0.0258377 -0.139425 0.0311339 0.998869 0.0359396 0.138339 -0.0399173 0.98958 -2.30992 -7.95172 1.80146 0 0 0 0.989895 -0.0258377 -0.139425 0.0311339 0.998869 0.0359396 0.138339 -0.0399173 0.98958 52.0875 23.4933 1 0 701 0 0 0 
20170507012100 -1.44293 -9.83582 1.49301 0 0 0 0.984967 -0.0217466 -0.17137 0.025672 0.999456 0.0207233 0.170826 -0.0248111 0.984989 -1.44293 -9.83582 1.49301 0 0 0 0.984967 -0.0217466 -0.17137 0.025672 0.999456 0.0207233 0.170826 -0.0248111 0.984989 52.0875 23.4933 1 0 700 0 0 0 
20170507012101 -1.77636 -7.87349 2.26964 0 0 0 0.989796 -0.0353403 -0.138041 0.039229 0.998903 0.0255517 0.136986 -0.0307062 0.990097 -1.77636 -7.87349 2.26964 0 0 0 0.989796 -0.0353403 -0.138041 0.039229 0.998903 0.0255517 0.136986 -0.0307062 0.990097 52.0875 23.4933 1 0 700 0 0 0 
20170507012101 -0.235482 -12.1452 1.76941 0 0 0 0.977151 -0.0300126 -0.210414 0.030186 0.999541 -0.0023882 0.21039 -0.00401793 0.977609 -0.235482 -12.1452 1.76941 0 0 0 0.977151 -0.0300126 -0.210414 0.030186 0.999541 -0.0023882 0.21039 -0.00401793 0.977609 52.0875 23.4933 1 0 700 0 0 0 
20170507012101 -1.2024 -11.0577 2.96104 0 0 0 0.980124 -0.0476262 -0.192583 0.0506979 0.998653 0.0110507 0.191798 -0.0205947 0.981218 -1.2024 -11.0577 2.96104 0 0 0 0.980124 -0.0476262 -0.192583 0.0506979 0.998653 0.0110507 0.191798 -0.0205947 0.981218 52.0875 23.4933 1 0 697 0 0 0 
20170507012102 -1.2024 -11.0577 2.96104 -0.858705 -0.0905558 -0.504407 0.986146 -0.00395912 0.16583 3.96844e-05 0.999721 0.0236319 -0.165878 -0.0232979 0.985871 -1.35375 9.54822 0.00230569 -0.858705 -0.0905558 -0.504407 0.986146 -0.00395912 0.16583 3.96844e-05 0.999721 0.0236319 -0.165878 -0.0232979 0.985871 52.0875 23.4933 1 0 695 0 1 1 
20170507012102 -1.2024 -11.0577 2.96104 -0.796163 -0.129278 -0.59111 0.990406 0.00245592 0.138169 -0.00650619 0.999562 0.02887 -0.138037 -0.029492 0.989988 -1.70635 7.93429 -0.376383 -0.796163 -0.129278 -0.59111 0.990406 0.00245592 0.138169 -0.00650619 0.999562 0.02887 -0.138037 -0.029492 0.989988 52.0875 23.4933 1 0 691 0 1 2 
20170507012102 -1.2024 -11.0577 2.96104 -0.835367 0.0491379 -0.547492 0.989099 -0.00899027 0.146978 0.0119346 0.999745 -0.0191631 -0.146769 0.0207083 0.988954 1.19957 8.43971 0.691307 -0.835367 0.0491379 -0.547492 0.989099 -0.00899027 0.146978 0.0119346 0.999745 -0.0191631 -0.146769 0.0207083 0.988954 52.0875 23.4933 1 0 686 0 1 3 
20170507012102 0.104244 9.38092 1.27599 0 0 0 0.986382 -0.0219718 0.162997 0.0219705 0.999757 0.00181073 -0.162997 0.00179507 0.986625 0.104244 9.38092 1.27599 0 0 0 0.986382 -0.0219718 0.162997 0.0219705 0.999757 0.00181073 -0.162997 0.00179507 0.986625 52.0875 23.4933 1 0 681 0 0 0 
20170507012103 -2.88999 11.8374 -0.281501 0 0 0 0.978722 -0.00543563 0.20512 -0.00480861 0.998767 0.0494113 -0.205135 -0.0493462 0.977489 -2.88999 11.8374 -0.281501 0 0 0 0.978722 -0.00543563 0.20512 -0.00480861 0.998767 0.0494113 -0.205135 -0.0493462 0.977489 52.0875 23.4933 1 0 681 0 0 0 
20170507012103 -0.605354 14.0119 -0.0834122 0 0 0 0.970244 -0.00110235 0.242125 -0.0014125 0.999947 0.0102127 -0.242123 -0.0102509 0.970191 -0.605354 14.0119 -0.0834122 0 0 0 0.970244 -0.00110235 0.242125 -0.0014125 0.999947 0.0102127 -0.242123 -0.0102509 0.970191 52.0875 23.4933 1 0 680 0 0 0 
20170507012103 -2.5607 9.4826 0.395124 0 0 0 0.986312 -0.0142497 0.164272 0.00680193 0.998927 0.0458117 -0.164748 -0.0440673 0.985351 -2.5607 9.4826 0.395124 0 0 0 0.986312 -0.0142497 0.164272 0.00680193 0.998927 0.0458117 -0.164748 -0.0440673 0.985351 52.0875 23.4933 1 0 677 0 0 0 
20170507012103 -1.10867 12.6994 -0.0705822 0 0 0 0.975536 -0.00302189 0.219818 -0.00120176 0.999817 0.019078 -0.219835 -0.0188755 0.975354 -1.10867 12.6994 -0.0705822 0 0 0 0.975536 -0.00302189 0.219818 -0.00120176 0.999817 0.019078 -0.219835 -0.0188755 0.975354 52.0875 23.4933 1 0 677 0 0 0 
20170507012103 -1.10867 12.6994 -0.0705822 -0.186092 0.0347416 0.981918 0.983775 -0.0278239 -0.177236 0.0289174 0.999575 0.00358936 0.17706 -0.00865632 0.984162 -0.503939 -10.1986 1.68369 -0.186092 0.0347416 0.981918 0.983775 -0.0278239 -0.177236 0.0289174 0.999575 0.00358936 0.17706 -0.00865632 0.984162 52.0875 23.4933 1 0 677 0 1 1 
20170507012104 -1.10867 12.6994 -0.0705822 -0.0249818 0.0658147 0.997519 0.98481 -0.0179493 -0.172702 0.0160577 0.999795 -0.0123441 0.172889 0.00938344 0.984897 0.545859 -9.95581 0.934144 -0.0249818 0.0658147 0.997519 0.98481 -0.0179493 -0.172702 0.0160577 0.999795 -0.0123441 0.172889 0.00938344 0.984897 52.0875 23.4933 1 0 676 0 1 2 
20170507012104 -1.10867 12.6994 -0.0705822 0.115264 0.102667 0.988015 0.992604 -0.0197475 -0.119783 0.0192212 0.9998 -0.0055478 0.119869 0.00320438 0.992785 0.184931 -6.88454 1.10936 0.115264 0.102667 0.988015 0.992604 -0.0197475 -0.119783 0.0192212 0.9998 -0.0055478 0.119869 0.00320438 0.992785 52.0875 23.4933 1 0 676 0 1 3 
20170507012104 -0.92626 -3.90877 2.79712 -0.0286604 -0.115373 -0.992909 0.996485 -0.0476926 -0.0688668 0.0486861 0.998732 0.0128202 0.068168 -0.016128 0.997543 -0.92626 -3.90877 2.79712 -0.0286604 -0.115373 -0.992909 0.996485 -0.0476926 -0.0688668 0.0486861 0.998732 0.0128202 0.068168 -0.016128 0.997543 55.1902 28.7101 1 1 676 0 0 0 
20170507012105 -2.59712 -2.35065 3.33675 -0.115464 -0.191819 -0.974614 0.997465 -0.0562892 -0.0435408 0.0581554 0.997387 0.0428511 0.041015 -0.0452746 0.998132 -2.59712 -2.35065 3.33675 -0.115464 -0.191819 -0.974614 0.997465 -0.0562892 -0.0435408 0.0581554 0.997387 0.0428511 0.041015 -0.0452746 0.998132 54.939 32.2005 1 1 673 0 0 0 
20170507012105 0.310887 1.98033 0.359202 -0.400941 -0.0267472 -0.915714 0.999383 -0.00608163 0.0345892 0.00626547 0.999967 -0.00520923 -0.0345564 0.00542273 0.999388 0.310887 1.98033 0.359202 -0.400941 -0.0267472 -0.915714 0.999383 -0.00608163 0.0345892 0.00626547 0.999967 -0.00520923 -0.0345564 0.00542273 0.999388 70.1286 41.5809 1 1 672 0 0 0 
20170507012105 0.629296 11.3741 1.70505 0 0 0 0.979926 -0.0275874 0.197442 0.0291699 0.999561 -0.00511059 -0.197214 0.0107674 0.980301 0.629296 11.3741 1.70505 0 0 0 0.979926 -0.0275874 0.197442 0.0291699 0.999561 -0.00511059 -0.197214 0.0107674 0.980301 70.1286 41.5809 1 0 672 0 0 0 
20170507012106 0.629296 11.3741 1.70505 0.989771 -0.131369 0.0556462 0.967996 -0.087685 -0.23515 0.112304 0.989274 0.0934099 0.224437 -0.116829 0.96746 -6.88559 -12.9697 6.6177 0.989771 -0.131369 0.0556462 0.967996 -0.087685 -0.23515 0.112304 0.989274 0.0934099 0.224437 -0.116829 0.96746 70.1286 41.5809 1 0 672 0 1 1 
20170507012106 0.629296 11.3741 1.70505 0.910183 0.146463 -0.387448 0.7467 -0.156888 -0.646394 0.104649 0.987392 -0.118765 0.656877 0.0210374 0.753704 1.59882 -41.0622 7.97793 0.910183 0.146463 -0.387448 0.7467 -0.156888 -0.646394 0.104649 0.987392 -0.118765 0.656877 0.0210374 0.753704 70.1286 41.5809 1 0 667 0 1 2 
20170507012107 0.629296 11.3741 1.70505 0.838418 -0.28591 -0.464015 0.995346 -0.0653627 -0.0708121 0.075695 0.985052 0.154733 0.0596398 -0.159373 0.985415 -9.187 -3.41914 4.34891 0.838418 -0.28591 -0.464015 0.995346 -0.0653627 -0.0708121 0.075695 0.985052 0.154733 0.0596398 -0.159373 0.985415 70.1286 41.5809 1 0 661 0 1 3 
20170507012107 -0.090869 -4.54269 0.471256 -0.147466 -0.0572676 -0.987408 0.996825 -0.00809925 -0.0792122 0.00819903 0.999966 0.000934484 0.0792019 -0.00158098 0.996857 -0.090869 -4.54269 0.471256 -0.147466 -0.0572676 -0.987408 0.996825 -0.00809925 -0.0792122 0.00819903 0.999966 0.000934484 0.0792019 -0.00158098 0.996857 63.7953 26.7156 1 1 661 0 0 0 
20170507012108 -0.1517 -8.28065 1.58673 0 0 0 0.989195 -0.0273088 -0.14404 0.0274014 0.999624 -0.00134132 0.144022 -0.00262006 0.989571 -0.1517 -8.28065 1.58673 0 0 0 0.989195 -0.0273088 -0.14404 0.0274014 0.999624 -0.00134132 0.144022 -0.00262006 0.989571 63.7953 26.7156 1 0 661 0 0 0 
20170507012108 -2.8063 -11.5563 6.15129 0 0 0 0.974088 -0.0972739 -0.204184 0.104982 0.994101 0.0272373 0.20033 -0.0479672 0.978554 -2.8063 -11.5563 6.15129 0 0 0 0.974088 -0.0972739 -0.204184 0.104982 0.994101 0.0272373 0.20033 -0.0479672 0.978554 63.7953 26.7156 1 0 661 0 0 0 
20170507012108 -7.1468 -9.38421 10.1702 0 0 0 0.971115 -0.155233 -0.181213 0.174209 0.980222 0.09389 0.163054 -0.122747 0.978952 -7.1468 -9.38421 10.1702 0 0 0 0.971115 -0.155233 -0.181213 0.174209 0.980222 0.09389 0.163054 -0.122747 0.978952 63.7953 26.7156 1 0 661 0 0 0 
20170507012109 -7.1468 -9.38421 10.1702 0.824494 -0.289798 0.486031 0.879117 0.0929398 -0.467456 -0.055687 0.994115 0.092923 0.473341 -0.055659 0.879119 -3.62269 -28.2514 -3.62451 0.824494 -0.289798 0.486031 0.879117 0.0929398 -0.467456 -0.055687 0.994115 0.092923 0.473341 -0.055659 0.879119 63.7953 26.7156 1 0 661 0 1 1 
20170507012109 -7.1468 -9.38421 10.1702 -0.854959 0.118309 0.505023 0.979792 -0.197375 0.0324095 0.192326 0.974166 0.118367 -0.0549349 -0.109741 0.992441 -6.30998 3.14912 11.1056 -0.854959 0.118309 0.505023 0.979792 -0.197375 0.0324095 0.192326 0.974166 0.118367 -0.0549349 -0.109741 0.992441 63.7953 26.7156 1 0 661 0 1 2 
20170507012110 -5.75608 -17.2885 10.3569 0 0 0 0.939264 -0.149553 -0.308897 0.171657 0.984105 0.0455016 0.297183 -0.0957624 0.950006 -5.75608 -17.2885 10.3569 0 0 0 0.939264 -0.149553 -0.308897 0.171657 0.984105 0.0455016 0.297183 -0.0957624 0.950006 63.7953 26.7156 1 0 661 0 0 0 
20170507012110 -5.75608 -17.2885 10.3569 -0.848795 0.122386 0.514363 0.982615 -0.170679 0.0730564 0.164668 0.982963 0.0816647 -0.0857501 -0.068215 0.993979 -3.92595 4.91916 9.51329 -0.848795 0.122386 0.514363 0.982615 -0.170679 0.0730564 0.164668 0.982963 0.0816647 -0.0857501 -0.068215 0.993979 63.7953 26.7156 1 0 661 0 1 1 
20170507012111 -5.75608 -17.2885 10.3569 -0.874917 0.192843 -0.444221 0.992935 -0.00814393 0.11838 0.0124466 0.999287 -0.0356527 -0.118006 0.0368742 0.992328 2.12809 6.77702 0.718176 -0.874917 0.192843 -0.444221 0.992935 -0.00814393 0.11838 0.0124466 0.999287 -0.0356527 -0.118006 0.0368742 0.992328 63.7953 26.7156 1 0 661 0 1 2 
20170507012111 -5.75608 -17.2885 10.3569 -0.839658 -0.208273 -0.501594 0.982507 -0.0392503 0.182042 0.0245512 0.996304 0.0823079 -0.1846 -0.0763987 0.97984 -4.45837 10.6378 1.43143 -0.839658 -0.208273 -0.501594 0.982507 -0.0392503 0.182042 0.0245512 0.996304 0.0823079 -0.1846 -0.0763987 0.97984 63.7953 26.7156 1 0 661 0 1 3 
20170507012112 -1.34547 9.35958 1.09313 0 0 0 0.986508 -0.0228904 0.162108 0.0188237 0.999469 0.0265783 -0.16263 -0.0231682 0.986415 -1.34547 9.35958 1.09313 0 0 0 0.986508 -0.0228904 0.162108 0.0188237 0.999469 0.0265783 -0.16263 -0.0231682 0.986415 63.7953 26.7156 1 0 661 0 0 0 
20170507012112 -1.60337 12.6834 1.05815 0 0 0 0.975432 -0.0246023 0.218923 0.0180165 0.999325 0.0320287 -0.219563 -0.0272976 0.975216 -1.60337 12.6834 1.05815 0 0 0 0.975432 -0.0246023 0.218923 0.0180165 0.999325 0.0320287 -0.219563 -0.0272976 0.975216 63.7953 26.7156 1 0 661 0 0 0 
20170507012112 -1.60337 12.6834 1.05815 -0.013299 0.0698145 0.997471 0.983432 -0.0284342 -0.179035 0.0238485 0.999331 -0.027714 0.179704 0.0229851 0.983452 1.33886 -10.3525 1.38917 -0.013299 0.0698145 0.997471 0.983432 -0.0284342 -0.179035 0.0238485 0.999331 -0.027714 0.179704 0.0229851 0.983452 63.7953 26.7156 1 0 661 0 1 1 
20170507012113 -1.60337 12.6834 1.05815 -0.423537 -0.0934402 -0.901047 0.999595 -0.0199907 0.0202581 0.0199408 0.999798 0.00266322 -0.0203073 -0.00225818 0.999791 -0.129411 1.1636 1.14284 -0.423537 -0.0934402 -0.901047 0.999595 -0.0199907 0.0202581 0.0199408 0.999798 0.00266322 -0.0203073 -0.00225818 0.999791 63.7953 26.7156 1 0 661 0 1 2 
20170507012113 -1.60337 12.6834 1.05815 0.0290368 0.10789 0.993739 0.996856 -0.0322257 -0.0723818 0.0339366 0.99917 0.0225323 0.0715956 -0.0249179 0.997122 -1.43151 -4.10564 1.9498 0.0290368 0.10789 0.993739 0.996856 -0.0322257 -0.0723818 0.0339366 0.99917 0.0225323 0.0715956 -0.0249179 0.997122 63.7953 26.7156 1 0 661 0 1 3 
20170507012114 1.98685 27.2014 1.80878 0 0 0 0.888962 -0.0157045 0.457712 0.0280731 0.999401 -0.020233 -0.45712 0.0308357 0.88887 1.98685 27.2014 1.80878 0 0 0 0.888962 -0.0157045 0.457712 0.0280731 0.999401 -0.020233 -0.45712 0.0308357 0.88887 63.7953 26.7156 1 0 659 0 0 0 
20170507012114 -0.00211665 21.1142 3.5862 0 0 0 0.931037 -0.0625635 0.359521 0.0583508 0.998041 0.0225692 -0.360228 -3.44624e-05 0.932864 -0.00211665 21.1142 3.5862 0 0 0 0.931037 -0.0625635 0.359521 0.0583508 0.998041 0.0225692 -0.360228 -3.44624e-05 0.932864 63.7953 26.7156 1 0 650 0 0 0 
20170507012115 -0.00211665 21.1142 3.5862 -0.321267 -0.0582258 -0.945197 0.987765 -0.0639037 0.142253 0.0595421 0.997622 0.0347137 -0.144134 -0.0258189 0.989221 -1.49509 8.28711 3.44959 -0.321267 -0.0582258 -0.945197 0.987765 -0.0639037 0.142253 0.0595421 0.997622 0.0347137 -0.144134 -0.0258189 0.989221 63.7953 26.7156 1 0 617 0 1 1 
20170507012115 -0.00211665 21.1142 3.5862 -0.327608 -0.0168376 -0.944664 0.997258 -0.0137091 0.072726 0.0145873 0.999827 -0.0115591 -0.0725549 0.0125882 0.997285 0.723178 4.16075 0.838031 -0.327608 -0.0168376 -0.944664 0.997258 -0.0137091 0.072726 0.0145873 0.999827 -0.0115591 -0.0725549 0.0125882 0.997285 63.7953 26.7156 1 0 615 0 1 2 
20170507012115 0.0476694 19.2492 0.743913 0 0 0 0.944014 -0.0127091 0.32966 0.0122575 0.999919 0.0034484 -0.329678 0.000785474 0.944093 0.0476694 19.2492 0.743913 0 0 0 0.944014 -0.0127091 0.32966 0.0122575 0.999919 0.0034484 -0.329678 0.000785474 0.944093 63.7953 26.7156 1 0 615 0 0 0 
20170507012116 -6.97255 20.942 2.15327 0 0 0 0.933283 -0.0806532 0.349968 0.0350908 0.990273 0.134638 -0.357423 -0.113375 0.927036 -6.97255 20.942 2.15327 0 0 0 0.933283 -0.0806532 0.349968 0.0350908 0.990273 0.134638 -0.357423 -0.113375 0.927036 63.7953 26.7156 1 0 615 0 0 0 
20170507012116 -6.97255 20.942 2.15327 -0.337529 -0.0606858 -0.939357 0.996799 -0.0783588 -0.0158702 0.0781514 0.996853 -0.0132965 0.0168622 0.0120136 0.999786 0.688445 -0.966178 4.48295 -0.337529 -0.0606858 -0.939357 0.996799 -0.0783588 -0.0158702 0.0781514 0.996853 -0.0132965 0.0168622 0.0120136 0.999786 63.7953 26.7156 1 0 613 0 1 1 
