20170507173801 0.00713031 0.367566 -0.0794293 0 0 0 0.999978 0.0013871 0.00641501 -0.00138627 0.999999 -0.000133341 -0.00641518 0.000124445 0.999979 0.00713031 0.367566 -0.0794293 0.36456 -0.183471 0.912926 0.999978 0.0013871 0.00641501 -0.00138627 0.999999 -0.000133341 -0.00641518 0.000124445 0.999979 2.62492 0.38496 0 1 1466 0 0 0 -0.379505 0.00641523 7.29181 1.35 2.72 -1.45712 7.11479 -0.653497 0 -0.379505 0 7.29181 1.35 2.72 -1.45712 7.11479 -0.653497 107.2 
20170507173801 0.042049 0.397011 0.106629 0 0 0 0.999974 -0.00185594 0.00693044 0.00186098 0.999998 -0.000720997 -0.00692909 0.000733876 0.999976 0.042049 0.397011 0.106629 0.917439 -0.383369 0.10646 0.999974 -0.00185594 0.00693044 0.00186098 0.999998 -0.000720997 -0.00692909 0.000733876 0.999976 1.89596 0.261395 0 1 1466 0 0 0 -0.379505 0.00692915 7.29181 1.33 2.75 -1.60729 7.08143 -0.663679 0 -0.379505 0 7.29181 1.33 2.75 -1.60729 7.08143 -0.663679 107.2 
20170507173801 -0.319827 0.186365 0.1107 0 0 0 0.999993 -0.0019502 0.00324184 0.00193207 0.999983 0.00558829 -0.00325269 -0.00558198 0.999979 -0.319827 0.186365 0.1107 -0.0713481 0.992577 0.0984862 0.999993 -0.0019502 0.00324184 0.00193207 0.999983 0.00558829 -0.00325269 -0.00558198 0.999979 1.59305 0.176905 0 1 1466 0 0 0 -0.379505 0.00325269 7.29181 1.33 2.77 -1.62024 7.08143 -0.631402 0 -0.379505 0 7.29181 1.33 2.77 -1.62024 7.08143 -0.631402 107.1 
20170507173802 -0.220075 0.241601 0.114835 0 0 0 0.999989 -0.00202043 0.00420898 0.00200423 0.999991 0.00384947 -0.00421672 -0.00384099 0.999984 -0.220075 0.241601 0.114835 0.153421 0.986234 0.0616737 0.999989 -0.00202043 0.00420898 0.00200423 0.999991 0.00384947 -0.00421672 -0.00384099 0.999984 1.63065 0.181409 0 1 1466 0 0 0 -0.380506 0.00421673 7.29181 1.34 2.74 -1.53531 7.09846 -0.652004 0 -0.380506 0 7.29181 1.34 2.74 -1.53531 7.09846 -0.652004 107.2 
20170507173802 0.069755 0.315991 0.108092 0 0 0 0.999983 -0.00187984 0.00551735 0.00188652 0.999997 -0.00120705 -0.00551506 0.00121744 0.999984 0.069755 0.315991 0.108092 -0.804461 0.549572 0.225417 0.999983 -0.00187984 0.00551735 0.00188652 0.999997 -0.00120705 -0.00551506 0.00121744 0.999984 1.48816 0.222957 0 1 1466 0 0 0 -0.379505 0.00551509 7.29181 1.34 2.75 -1.54176 7.09846 -0.636619 0 -0.379505 0 7.29181 1.34 2.75 -1.54176 7.09846 -0.636619 107.3 
20170507173802 0.0409454 0.349671 0.107367 0 0 0 0.99998 -0.00186955 0.00610421 0.00187388 0.999998 -0.000703194 -0.00610288 0.000714619 0.999981 0.0409454 0.349671 0.107367 -0.808743 0.291751 0.510702 0.99998 -0.00186955 0.00610421 0.00187388 0.999998 -0.000703194 -0.00610288 0.000714619 0.999981 1.55224 0.297841 0 1 1466 0 0 0 -0.379505 0.00610292 7.29181 1.34 2.76 -1.54805 7.09846 -0.62117 0 -0.379505 0 7.29181 1.34 2.76 -1.54805 7.09846 -0.62117 107.2 
20170507173802 0.0731983 0.34275 0.109924 0 0 0 0.99998 -0.00191089 0.00598452 0.0019185 0.999997 -0.00126607 -0.00598209 0.00127753 0.999981 0.0731983 0.34275 0.109924 -0.683417 0.506419 0.525815 0.99998 -0.00191089 0.00598452 0.0019185 0.999997 -0.00126607 -0.00598209 0.00127753 0.999981 1.57203 0.362239 0 1 1466 0 0 0 -0.379505 0.00598212 7.29181 1.33 2.75 -1.60729 7.08143 -0.663679 0 -0.379505 0 7.29181 1.33 2.75 -1.60729 7.08143 -0.663679 107.3 
20170507173802 -0.0581591 0.265776 0.113545 0 0 0 0.999987 -0.00198645 0.00463663 0.00198172 0.999998 0.00102426 -0.00463865 -0.00101506 0.999989 -0.0581591 0.265776 0.113545 -0.793461 -0.428454 0.432257 0.999987 -0.00198645 0.00463663 0.00198172 0.999998 0.00102426 -0.00463865 -0.00101506 0.999989 1.23304 0.451367 0 1 1466 0 0 0 -0.379505 0.00463867 7.29181 1.34 2.76 -1.54805 7.09846 -0.62117 0 -0.379505 0 7.29181 1.34 2.76 -1.54805 7.09846 -0.62117 107.1 
20170507173802 0.209419 0.0395294 0.255362 0 0 0 0.99999 -0.00445434 0.000706197 0.00445689 0.999983 -0.00365193 -0.000689919 0.00365504 0.999993 0.209419 0.0395294 0.255362 -0.294533 -0.738358 -0.606694 0.99999 -0.00445434 0.000706197 0.00445689 0.999983 -0.00365193 -0.000689919 0.00365504 0.999993 0.908466 0.538781 0 1 1466 0 0 0 -0.379505 0.000689919 7.29181 1.34 2.75 -1.54176 7.09846 -0.636619 0 -0.379505 0 7.29181 1.34 2.75 -1.54176 7.09846 -0.636619 107.3 
20170507173802 0.209419 0.0395294 0.255362 0 0 0 0.786103 0.566029 -0.2483 0.565979 -0.820637 -0.0788848 -0.248415 -0.078521 -0.965466 -175.35 14.3838 35.7532 0.944807 0.301196 -0.128925 0.786103 0.566029 -0.2483 0.565979 -0.820637 -0.0788848 -0.248415 -0.078521 -0.965466 0.908466 0.538781 0 1 1466 0 1 1 -0.379505 0.000689919 7.29181 1.33 2.75 -1.60729 7.08143 -0.663679 0 -0.379505 0 7.29181 1.33 2.75 -1.60729 7.08143 -0.663679 107.2 
20170507173803 -0.014137 -0.0667004 0.158276 0 0 0 0.999996 -0.00276214 -0.00116482 0.00276243 0.999996 0.00024352 0.00116414 -0.000246736 0.999999 -0.014137 -0.0667004 0.158276 0.232186 -0.110001 0.966431 0.999996 -0.00276214 -0.00116482 0.00276243 0.999996 0.00024352 0.00116414 -0.000246736 0.999999 0.918873 0.471796 0 1 1466 0 0 0 -0.379505 -0.00116414 7.29181 1.33 2.75 -1.60729 7.08143 -0.663679 0 -0.379505 0 7.29181 1.33 2.75 -1.60729 7.08143 -0.663679 107.3 
20170507173803 -0.0414302 0.141403 0.200971 0 0 0 0.999991 -0.00350938 0.0024654 0.00350759 0.999994 0.000731746 -0.00246795 -0.000723091 0.999997 -0.0414302 0.141403 0.200971 -0.829568 -0.253788 0.497402 0.999991 -0.00350938 0.0024654 0.00350759 0.999994 0.000731746 -0.00246795 -0.000723091 0.999997 1.06813 0.490252 0 1 1466 0 0 0 -0.379505 0.00246795 7.29181 1.33 2.75 -1.60729 7.08143 -0.663679 0 -0.379505 0 7.29181 1.33 2.75 -1.60729 7.08143 -0.663679 107.3 
20170507173803 -0.0282475 0.165445 0.238415 0 0 0 0.999987 -0.00416254 0.00288548 0.0041611 0.999991 0.000505023 -0.00288755 -0.00049301 0.999996 -0.0282475 0.165445 0.238415 -0.859778 -0.170647 0.481312 0.999987 -0.00416254 0.00288548 0.0041611 0.999991 0.000505023 -0.00288755 -0.00049301 0.999996 1.09843 0.492601 0 1 1466 0 0 0 -0.379505 0.00288756 7.29181 1.32 2.74 -1.66567 7.06369 -0.707364 0 -0.379505 0 7.29181 1.32 2.74 -1.66567 7.06369 -0.707364 107.2 
20170507173803 -0.0569808 0.38241 0.212028 0 0 0 0.999971 -0.00370722 0.00667053 0.0037005 0.999993 0.00101919 -0.00667426 -0.00099448 0.999977 -0.0569808 0.38241 0.212028 -0.927706 -0.128817 0.350383 0.999971 -0.00370722 0.00667053 0.0037005 0.999993 0.00101919 -0.00667426 -0.00099448 0.999977 0.855879 0.450642 0 1 1466 0 0 0 -0.379505 0.00667431 7.29181 1.33 2.75 -1.60729 7.08143 -0.663679 0 -0.379505 0 7.29181 1.33 2.75 -1.60729 7.08143 -0.663679 107.3 
20170507173803 -0.0295816 0.277491 0.242147 0 0 0 0.999979 -0.00422874 0.00484089 0.00422619 0.999991 0.000536759 -0.00484312 -0.00051629 0.999988 -0.0295816 0.277491 0.242147 -0.938606 -0.0992768 0.330399 0.999979 -0.00422874 0.00484089 0.00422619 0.999991 0.000536759 -0.00484312 -0.00051629 0.999988 0.883138 0.484031 0 1 1466 0 0 0 -0.379505 0.00484314 7.29181 1.32 2.75 -1.67266 7.06369 -0.690672 0 -0.379505 0 7.29181 1.32 2.75 -1.67266 7.06369 -0.690672 107.2 
20170507173803 -0.0626246 0.263843 0.23696 0 0 0 0.999981 -0.00414076 0.00460035 0.00413568 0.999991 0.00111204 -0.00460491 -0.00109299 0.999989 -0.0626246 0.263843 0.23696 -0.944892 -0.279899 0.169812 0.999981 -0.00414076 0.00460035 0.00413568 0.999991 0.00111204 -0.00460491 -0.00109299 0.999989 0.965876 0.545167 0 1 1466 0 0 0 -0.379505 0.00460492 7.29181 1.33 2.77 -1.62024 7.08143 -0.631402 0 -0.379505 0 7.29181 1.33 2.77 -1.62024 7.08143 -0.631402 107.4 
20170507173803 0.0501712 0.0492909 0.330594 0 0 0 0.999983 -0.00576917 0.000865327 0.00576992 0.999983 -0.000870674 -0.000860289 0.000875653 0.999999 0.0501712 0.0492909 0.330594 0.920731 -0.157508 -0.356995 0.999983 -0.00576917 0.000865327 0.00576992 0.999983 -0.000870674 -0.000860289 0.000875653 0.999999 1.13445 0.467869 0 1 1466 0 0 0 -0.379505 0.000860289 7.29181 1.31 2.79 -1.76517 7.04524 -0.647526 0 -0.379505 0 7.29181 1.31 2.79 -1.76517 7.04524 -0.647526 107.2 
20170507173804 0.0830653 0.215455 0.3189 0 0 0 0.999977 -0.00556037 0.00376839 0.00556579 0.999983 -0.00142881 -0.00376038 0.00144975 0.999992 0.0830653 0.215455 0.3189 -0.984873 0.168622 0.0399078 0.999977 -0.00556037 0.00376839 0.00556579 0.999983 -0.00142881 -0.00376038 0.00144975 0.999992 1.36591 0.442415 0 1 1466 0 0 0 -0.379505 0.00376039 7.29181 1.33 2.79 -1.63254 7.08143 -0.598873 0 -0.379505 0 7.29181 1.33 2.79 -1.63254 7.08143 -0.598873 107.3 
20170507173804 0.0212784 -0.14193 0.301042 0 0 0 0.999983 -0.00525508 -0.00247516 0.00525414 0.999986 -0.000384388 0.00247715 0.000371377 0.999997 0.0212784 -0.14193 0.301042 -0.313141 0.152463 0.937389 0.999983 -0.00525508 -0.00247516 0.00525414 0.999986 -0.000384388 0.00247715 0.000371377 0.999997 1.31364 0.474136 0 1 1466 0 0 0 -0.379505 -0.00247715 7.29181 1.33 2.78 -1.62647 7.08143 -0.615169 0 -0.379505 0 7.29181 1.33 2.78 -1.62647 7.08143 -0.615169 107.3 
20170507173804 0.0765179 -0.137966 0.329117 0 0 0 0.999981 -0.00574736 -0.00240025 0.00574413 0.999983 -0.0013493 0.00240796 0.00133548 0.999996 0.0765179 -0.137966 0.329117 0.852352 0.245934 -0.461533 0.999981 -0.00574736 -0.00240025 0.00574413 0.999983 -0.0013493 0.00240796 0.00133548 0.999996 0.905033 0.44945 0 1 1466 0 0 0 -0.379505 -0.00240797 7.29181 1.32 2.79 -1.69894 7.06369 -0.623231 0 -0.379505 0 7.29181 1.32 2.79 -1.69894 7.06369 -0.623231 107.1 
20170507173804 -0.0739195 0.326395 0.302555 0 0 0 0.99997 -0.0052879 0.00568974 0.00528047 0.999985 0.0013202 -0.00569664 -0.00129012 0.999983 -0.0739195 0.326395 0.302555 -0.964335 -0.15533 0.214314 0.99997 -0.0052879 0.00568974 0.00528047 0.999985 0.0013202 -0.00569664 -0.00129012 0.999983 0.899603 0.476131 0 1 1466 0 0 0 -0.379505 0.00569667 7.29181 1.35 2.79 -1.49926 7.11479 -0.549981 0 -0.379505 0 7.29181 1.35 2.79 -1.49926 7.11479 -0.549981 107.4 
20170507173804 0.0218475 -0.107888 0.310367 0 0 0 0.999984 -0.00541761 -0.0018809 0.00541688 0.999985 -0.000391505 0.001883 0.00038131 0.999998 0.0218475 -0.107888 0.310367 0.8649 0.210529 -0.455659 0.999984 -0.00541761 -0.0018809 0.00541688 0.999985 -0.000391505 0.001883 0.00038131 0.999998 0.943585 0.489437 0 1 1466 0 0 0 -0.379505 -0.001883 7.29181 1.34 2.79 -1.56598 7.09846 -0.574456 0 -0.379505 0 7.29181 1.34 2.79 -1.56598 7.09846 -0.574456 107.3 
20170507173804 0.065299 0.36488 0.332607 0 0 0 0.999963 -0.00579779 0.00637483 0.00580493 0.999983 -0.00110269 -0.00636832 0.00113966 0.999979 0.065299 0.36488 0.332607 -0.944623 0.191086 0.266784 0.999963 -0.00579779 0.00637483 0.00580493 0.999983 -0.00110269 -0.00636832 0.00113966 0.999979 0.914472 0.469359 0 1 1466 0 0 0 -0.379505 0.00636837 7.29181 1.33 2.76 -1.61385 7.08143 -0.647573 0 -0.379505 0 7.29181 1.33 2.76 -1.61385 7.08143 -0.647573 107.2 
20170507173804 0.0510137 0.333599 0.391009 0 0 0 0.99996 -0.00681916 0.00582831 0.00682423 0.999976 -0.000850602 -0.00582238 0.000890341 0.999983 0.0510137 0.333599 0.391009 -0.918265 0.208082 0.336886 0.99996 -0.00681916 0.00582831 0.00682423 0.999976 -0.000850602 -0.00582238 0.000890341 0.999983 0.992249 0.466893 0 1 1466 0 0 0 -0.379505 0.00582241 7.29181 1.33 2.76 -1.61385 7.08143 -0.647573 0 -0.379505 0 7.29181 1.33 2.76 -1.61385 7.08143 -0.647573 107.2 
20170507173805 0.176495 0.338421 0.445644 0 0 0 0.999952 -0.00775965 0.00593028 0.00777774 0.999965 -0.00303439 -0.00590653 0.00308036 0.999978 0.176495 0.338421 0.445644 -0.903173 0.394197 0.169963 0.999952 -0.00775965 0.00593028 0.00777774 0.999965 -0.00303439 -0.00590653 0.00308036 0.999978 1.2988 0.544202 0 1 1466 0 0 0 -0.379505 0.00590656 7.29181 1.33 2.77 -1.62024 7.08143 -0.631402 0 -0.379505 0 7.29181 1.33 2.77 -1.62024 7.08143 -0.631402 107.3 
20170507173805 0.244811 0.262881 0.431465 0 0 0 0.999961 -0.00751074 0.00462013 0.00753034 0.999963 -0.00423808 -0.00458813 0.0042727 0.99998 0.244811 0.262881 0.431465 -0.860842 0.477717 0.175318 0.999961 -0.00751074 0.00462013 0.00753034 0.999963 -0.00423808 -0.00458813 0.0042727 0.99998 1.66178 0.599548 0 1 1466 0 0 0 -0.379505 0.00458814 7.29181 1.32 2.74 -1.66567 7.06369 -0.707364 0 -0.379505 0 7.29181 1.32 2.74 -1.66567 7.06369 -0.707364 107.4 
20170507173805 -0.0889575 -0.28958 0.237531 0 0 0 0.999979 -0.00413783 -0.00506049 0.00414563 0.99999 0.00153163 0.0050541 -0.00155258 0.999986 -0.0889575 -0.28958 0.237531 -0.175971 -0.28629 0.941845 0.999979 -0.00413783 -0.00506049 0.00414563 0.99999 0.00153163 0.0050541 -0.00155258 0.999986 2.03734 0.697304 0 1 1466 0 0 0 -0.379505 -0.00505413 7.29181 1.33 2.73 -1.5937 7.08143 -0.69569 0 -0.379505 0 7.29181 1.33 2.73 -1.5937 7.08143 -0.69569 107.3 
20170507173805 -0.0826212 -0.262767 0.233777 0 0 0 0.999981 -0.00407354 -0.00459197 0.00408012 0.999991 0.00142329 0.00458613 -0.001442 0.999988 -0.0826212 -0.262767 0.233777 0.293894 0.255475 -0.921064 0.999981 -0.00407354 -0.00459197 0.00408012 0.999991 0.00142329 0.00458613 -0.001442 0.999988 2.04669 0.716611 0 1 1466 0 0 0 -0.379505 -0.00458614 7.29181 1.33 2.72 -1.58666 7.08143 -0.711591 0 -0.379505 0 7.29181 1.33 2.72 -1.58666 7.08143 -0.711591 107.2 
20170507173805 0.191514 0.325459 0.536126 0 0 0 0.99994 -0.00933799 0.0057113 0.00935688 0.999951 -0.00328925 -0.0056803 0.0033425 0.999978 0.191514 0.325459 0.536126 -0.849912 0.312585 0.424193 0.99994 -0.00933799 0.0057113 0.00935688 0.999951 -0.00328925 -0.0056803 0.0033425 0.999978 1.71379 0.708964 0 1 1466 0 0 0 -0.379505 0.00568033 7.29181 1.33 2.73 -1.5937 7.08143 -0.69569 0 -0.379505 0 7.29181 1.33 2.73 -1.5937 7.08143 -0.69569 107.3 
20170507173805 0.157195 0.466273 0.502883 0 0 0 0.999928 -0.0087545 0.00816165 0.00877657 0.999958 -0.00267203 -0.00813791 0.00274347 0.999963 0.157195 0.466273 0.502883 -0.853307 0.318658 0.412705 0.999928 -0.0087545 0.00816165 0.00877657 0.999958 -0.00267203 -0.00813791 0.00274347 0.999963 1.45148 0.664029 0 1 1466 0 0 0 -0.379505 0.008138 7.29181 1.33 2.73 -1.5937 7.08143 -0.69569 0 -0.379505 0 7.29181 1.33 2.73 -1.5937 7.08143 -0.69569 107.2 
20170507173806 -0.087221 0.0999875 0.315459 0 0 0 0.999983 -0.00550842 0.0017367 0.00550576 0.999984 0.00153188 -0.00174511 -0.00152229 0.999997 -0.087221 0.0999875 0.315459 0.23705 0.0970474 -0.966638 0.999983 -0.00550842 0.0017367 0.00550576 0.999984 0.00153188 -0.00174511 -0.00152229 0.999997 1.53488 0.762461 0 1 1466 0 0 0 -0.379505 0.00174511 7.29181 1.33 2.73 -1.5937 7.08143 -0.69569 0 -0.379505 0 7.29181 1.33 2.73 -1.5937 7.08143 -0.69569 107.3 
20170507173806 0.185484 0.826132 0.528856 0 0 0 0.999853 -0.00918342 0.0144474 0.00922918 0.999953 -0.00310407 -0.0144182 0.00323696 0.999891 0.185484 0.826132 0.528856 -0.896918 0.274318 0.346825 0.999853 -0.00918342 0.0144474 0.00922918 0.999953 -0.00310407 -0.0144182 0.00323696 0.999891 1.77469 0.819083 0 1 1466 0 0 0 -0.379505 0.0144187 7.29181 1.34 2.72 -1.52197 7.09846 -0.682578 0 -0.379505 0 7.29181 1.34 2.72 -1.52197 7.09846 -0.682578 107.4 
20170507173806 -0.0456502 0.26127 0.502337 0 0 0 0.999951 -0.00877095 0.00455285 0.00876722 0.999961 0.000836694 -0.00456001 -0.000796737 0.999989 -0.0456502 0.26127 0.502337 0.224252 0.493418 0.840386 0.999951 -0.00877095 0.00455285 0.00876722 0.999961 0.000836694 -0.00456001 -0.000796737 0.999989 2.50306 0.899636 0 1 1466 0 0 0 -0.379505 0.00456002 7.29181 1.33 2.72 -1.58666 7.08143 -0.711591 0 -0.379505 0 7.29181 1.33 2.72 -1.58666 7.08143 -0.711591 107.3 
20170507173806 -0.0609133 0.295398 0.479414 0 0 0 0.999952 -0.00837273 0.00514657 0.00836715 0.999964 0.00110624 -0.00515565 -0.00106312 0.999986 -0.0609133 0.295398 0.479414 0.276466 0.417112 0.865785 0.999952 -0.00837273 0.00514657 0.00836715 0.999964 0.00110624 -0.00515565 -0.00106312 0.999986 2.78696 0.942518 0 1 1466 0 0 0 -0.379505 0.00515567 7.29181 1.34 2.7 -1.50801 7.09846 -0.712879 0 -0.379505 0 7.29181 1.34 2.7 -1.50801 7.09846 -0.712879 107.2 
20170507173806 -0.0773994 0.268786 0.46223 0 0 0 0.999956 -0.00807368 0.00468013 0.00806726 0.999966 0.00138868 -0.00469118 -0.00135086 0.999988 -0.0773994 0.268786 0.46223 0.075315 0.244847 0.966632 0.999956 -0.00807368 0.00468013 0.00806726 0.999966 0.00138868 -0.00469118 -0.00135086 0.999988 2.51311 0.959896 0 1 1466 0 0 0 -0.379505 0.0046912 7.29181 1.33 2.7 -1.57211 7.08143 -0.74318 0 -0.379505 0 7.29181 1.33 2.7 -1.57211 7.08143 -0.74318 107.3 
20170507173806 -0.154096 0.184211 0.394385 0 0 0 0.999971 -0.00689188 0.00319647 0.00688322 0.999973 0.00271154 -0.00321507 -0.00268946 0.999991 -0.154096 0.184211 0.394385 -0.0674808 -0.00458433 -0.99771 0.999971 -0.00689188 0.00319647 0.00688322 0.999973 0.00271154 -0.00321507 -0.00268946 0.999991 2.35386 0.8954 0 1 1466 0 0 0 -0.379505 0.00321508 7.29181 1.33 2.73 -1.5937 7.08143 -0.69569 0 -0.379505 0 7.29181 1.33 2.73 -1.5937 7.08143 -0.69569 107.3 
20170507173807 -0.126339 0.0485801 0.41297 0 0 0 0.999974 -0.00720947 0.000831966 0.00720762 0.999972 0.00221108 -0.000847883 -0.00220502 0.999997 -0.126339 0.0485801 0.41297 0.34384 0.0929355 -0.934418 0.999974 -0.00720947 0.000831966 0.00720762 0.999972 0.00221108 -0.000847883 -0.00220502 0.999997 1.93166 0.829726 0 1 1466 0 0 0 -0.379505 0.000847883 7.29181 1.32 2.72 -1.65119 7.06369 -0.740534 0 -0.379505 0 7.29181 1.32 2.72 -1.65119 7.06369 -0.740534 107.2 
20170507173807 -0.0619721 0.448155 0.44826 0 0 0 0.999939 -0.00783199 0.007813 0.0078233 0.999969 0.00114278 -0.0078217 -0.00108158 0.999969 -0.0619721 0.448155 0.44826 -0.931224 0.0896972 0.353238 0.999939 -0.00783199 0.007813 0.0078233 0.999969 0.00114278 -0.0078217 -0.00108158 0.999969 1.8389 0.81216 0 1 1466 0 0 0 -0.379505 0.00782178 7.29181 1.33 2.72 -1.58666 7.08143 -0.711591 0 -0.379505 0 7.29181 1.33 2.72 -1.58666 7.08143 -0.711591 107.3 
20170507173807 0.0478687 0.408975 0.519002 0 0 0 0.999933 -0.00905221 0.00714518 0.00905794 0.999959 -0.000770775 -0.0071379 0.000835444 0.999974 0.0478687 0.408975 0.519002 -0.940876 0.192251 0.278911 0.999933 -0.00905221 0.00714518 0.00905794 0.999959 -0.000770775 -0.0071379 0.000835444 0.999974 2.30684 0.957461 0 1 1466 0 0 0 -0.379505 0.00713796 7.29181 1.32 2.71 -1.6437 7.06369 -0.757008 0 -0.379505 0 7.29181 1.32 2.71 -1.6437 7.06369 -0.757008 107.4 
20170507173807 0.0219772 0.279591 0.491442 0 0 0 0.999951 -0.00857531 0.00488288 0.00857708 0.999963 -0.000341706 -0.00487977 0.000383571 0.999988 0.0219772 0.279591 0.491442 -0.955358 0.115565 0.271912 0.999951 -0.00857531 0.00488288 0.00857708 0.999963 -0.000341706 -0.00487977 0.000383571 0.999988 3.25893 1.17002 0 1 1466 0 0 0 -0.379505 0.00487979 7.29181 1.33 2.72 -1.58666 7.08143 -0.711591 0 -0.379505 0 7.29181 1.33 2.72 -1.58666 7.08143 -0.711591 107.4 
20170507173807 0.0184279 0.280598 0.504116 0 0 0 0.999949 -0.00879679 0.00489997 0.00879826 0.999961 -0.000278526 -0.00489733 0.000321623 0.999988 0.0184279 0.280598 0.504116 -0.966686 0.0800834 0.243116 0.999949 -0.00879679 0.00489997 0.00879826 0.999961 -0.000278526 -0.00489733 0.000321623 0.999988 3.92784 1.30772 0 1 1466 0 0 0 -0.379505 0.00489735 7.29181 1.32 2.74 -1.66567 7.06369 -0.707364 0 -0.379505 0 7.29181 1.32 2.74 -1.66567 7.06369 -0.707364 107.2 
20170507173807 -0.0129442 0.459481 0.50332 0 0 0 0.999929 -0.00878628 0.00801708 0.00878419 0.999961 0.000296356 -0.00801938 -0.000225912 0.999968 -0.0129442 0.459481 0.50332 -0.974303 0.0164358 0.224643 0.999929 -0.00878628 0.00801708 0.00878419 0.999961 0.000296356 -0.00801938 -0.000225912 0.999968 3.98682 1.40146 0 1 1466 0 0 0 -0.380506 0.00801946 7.29181 1.31 2.73 -1.72317 7.04524 -0.752208 0 -0.380506 0 7.29181 1.31 2.73 -1.72317 7.04524 -0.752208 107.3 
20170507173807 -0.0800104 0.411746 0.442444 0 0 0 0.999944 -0.00773206 0.00717526 0.00772183 0.999969 0.0014519 -0.00718627 -0.00139641 0.999973 -0.0800104 0.411746 0.442444 -0.980728 -0.0468106 0.189685 0.999944 -0.00773206 0.00717526 0.00772183 0.999969 0.0014519 -0.00718627 -0.00139641 0.999973 3.92859 1.48526 0 1 1466 0 0 0 -0.379505 0.00718633 7.29181 1.33 2.75 -1.60729 7.08143 -0.663679 0 -0.379505 0 7.29181 1.33 2.75 -1.60729 7.08143 -0.663679 107.2 
20170507173808 -0.183337 1.37284 0.381566 0 0 0 0.999691 -0.00673616 0.0239363 0.00665762 0.999972 0.0033593 -0.0239583 -0.0031989 0.999708 -0.183337 1.37284 0.381566 -0.972037 -0.0872603 0.218014 0.999691 -0.00673616 0.0239363 0.00665762 0.999972 0.0033593 -0.0239583 -0.0031989 0.999708 3.76275 1.54405 0 1 1464 0 0 0 -0.379505 0.0239606 7.29181 1.32 2.75 -1.67266 7.06369 -0.690672 0 -0.379505 0 7.29181 1.32 2.75 -1.67266 7.06369 -0.690672 107.4 
20170507173808 -0.37016 1.57891 0.405121 0 0 0 0.999595 -0.00724849 0.0275067 0.00706795 0.999953 0.00665512 -0.0275537 -0.00645801 0.999599 -0.37016 1.57891 0.405121 -0.959359 -0.178085 0.218898 0.999595 -0.00724849 0.0275067 0.00706795 0.999953 0.00665512 -0.0275537 -0.00645801 0.999599 3.20529 1.55303 0 1 1464 0 0 0 -0.379505 0.0275571 7.29181 1.33 2.77 -1.62024 7.08143 -0.631402 0 -0.379505 0 7.29181 1.33 2.77 -1.62024 7.08143 -0.631402 107.3 
20170507173808 -1.06371 2.326 -0.00722172 0 0 0 0.999176 -0.000627408 0.0405805 -0.000125939 0.999828 0.018559 -0.0405851 -0.0185489 0.999004 -1.06371 2.326 -0.00722172 -0.916362 -0.333244 0.221877 0.999176 -0.000627408 0.0405805 -0.000125939 0.999828 0.018559 -0.0405851 -0.0185489 0.999004 2.90623 1.53817 0 1 1463 0 0 0 -0.379505 0.0405963 7.29181 1.33 2.77 -1.62024 7.08143 -0.631402 0 -0.379505 0 7.29181 1.33 2.77 -1.62024 7.08143 -0.631402 107.1 
20170507173808 -0.0495291 1.93181 0.586095 0 0 0 0.999379 -0.0102582 0.0336995 0.0102233 0.999947 0.00120922 -0.0337101 -0.000863955 0.999431 -0.0495291 1.93181 0.586095 -0.988647 -0.0411196 0.144518 0.999379 -0.0102582 0.0336995 0.0102233 0.999947 0.00120922 -0.0337101 -0.000863955 0.999431 2.8186 1.60988 0 1 1462 0 0 0 -0.379505 0.0337165 7.29181 1.3 2.77 -1.81743 7.02608 -0.708245 0 -0.379505 0 7.29181 1.3 2.77 -1.81743 7.02608 -0.708245 107.3 
20170507173808 -0.0430145 2.03719 0.609156 0 0 0 0.999311 -0.0106583 0.0355383 0.0106249 0.999943 0.00112864 -0.0355483 -0.000750271 0.999368 -0.0430145 2.03719 0.609156 -0.989281 -0.0404823 0.140301 0.999311 -0.0106583 0.0355383 0.0106249 0.999943 0.00112864 -0.0355483 -0.000750271 0.999368 2.90456 1.70101 0 1 1462 0 0 0 -0.356543 0.0355557 7.29181 1.33 2.78 -1.62647 7.08143 -0.615169 0 -0.356543 0 7.29181 1.33 2.78 -1.62647 7.08143 -0.615169 107.4 
20170507173808 -0.0398522 2.19968 0.615718 0 0 0 0.999205 -0.0107728 0.0383725 0.0107382 0.999942 0.00110797 -0.0383822 -0.00069504 0.999263 -0.0398522 2.19968 0.615718 -0.99055 -0.0477355 0.128575 0.999205 -0.0107728 0.0383725 0.0107382 0.999942 0.00110797 -0.0383822 -0.00069504 0.999263 2.96905 1.77287 0 1 1462 0 0 0 -0.356543 0.0383916 7.29181 1.32 2.77 -1.68614 7.06369 -0.657083 0 -0.356543 0 7.29181 1.32 2.77 -1.68614 7.06369 -0.657083 107.4 
20170507173809 -0.0581896 2.21339 0.617341 0 0 0 0.999196 -0.0108136 0.0386082 0.0107664 0.999941 0.00143166 -0.0386214 -0.00101484 0.999253 -0.0581896 2.21339 0.617341 -0.990708 -0.0461416 0.127941 0.999196 -0.0108136 0.0386082 0.0107664 0.999941 0.00143166 -0.0386214 -0.00101484 0.999253 2.98281 1.76916 0 1 1462 0 0 0 -0.356543 0.038631 7.29181 1.32 2.78 -1.69263 7.06369 -0.640189 0 -0.356543 0 7.29181 1.32 2.78 -1.69263 7.06369 -0.640189 107.3 
20170507173809 -0.059136 2.28727 0.649885 0 0 0 0.999139 -0.0113836 0.0398955 0.0113333 0.999935 0.00148472 -0.0399098 -0.0010313 0.999203 -0.059136 2.28727 0.649885 -0.991 -0.0496513 0.124315 0.999139 -0.0113836 0.0398955 0.0113333 0.999935 0.00148472 -0.0399098 -0.0010313 0.999203 3.0695 1.79667 0 1 1462 0 0 0 -0.356543 0.0399204 7.29181 1.31 2.77 -1.75187 7.04524 -0.682698 0 -0.356543 0 7.29181 1.31 2.77 -1.75187 7.04524 -0.682698 107.3 
20170507173809 -0.157241 2.27109 0.621784 0 0 0 0.999156 -0.0109607 0.0395954 0.0108434 0.999936 0.00317424 -0.0396276 -0.00274221 0.999211 -0.157241 2.27109 0.621784 -0.989825 -0.0684604 0.124739 0.999156 -0.0109607 0.0395954 0.0108434 0.999936 0.00317424 -0.0396276 -0.00274221 0.999211 3.04798 1.74496 0 1 1462 0 0 0 -0.356543 0.039638 7.29181 1.32 2.78 -1.69263 7.06369 -0.640189 0 -0.356543 0 7.29181 1.32 2.78 -1.69263 7.06369 -0.640189 107.4 
20170507173809 -0.16765 2.26204 0.653939 0 0 0 0.999156 -0.0115286 0.0394336 0.0114043 0.999929 0.00337632 -0.0394698 -0.00292376 0.999216 -0.16765 2.26204 0.653939 -0.989123 -0.0718487 0.128348 0.999156 -0.0115286 0.0394336 0.0114043 0.999929 0.00337632 -0.0394698 -0.00292376 0.999216 3.12831 1.75303 0 1 1462 0 0 0 -0.356543 0.03948 7.29181 1.33 2.79 -1.63254 7.08143 -0.598873 0 -0.356543 0 7.29181 1.33 2.79 -1.63254 7.08143 -0.598873 107.5 
20170507173809 -0.163872 2.28269 0.651326 0 0 0 0.999142 -0.0114814 0.0397947 0.0113585 0.99993 0.00331268 -0.0398299 -0.00285783 0.999202 -0.163872 2.28269 0.651326 -0.988784 -0.0709802 0.131405 0.999142 -0.0114814 0.0397947 0.0113585 0.99993 0.00331268 -0.0398299 -0.00285783 0.999202 3.11442 1.75037 0 1 1462 0 0 0 -0.356543 0.0398404 7.29181 1.33 2.76 -1.61385 7.08143 -0.647573 0 -0.356543 0 7.29181 1.33 2.76 -1.61385 7.08143 -0.647573 107.3 
20170507173809 -0.187772 2.3967 0.659581 0 0 0 0.999059 -0.0116486 0.0417774 0.0115015 0.999927 0.00375841 -0.0418181 -0.00327437 0.99912 -0.187772 2.3967 0.659581 -0.989761 -0.0585225 0.130186 0.999059 -0.0116486 0.0417774 0.0115015 0.999927 0.00375841 -0.0418181 -0.00327437 0.99912 3.10459 1.71211 0 1 1462 0 0 0 -0.356543 0.0418303 7.29181 1.33 2.76 -1.61385 7.08143 -0.647573 0 -0.356543 0 7.29181 1.33 2.76 -1.61385 7.08143 -0.647573 107.4 
20170507173810 -0.21733 2.53434 0.713533 0 0 0 0.998944 -0.0126208 0.0441671 0.012441 0.999913 0.00434348 -0.0442181 -0.00378941 0.999015 -0.21733 2.53434 0.713533 -0.98939 -0.0636003 0.130625 0.998944 -0.0126208 0.0441671 0.012441 0.999913 0.00434348 -0.0442181 -0.00378941 0.999015 3.22731 1.73095 0 1 1462 0 0 0 -0.356543 0.0442325 7.29181 1.33 2.76 -1.61385 7.08143 -0.647573 0 -0.356543 0 7.29181 1.33 2.76 -1.61385 7.08143 -0.647573 107.3 
20170507173810 -0.21127 2.6011 0.711474 0 0 0 0.998893 -0.0125845 0.0453326 0.0124044 0.999914 0.00425059 -0.0453822 -0.00368355 0.998963 -0.21127 2.6011 0.711474 -0.989598 -0.0610125 0.130279 0.998893 -0.0125845 0.0453326 0.0124044 0.999914 0.00425059 -0.0453822 -0.00368355 0.998963 3.27027 1.74437 0 1 1462 0 0 0 -0.356543 0.0453978 7.29181 1.33 2.76 -1.61385 7.08143 -0.647573 0 -0.356543 0 7.29181 1.33 2.76 -1.61385 7.08143 -0.647573 107.1 
20170507173810 -0.228117 2.67293 0.730234 0 0 0 0.998831 -0.0129302 0.0465795 0.0127308 0.999908 0.00457539 -0.0466344 -0.00397705 0.998904 -0.228117 2.67293 0.730234 -0.989366 -0.0660827 0.129571 0.998831 -0.0129302 0.0465795 0.0127308 0.999908 0.00457539 -0.0466344 -0.00397705 0.998904 3.3568 1.79633 0 1 1462 0 0 0 -0.356543 0.0466514 7.29181 1.34 2.77 -1.55418 7.09846 -0.605658 0 -0.356543 0 7.29181 1.34 2.77 -1.55418 7.09846 -0.605658 107.3 
20170507173810 -0.193823 2.57262 0.731324 0 0 0 0.998911 -0.0129154 0.0448386 0.0127508 0.999911 0.00395547 -0.0448857 -0.00337943 0.998986 -0.193823 2.57262 0.731324 -0.988403 -0.0557851 0.141239 0.998911 -0.0129154 0.0448386 0.0127508 0.999911 0.00395547 -0.0448857 -0.00337943 0.998986 3.4371 1.86419 0 1 1462 0 0 0 -0.356543 0.0449007 7.29181 1.34 2.75 -1.54176 7.09846 -0.636619 0 -0.356543 0 7.29181 1.34 2.75 -1.54176 7.09846 -0.636619 107.4 
20170507173810 -0.178159 2.40969 0.718228 0 0 0 0.999037 -0.0126658 0.0420021 0.012524 0.999915 0.00363624 -0.0420446 -0.0031067 0.999111 -0.178159 2.40969 0.718228 -0.987314 -0.0555675 0.148741 0.999037 -0.0126658 0.0420021 0.012524 0.999915 0.00363624 -0.0420446 -0.0031067 0.999111 3.69024 1.94616 0 1 1462 0 0 0 -0.356543 0.042057 7.29181 1.33 2.74 -1.60057 7.08143 -0.679718 0 -0.356543 0 7.29181 1.33 2.74 -1.60057 7.08143 -0.679718 107.3 
20170507173810 -0.189518 2.44075 0.695744 0 0 0 0.999019 -0.0122835 0.0425427 0.0121317 0.999919 0.00382457 -0.0425862 -0.0033047 0.999087 -0.189518 2.44075 0.695744 -0.987183 -0.0554625 0.149648 0.999019 -0.0122835 0.0425427 0.0121317 0.999919 0.00382457 -0.0425862 -0.0033047 0.999087 3.75375 1.98706 0 1 1462 0 0 0 -0.383692 0.0425991 7.29181 1.33 2.73 -1.5937 7.08143 -0.69569 0 -0.383692 0 7.29181 1.33 2.73 -1.5937 7.08143 -0.69569 107.4 
20170507173811 -0.201807 2.56095 0.751262 0 0 0 0.998915 -0.0132689 0.0446318 0.0130985 0.999906 0.00410773 -0.0446821 -0.00351866 0.998995 -0.201807 2.56095 0.751262 -0.986782 -0.0562404 0.151984 0.998915 -0.0132689 0.0446318 0.0130985 0.999906 0.00410773 -0.0446821 -0.00351866 0.998995 3.82627 2.02512 0 1 1462 0 0 0 -0.356543 0.044697 7.29181 1.34 2.72 -1.52197 7.09846 -0.682578 0 -0.356543 0 7.29181 1.34 2.72 -1.52197 7.09846 -0.682578 107.5 
20170507173811 -0.209051 2.66852 0.732691 0 0 0 0.998834 -0.0129573 0.0465069 0.0127737 0.999909 0.00424368 -0.0465577 -0.00364466 0.998909 -0.209051 2.66852 0.732691 -0.986895 -0.061782 0.149067 0.998834 -0.0129573 0.0465069 0.0127737 0.999909 0.00424368 -0.0465577 -0.00364466 0.998909 3.74228 2.04499 0 1 1462 0 0 0 -0.356543 0.0465745 7.29181 1.34 2.72 -1.52197 7.09846 -0.682578 0 -0.356543 0 7.29181 1.34 2.72 -1.52197 7.09846 -0.682578 107.4 
20170507173811 -0.198017 2.88506 0.789254 0 0 0 0.998638 -0.0139485 0.0502799 0.0137572 0.999897 0.00414902 -0.0503326 -0.00345166 0.998727 -0.198017 2.88506 0.789254 -0.988439 -0.0585868 0.139846 0.998638 -0.0139485 0.0502799 0.0137572 0.999897 0.00414902 -0.0503326 -0.00345166 0.998727 3.79428 2.09443 0 1 1462 0 0 0 -0.356543 0.0503539 7.29181 1.33 2.72 -1.58666 7.08143 -0.711591 0 -0.356543 0 7.29181 1.33 2.72 -1.58666 7.08143 -0.711591 107.3 
20170507173811 -0.200298 3.05099 0.811426 0 0 0 0.998482 -0.0143475 0.0531694 0.0141415 0.999891 0.00424923 -0.0532246 -0.00349089 0.998576 -0.200298 3.05099 0.811426 -0.989906 -0.0620168 0.127438 0.998482 -0.0143475 0.0531694 0.0141415 0.999891 0.00424923 -0.0532246 -0.00349089 0.998576 3.92176 2.16558 0 1 1462 0 0 0 -0.356543 0.0532497 7.29181 1.34 2.73 -1.52872 7.09846 -0.667325 0 -0.356543 0 7.29181 1.34 2.73 -1.52872 7.09846 -0.667325 107.4 
20170507173811 -0.199306 3.30586 0.814851 0 0 0 0.998235 -0.0144218 0.0576106 0.0141977 0.99989 0.00429828 -0.0576662 -0.00347276 0.99833 -0.199306 3.30586 0.814851 -0.991314 -0.0613775 0.116314 0.998235 -0.0144218 0.0576106 0.0141977 0.99989 0.00429828 -0.0576662 -0.00347276 0.99833 4.06898 2.23172 0 1 1462 0 0 0 -0.357551 0.0576982 7.29181 1.34 2.75 -1.54176 7.09846 -0.636619 0 -0.357551 0 7.29181 1.34 2.75 -1.54176 7.09846 -0.636619 107.5 
20170507173811 -0.221888 3.45224 0.83938 0 0 0 0.998078 -0.0148825 0.0601528 0.0146228 0.999882 0.00475439 -0.0602165 -0.00386565 0.998178 -0.221888 3.45224 0.83938 -0.991453 -0.0718967 0.108865 0.998078 -0.0148825 0.0601528 0.0146228 0.999882 0.00475439 -0.0602165 -0.00386565 0.998178 4.31238 2.34518 0 1 1462 0 0 0 -0.357551 0.0602529 7.29181 1.33 2.75 -1.60729 7.08143 -0.663679 0 -0.357551 0 7.29181 1.33 2.75 -1.60729 7.08143 -0.663679 107.4 
20170507173812 0.00904656 2.52687 0.728395 0 0 0 0.998947 -0.0127056 0.0440864 0.0127002 0.999919 0.000402591 -0.044088 0.000157739 0.999028 0.00904656 2.52687 0.728395 -0.997991 -0.00305972 0.0632847 0.998947 -0.0127056 0.0440864 0.0127002 0.999919 0.000402591 -0.044088 0.000157739 0.999028 4.34808 2.39597 0 1 1461 0 0 0 -0.356543 0.0441023 7.29181 1.34 2.75 -1.54176 7.09846 -0.636619 0 -0.356543 0 7.29181 1.34 2.75 -1.54176 7.09846 -0.636619 107.3 
20170507173812 -0.363185 3.05271 0.760541 0 0 0 0.998493 -0.0136108 0.0531648 0.0132547 0.999887 0.00704504 -0.0532547 -0.00632973 0.998561 -0.363185 3.05271 0.760541 -0.986786 -0.127962 0.0993936 0.998493 -0.0136108 0.0531648 0.0132547 0.999887 0.00704504 -0.0532547 -0.00632973 0.998561 4.38259 2.4905 0 1 1460 0 0 0 -0.356543 0.0532799 7.29181 1.33 2.74 -1.60057 7.08143 -0.679718 0 -0.356543 0 7.29181 1.33 2.74 -1.60057 7.08143 -0.679718 107.3 
20170507173812 0.34224 3.60208 0.971112 0 0 0 0.997881 -0.0165728 0.0629179 0.0169148 0.999845 -0.00490753 -0.0628268 0.00596137 0.998007 0.34224 3.60208 0.971112 -0.996269 0.0837447 0.0208344 0.997881 -0.0165728 0.0629179 0.0169148 0.999845 -0.00490753 -0.0628268 0.00596137 0.998007 4.35513 2.51043 0 1 1460 0 0 0 -0.356543 0.0628682 7.29181 1.33 2.75 -1.60729 7.08143 -0.663679 0 -0.356543 0 7.29181 1.33 2.75 -1.60729 7.08143 -0.663679 107.4 
20170507173812 -0.344132 3.07124 0.738653 0 0 0 0.998481 -0.0132131 0.0534947 0.012873 0.999895 0.00669639 -0.0535776 -0.00599757 0.998546 -0.344132 3.07124 0.738653 -0.988943 -0.115536 0.0929685 0.998481 -0.0132131 0.0534947 0.012873 0.999895 0.00669639 -0.0535776 -0.00599757 0.998546 4.43568 2.55072 0 1 1460 0 0 0 -0.356543 0.0536032 7.29181 1.32 2.76 -1.67948 7.06369 -0.673911 0 -0.356543 0 7.29181 1.32 2.76 -1.67948 7.06369 -0.673911 107.3 
20170507173812 0.455417 4.01841 1.02999 0 0 0 0.99738 -0.0174182 0.0702063 0.0179315 0.999817 -0.00668751 -0.0700769 0.0079289 0.99751 0.455417 4.01841 1.02999 0.995089 -0.0985869 0.00887983 0.99738 -0.0174182 0.0702063 0.0179315 0.999817 -0.00668751 -0.0700769 0.0079289 0.99751 4.47922 2.57509 0 1 1460 0 0 0 -0.356543 0.0701344 7.29181 1.33 2.76 -1.61385 7.08143 -0.647573 0 -0.356543 0 7.29181 1.33 2.76 -1.61385 7.08143 -0.647573 107.4 
20170507173812 -0.177489 4.12376 0.785787 0 0 0 0.997317 -0.0139368 0.0718614 0.0136786 0.999898 0.00408366 -0.071911 -0.00308974 0.997406 -0.177489 4.12376 0.785787 -0.988668 -0.0666262 0.134524 0.997317 -0.0139368 0.0718614 0.0136786 0.999898 0.00408366 -0.071911 -0.00308974 0.997406 4.69035 2.60982 0 1 1459 0 0 0 -0.356543 0.0719732 7.29181 1.32 2.77 -1.68614 7.06369 -0.657083 0 -0.356543 0 7.29181 1.32 2.77 -1.68614 7.06369 -0.657083 107.4 
20170507173813 -0.29897 4.22811 0.811091 0 0 0 0.997178 -0.0145402 0.0736453 0.0141172 0.999881 0.00626111 -0.0737275 -0.00520378 0.997265 -0.29897 4.22811 0.811091 -0.988163 -0.0968413 0.118977 0.997178 -0.0145402 0.0736453 0.0141172 0.999881 0.00626111 -0.0737275 -0.00520378 0.997265 4.91586 2.65957 0 1 1459 0 0 0 -0.356543 0.0737945 7.29181 1.33 2.76 -1.61385 7.08143 -0.647573 0 -0.356543 0 7.29181 1.33 2.76 -1.61385 7.08143 -0.647573 107.3 
20170507173813 -0.392819 4.23303 0.823054 0 0 0 0.997169 -0.0148702 0.0737053 0.0143253 0.999866 0.00791549 -0.0738132 -0.00683723 0.997249 -0.392819 4.23303 0.823054 -0.987152 -0.119496 0.106074 0.997169 -0.0148702 0.0737053 0.0143253 0.999866 0.00791549 -0.0738132 -0.00683723 0.997249 4.99338 2.67439 0 1 1459 0 0 0 -0.356543 0.0738804 7.29181 1.33 2.79 -1.63254 7.08143 -0.598873 0 -0.356543 0 7.29181 1.33 2.79 -1.63254 7.08143 -0.598873 107.4 
20170507173813 -0.0470523 4.59417 0.72949 0 0 0 0.996706 -0.0127974 0.0800806 0.0126908 0.999918 0.00184093 -0.0800976 -0.000818579 0.996787 -0.0470523 4.59417 0.72949 -0.990474 -0.0374072 0.13252 0.996706 -0.0127974 0.0800806 0.0126908 0.999918 0.00184093 -0.0800976 -0.000818579 0.996787 5.05335 2.69167 0 1 1459 0 0 0 -0.356543 0.0801835 7.29181 1.32 2.78 -1.69263 7.06369 -0.640189 0 -0.356543 0 7.29181 1.32 2.78 -1.69263 7.06369 -0.640189 107.6 
20170507173813 0.0677954 4.68008 0.768328 0 0 0 0.996576 -0.0133129 0.0816004 0.0133647 0.999911 -8.90452e-05 -0.0815919 0.00117931 0.996665 0.0677954 4.68008 0.768328 -0.990289 -0.0162354 0.138076 0.996576 -0.0133129 0.0816004 0.0133647 0.999911 -8.90452e-05 -0.0815919 0.00117931 0.996665 5.14008 2.74451 0 1 1459 0 0 0 -0.356543 0.0816827 7.29181 1.32 2.76 -1.67948 7.06369 -0.673911 0 -0.356543 0 7.29181 1.32 2.76 -1.67948 7.06369 -0.673911 107.5 
20170507173813 0.147275 4.6577 0.697682 0 0 0 0.996624 -0.0119678 0.0812277 0.0121363 0.999925 -0.00158148 -0.0812027 0.00256194 0.996694 0.147275 4.6577 0.697682 -0.990122 0.00392096 0.140157 0.996624 -0.0119678 0.0812277 0.0121363 0.999925 -0.00158148 -0.0812027 0.00256194 0.996694 4.93034 2.69314 0 1 1459 0 0 0 -0.356543 0.0812922 7.29181 1.33 2.77 -1.62024 7.08143 -0.631402 0 -0.356543 0 7.29181 1.33 2.77 -1.62024 7.08143 -0.631402 107.3 
20170507173813 0.128504 4.60462 0.647545 0 0 0 0.996709 -0.0111215 0.0802994 0.0112651 0.999936 -0.00133539 -0.0802794 0.00223558 0.99677 0.128504 4.60462 0.647545 -0.990919 0.00183844 0.134449 0.996709 -0.0111215 0.0802994 0.0112651 0.999936 -0.00133539 -0.0802794 0.00223558 0.99677 4.79771 2.70316 0 1 1459 0 0 0 -0.356543 0.0803658 7.29181 1.33 2.78 -1.62647 7.08143 -0.615169 0 -0.356543 0 7.29181 1.33 2.78 -1.62647 7.08143 -0.615169 107.3 
20170507173814 0.397883 4.30822 1.0442 0 0 0 0.997009 -0.0177017 0.0752341 0.0181722 0.999819 -0.0055742 -0.0751218 0.00692469 0.99715 0.397883 4.30822 1.0442 -0.997312 0.0377447 0.0627968 0.997009 -0.0177017 0.0752341 0.0181722 0.999819 -0.0055742 -0.0751218 0.00692469 0.99715 5.07526 2.91789 0 1 1458 0 0 0 -0.356543 0.0751927 7.29181 1.33 2.78 -1.62647 7.08143 -0.615169 0 -0.356543 0 7.29181 1.33 2.78 -1.62647 7.08143 -0.615169 107.4 
20170507173814 0.398853 4.03836 1.09314 0 0 0 0.997336 -0.0185872 0.0705426 0.0190304 0.999803 -0.00561647 -0.0704243 0.00694396 0.997493 0.398853 4.03836 1.09314 -0.997455 0.0364194 0.0612925 0.997336 -0.0185872 0.0705426 0.0190304 0.999803 -0.00561647 -0.0704243 0.00694396 0.997493 5.73431 3.22878 0 1 1458 0 0 0 -0.356543 0.0704827 7.29181 1.34 2.8 -1.57165 7.09846 -0.558768 0 -0.356543 0 7.29181 1.34 2.8 -1.57165 7.09846 -0.558768 107.2 
20170507173814 0.374096 3.49628 1.03737 0 0 0 0.997975 -0.0177061 0.0610906 0.0180709 0.999822 -0.00542403 -0.0609837 0.00651701 0.998117 0.374096 3.49628 1.03737 -0.99764 0.0309911 0.0612623 0.997975 -0.0177061 0.0610906 0.0180709 0.999822 -0.00542403 -0.0609837 0.00651701 0.998117 7.62746 3.96907 0 1 1458 0 0 0 -0.356543 0.0610215 7.29181 1.33 2.79 -1.63254 7.08143 -0.598873 0 -0.356543 0 7.29181 1.33 2.79 -1.63254 7.08143 -0.598873 107.3 
20170507173814 0.413731 2.49492 1.05005 0 0 0 0.998884 -0.018011 0.0436546 0.0183084 0.999812 -0.00642197 -0.0435308 0.00721405 0.999026 0.413731 2.49492 1.05005 -0.998104 0.0332186 0.0518218 0.998884 -0.018011 0.0436546 0.0183084 0.999812 -0.00642197 -0.0435308 0.00721405 0.999026 13.2616 4.3607 0 1 1458 0 0 0 -0.379505 0.0435445 7.29181 1.33 2.79 -1.63254 7.08143 -0.598873 0 -0.379505 0 7.29181 1.33 2.79 -1.63254 7.08143 -0.598873 107.4 
20170507173815 0.644788 2.32189 1.07482 0 0 0 0.999003 -0.018301 0.0407149 0.0187426 0.999769 -0.0104916 -0.0405135 0.0112442 0.999116 0.644788 2.32189 1.07482 -0.995858 0.0808817 0.0415409 0.999003 -0.018301 0.0407149 0.0187426 0.999769 -0.0104916 -0.0405135 0.0112442 0.999116 15.1757 4.46932 0 1 1458 0 0 0 -0.379505 0.0405246 7.29181 1.33 2.8 -1.63845 7.08143 -0.582518 0 -0.379505 0 7.29181 1.33 2.8 -1.63845 7.08143 -0.582518 107.4 
20170507173815 0.423017 1.818 1.08637 0 0 0 0.999317 -0.0187249 0.0318582 0.01895 0.999797 -0.00678017 -0.0317248 0.00737925 0.999469 0.423017 1.818 1.08637 -0.998794 0.0336988 0.035698 0.999317 -0.0187249 0.0318582 0.01895 0.999797 -0.00678017 -0.0317248 0.00737925 0.999469 17.7202 4.59811 0 1 1458 0 0 0 -0.406423 0.0317301 7.29181 1.33 2.8 -1.63845 7.08143 -0.582518 0 -0.406423 0 7.29181 1.33 2.8 -1.63845 7.08143 -0.582518 107.4 
20170507173815 0.489569 1.84343 1.13135 0 0 0 0.999288 -0.0194689 0.0323296 0.0197342 0.999774 -0.0079077 -0.0321683 0.00854007 0.999446 0.489569 1.84343 1.13135 -0.9984 0.0456329 0.0333806 0.999288 -0.0194689 0.0323296 0.0197342 0.999774 -0.0079077 -0.0321683 0.00854007 0.999446 17.9268 4.62871 0 1 1458 0 0 0 -0.406423 0.0321739 7.29181 1.33 2.8 -1.63845 7.08143 -0.582518 0 -0.406423 0 7.29181 1.33 2.8 -1.63845 7.08143 -0.582518 107.5 
20170507173815 0.4697 1.70034 1.07459 0 0 0 0.999384 -0.0185103 0.0298198 0.0187458 0.999795 -0.00763982 -0.0296722 0.00819411 0.999526 0.4697 1.70034 1.07459 -0.998185 0.051024 0.0319998 0.999384 -0.0185103 0.0298198 0.0187458 0.999795 -0.00763982 -0.0296722 0.00819411 0.999526 18.4995 4.63735 0 1 1458 0 0 0 -0.406423 0.0296766 7.29181 1.33 2.81 -1.64419 7.08143 -0.566105 0 -0.406423 0 7.29181 1.33 2.81 -1.64419 7.08143 -0.566105 107.4 
20170507173815 0.486537 1.64271 1.12359 0 0 0 0.999397 -0.019365 0.0288267 0.019601 0.999776 -0.00792784 -0.0286667 0.00848809 0.999553 0.486537 1.64271 1.12359 -0.998205 0.0534358 0.027046 0.999397 -0.019365 0.0288267 0.019601 0.999776 -0.00792784 -0.0286667 0.00848809 0.999553 18.7883 4.64092 0 1 1458 0 0 0 -0.406423 0.0286706 7.29181 1.33 2.79 -1.63254 7.08143 -0.598873 0 -0.406423 0 7.29181 1.33 2.79 -1.63254 7.08143 -0.598873 107.4 
