20170507021901 -0.159146 0.223879 -0.0349356 0 0 0 0.999992 0.000598885 0.0039091 -0.000609736 0.999996 0.00277524 -0.00390742 -0.0027776 0.999989 -0.159146 0.223879 -0.0349356 0.210578 -0.268283 -0.940043 0.999992 0.000598885 0.0039091 -0.000609736 0.999996 0.00277524 -0.00390742 -0.0027776 0.999989 2.17091 0.98527 0 1 2629 0 0 0 
20170507021901 -0.150451 0.0268347 0.0212579 0 0 0 1 -0.000372249 0.000467378 0.000371021 0.999996 0.00262603 -0.000468354 -0.00262586 0.999996 -0.150451 0.0268347 0.0212579 -0.292961 0.226016 0.929027 1 -0.000372249 0.000467378 0.000371021 0.999996 0.00262603 -0.000468354 -0.00262586 0.999996 1.73565 0.924296 0 1 2629 0 0 0 
20170507021902 -0.0213486 -0.186815 0.103653 0 0 0 0.999993 -0.00180788 -0.00326121 0.00180908 0.999998 0.000366705 0.00326054 -0.000372602 0.999995 -0.0213486 -0.186815 0.103653 0.686953 -0.179455 -0.704196 0.999993 -0.00180788 -0.00326121 0.00180908 0.999998 0.000366705 0.00326054 -0.000372602 0.999995 1.80439 0.824623 0 1 2629 0 0 0 
20170507021902 -0.0951735 -0.649523 0.016509 0 0 0 0.999936 -0.000269306 -0.0113365 0.000288118 0.999999 0.00165782 0.0113361 -0.00166098 0.999934 -0.0951735 -0.649523 0.016509 -0.476186 0.279442 -0.833762 0.999936 -0.000269306 -0.0113365 0.000288118 0.999999 0.00165782 0.0113361 -0.00166098 0.999934 3.05651 0.411464 0 1 2624 0 0 0 
20170507021902 0.305749 -0.629789 0.0678981 0 0 0 0.999939 -0.00124368 -0.0109852 0.00118497 0.999985 -0.00534932 0.0109917 0.00533597 0.999925 0.305749 -0.629789 0.0678981 0.187192 0.247644 0.950595 0.999939 -0.00124368 -0.0109852 0.00118497 0.999985 -0.00534932 0.0109917 0.00533597 0.999925 4.29289 0.619187 0 1 2616 0 0 0 
20170507021902 0.512997 -0.530995 -0.0357839 0 0 0 0.999957 0.000541546 -0.0092727 -0.000624519 0.99996 -0.00894758 0.00926748 0.00895299 0.999917 0.512997 -0.530995 -0.0357839 0.00746063 0.0941104 0.995534 0.999957 0.000541546 -0.0092727 -0.000624519 0.99996 -0.00894758 0.00926748 0.00895299 0.999917 5.04082 1.60192 0 1 2602 0 0 0 
20170507021902 0.618883 -0.413855 -0.030182 0 0 0 0.999974 0.000448726 -0.00722834 -0.000526761 0.999942 -0.0107975 0.00722307 0.010801 0.999916 0.618883 -0.413855 -0.030182 -0.0178047 0.135132 0.990668 0.999974 0.000448726 -0.00722834 -0.000526761 0.999942 -0.0107975 0.00722307 0.010801 0.999916 5.12123 1.58466 0 1 2602 0 0 0 
20170507021903 0.568431 -0.493942 0.171552 0 0 0 0.999958 -0.00307951 -0.00859064 0.00299402 0.999946 -0.00994659 0.00862081 0.00992045 0.999914 0.568431 -0.493942 0.171552 -0.340026 -0.387486 -0.856876 0.999958 -0.00307951 -0.00859064 0.00299402 0.999946 -0.00994659 0.00862081 0.00992045 0.999914 5.16224 1.5586 0 1 2602 0 0 0 
20170507021903 0.61613 -0.201568 -0.0505091 0 0 0 0.999993 0.000843669 -0.00352729 -0.000881544 0.999942 -0.0107502 0.00351802 0.0107532 0.999936 0.61613 -0.201568 -0.0505091 -0.0661289 0.180491 0.981351 0.999993 0.000843669 -0.00352729 -0.000881544 0.999942 -0.0107502 0.00351802 0.0107532 0.999936 4.40395 1.64748 0 1 2602 0 0 0 
20170507021903 0.466749 -0.341651 0.158693 0 0 0 0.999978 -0.0028182 -0.00594012 0.00276967 0.999963 -0.0081627 0.00596291 0.00814607 0.999949 0.466749 -0.341651 0.158693 0.183373 0.353488 0.91729 0.999978 -0.0028182 -0.00594012 0.00276967 0.999963 -0.0081627 0.00596291 0.00814607 0.999949 4.16784 1.65365 0 1 2602 0 0 0 
20170507021903 0.501041 -0.294685 -0.0308553 0 0 0 0.999987 0.00049353 -0.00514772 -0.000538519 0.999962 -0.00874193 0.00514321 0.00874459 0.999949 0.501041 -0.294685 -0.0308553 0.0295939 -0.126745 -0.991494 0.999987 0.00049353 -0.00514772 -0.000538519 0.999962 -0.00874193 0.00514321 0.00874459 0.999949 3.93322 1.63494 0 1 2602 0 0 0 
20170507021903 0.246337 -0.214605 -0.0510088 0 0 0 0.999993 0.00087416 -0.00374934 -0.000890266 0.99999 -0.00429603 0.00374555 0.00429934 0.999984 0.246337 -0.214605 -0.0510088 -0.257475 0.239266 0.936193 0.999993 0.00087416 -0.00374934 -0.000890266 0.99999 -0.00429603 0.00374555 0.00429934 0.999984 3.01122 0.389985 0 1 2602 0 0 0 
20170507021904 0.170164 -0.145759 0.0262607 0 0 0 0.999997 -0.000465889 -0.0025426 0.000458334 0.999995 -0.00297109 0.00254398 0.00296992 0.999992 0.170164 -0.145759 0.0262607 0.233302 -0.235642 -0.943421 0.999997 -0.000465889 -0.0025426 0.000458334 0.999995 -0.00297109 0.00254398 0.00296992 0.999992 2.09007 0.331297 0 1 2602 0 0 0 
20170507021904 0.162661 -0.0960982 0.0230101 0 0 0 0.999999 -0.000406361 -0.00167608 0.000401601 0.999996 -0.00283964 0.00167723 0.00283897 0.999995 0.162661 -0.0960982 0.0230101 -0.124152 0.523777 -0.84276 0.999999 -0.000406361 -0.00167608 0.000401601 0.999996 -0.00283964 0.00167723 0.00283897 0.999995 1.46068 0.292235 0 1 2602 0 0 0 
20170507021904 0.202899 0.151797 0.00124131 0 0 0 0.999996 -1.22829e-05 0.00264941 2.16649e-05 0.999994 -0.00354119 -0.00264935 0.00354123 0.99999 0.202899 0.151797 0.00124131 -0.120007 0.181762 -0.975992 0.999996 -1.22829e-05 0.00264941 2.16649e-05 0.999994 -0.00354119 -0.00264935 0.00354123 0.99999 1.89785 0.435384 0 1 2602 0 0 0 
20170507021904 0.343699 0.337689 -0.0725845 0 0 0 0.999982 0.00130217 0.00588605 -0.00126682 0.999981 -0.0060061 -0.00589376 0.00599853 0.999965 0.343699 0.337689 -0.0725845 -0.186966 0.184681 -0.964851 0.999982 0.00130217 0.00588605 -0.00126682 0.999981 -0.0060061 -0.00589376 0.00599853 0.999965 3.09267 0.601095 0 1 2602 0 0 0 
20170507021904 0.494426 0.684075 -0.0926146 0 0 0 0.999927 0.00171939 0.0119247 -0.00161631 0.999961 -0.00864854 -0.0119391 0.00862864 0.999891 0.494426 0.684075 -0.0926146 -0.148746 0.161523 -0.975595 0.999927 0.00171939 0.0119247 -0.00161631 0.999961 -0.00864854 -0.0119391 0.00862864 0.999891 5.3558 0.939571 0 1 2602 0 0 0 
20170507021905 0.729946 0.945941 -0.0660694 0 0 0 0.999863 0.00136335 0.016493 -0.00115297 0.999918 -0.0127587 -0.016509 0.0127379 0.999783 0.729946 0.945941 -0.0660694 -0.166295 0.160782 -0.97288 0.999863 0.00136335 0.016493 -0.00115297 0.999918 -0.0127587 -0.016509 0.0127379 0.999783 7.40151 1.55117 0 1 2602 0 0 0 
20170507021905 0.492089 0.957948 0.140955 0 0 0 0.999857 -0.00231645 0.016739 0.00245978 0.99996 -0.00854731 -0.0167186 0.00858727 0.999823 0.492089 0.957948 0.140955 -0.463102 0.27627 -0.842147 0.999857 -0.00231645 0.016739 0.00245978 0.99996 -0.00854731 -0.0167186 0.00858727 0.999823 9.61754 2.28309 0 1 2602 0 0 0 
20170507021905 0.623836 0.999755 0.0989315 0 0 0 0.999846 -0.00153661 0.0174659 0.00172642 0.99994 -0.0108576 -0.0174481 0.0108861 0.999789 0.623836 0.999755 0.0989315 -0.389437 0.229611 -0.891974 0.999846 -0.00153661 0.0174659 0.00172642 0.99994 -0.0108576 -0.0174481 0.0108861 0.999789 11.5961 3.38876 0 1 2602 0 0 0 
20170507021905 0.4153 0.588847 0.140816 0 0 0 0.999944 -0.00238315 0.0102947 0.00245757 0.999971 -0.007223 -0.0102771 0.0072479 0.999921 0.4153 0.588847 0.140816 0.429304 -0.237811 0.871289 0.999944 -0.00238315 0.0102947 0.00245757 0.999971 -0.007223 -0.0102771 0.0072479 0.999921 13.7609 4.5586 0 1 2602 0 0 0 
20170507021906 -0.157756 -0.109536 -0.081882 0.493696 -0.31475 0.810677 0.999997 0.00143437 -0.00190782 -0.00142911 0.999995 0.00275608 0.00191177 -0.00275335 0.999994 -0.157756 -0.109536 -0.081882 0.493696 -0.31475 0.810677 0.999997 0.00143437 -0.00190782 -0.00142911 0.999995 0.00275608 0.00191177 -0.00275335 0.999994 15.5604 5.56986 1 1 2601 0 0 0 
20170507021906 -0.199546 -0.203863 -0.175967 0.462063 -0.249534 0.851017 0.999989 0.00308358 -0.00354734 -0.00307118 0.999989 0.00349365 0.00355807 -0.00348271 0.999988 -0.199546 -0.203863 -0.175967 0.462063 -0.249534 0.851017 0.999989 0.00308358 -0.00354734 -0.00307118 0.999989 0.00349365 0.00355807 -0.00348271 0.999988 17.2325 6.57131 1 1 2601 0 0 0 
20170507021906 -0.273897 -0.122443 -0.209919 0.412545 -0.194373 0.889958 0.999991 0.00367395 -0.00211947 -0.00366376 0.999982 0.00478819 0.00213703 -0.00478038 0.999986 -0.273897 -0.122443 -0.209919 0.412545 -0.194373 0.889958 0.999991 0.00367395 -0.00211947 -0.00366376 0.999982 0.00478819 0.00213703 -0.00478038 0.999986 19.3372 7.91597 1 1 2601 0 0 0 
20170507021906 -0.357883 -0.640958 -0.109945 0.479909 -0.119075 0.8692 0.999936 0.00198874 -0.0111744 -0.00191878 0.999979 0.00626765 0.0111866 -0.00624581 0.999918 -0.357883 -0.640958 -0.109945 0.479909 -0.119075 0.8692 0.999936 0.00198874 -0.0111744 -0.00191878 0.999979 0.00626765 0.0111866 -0.00624581 0.999918 22.239 9.70394 1 1 2601 0 0 0 
20170507021906 -0.167344 -0.254965 -0.304569 0.418185 -0.0350766 0.907685 0.999976 0.00532869 -0.00443435 -0.00531566 0.999982 0.00294431 0.00444996 -0.00292067 0.999986 -0.167344 -0.254965 -0.304569 0.418185 -0.0350766 0.907685 0.999976 0.00532869 -0.00443435 -0.00531566 0.999982 0.00294431 0.00444996 -0.00292067 0.999986 24.3633 11.4448 1 1 2601 0 0 0 
20170507021907 -0.392096 0.0269128 -0.293305 0.443316 -0.0222433 0.896089 0.999987 0.00511579 0.000504731 -0.00511912 0.999963 0.00684083 -0.000469717 -0.00684332 0.999976 -0.392096 0.0269128 -0.293305 0.443316 -0.0222433 0.896089 0.999987 0.00511579 0.000504731 -0.00511912 0.999963 0.00684083 -0.000469717 -0.00684332 0.999976 25.3019 12.7132 1 1 2601 0 0 0 
20170507021907 -0.367506 0.0451748 -0.280805 0.431375 -0.0169995 0.902013 0.999988 0.00489579 0.000819859 -0.00490095 0.999967 0.0064102 -0.000788449 -0.00641414 0.999979 -0.367506 0.0451748 -0.280805 0.431375 -0.0169995 0.902013 0.999988 0.00489579 0.000819859 -0.00490095 0.999967 0.0064102 -0.000788449 -0.00641414 0.999979 25.9017 13.0163 1 1 2601 0 0 0 
20170507021907 0.630631 0.845215 -0.0872652 -0.293207 -0.0939215 -0.951424 0.99989 0.00168533 0.0147336 -0.0015229 0.999938 -0.0110288 -0.0147513 0.0110052 0.999831 0.630631 0.845215 -0.0872652 -0.293207 -0.0939215 -0.951424 0.99989 0.00168533 0.0147336 -0.0015229 0.999938 -0.0110288 -0.0147513 0.0110052 0.999831 26.2749 12.5845 1 1 2601 0 0 0 
20170507021907 0.0190836 0.468005 0.0448326 0.294927 0.00389197 0.955512 0.999966 -0.000779755 0.0081684 0.00078245 1 -0.00032668 -0.00816814 0.00033306 0.999967 0.0190836 0.468005 0.0448326 0.294927 0.00389197 0.955512 0.999966 -0.000779755 0.0081684 0.00078245 1 -0.00032668 -0.00816814 0.00033306 0.999967 25.7271 12.027 1 1 2601 0 0 0 
20170507021908 -0.11535 0.7287 -0.0347074 0.155055 -0.0574776 0.986232 0.999919 0.000580153 0.0127191 -0.000605709 0.999998 0.00200552 -0.0127179 -0.00201307 0.999917 -0.11535 0.7287 -0.0347074 0.155055 -0.0574776 0.986232 0.999919 0.000580153 0.0127191 -0.000605709 0.999998 0.00200552 -0.0127179 -0.00201307 0.999917 23.8053 10.6974 1 1 2601 0 0 0 
20170507021908 -0.31199 0.778684 -0.0362706 0.0388045 -0.158154 0.986652 0.999907 0.00055903 0.0135934 -0.000632983 0.999985 0.00543662 -0.0135902 -0.00544472 0.999893 -0.31199 0.778684 -0.0362706 0.0388045 -0.158154 0.986652 0.999907 0.00055903 0.0135934 -0.000632983 0.999985 0.00543662 -0.0135902 -0.00544472 0.999893 23.4767 9.46993 1 1 2601 0 0 0 
20170507021908 0.541716 1.45939 0.276797 -0.205873 -0.0745005 0.975739 0.999664 -0.00458999 0.0255126 0.00482943 0.999945 -0.00933144 -0.0254684 0.00945152 0.999631 0.541716 1.45939 0.276797 -0.205873 -0.0745005 0.975739 0.999664 -0.00458999 0.0255126 0.00482943 0.999945 -0.00933144 -0.0254684 0.00945152 0.999631 22.9863 8.74882 1 1 2601 0 0 0 
20170507021908 -0.841402 1.44294 0.314307 -0.244316 -0.299025 0.922439 0.999668 -0.00585485 0.0250977 0.00548393 0.999875 0.0148226 -0.0251813 -0.0146801 0.999575 -0.841402 1.44294 0.314307 -0.244316 -0.299025 0.922439 0.999668 -0.00585485 0.0250977 0.00548393 0.999875 0.0148226 -0.0251813 -0.0146801 0.999575 22.3506 8.40519 1 1 2601 0 0 0 
20170507021908 -0.428485 1.73087 0.218557 -0.295577 -0.287038 0.911177 0.999536 -0.00404031 0.0301751 0.0038128 0.999964 0.00759356 -0.0302047 -0.00747498 0.999516 -0.428485 1.73087 0.218557 -0.295577 -0.287038 0.911177 0.999536 -0.00404031 0.0301751 0.0038128 0.999964 0.00759356 -0.0302047 -0.00747498 0.999516 23.0063 8.37985 1 1 2601 0 0 0 
20170507021909 -0.435847 1.9974 0.269899 -0.330757 -0.306985 0.89239 0.999381 -0.00497559 0.0348169 0.00470774 0.999959 0.00777098 -0.0348541 -0.00760226 0.999363 -0.435847 1.9974 0.269899 -0.330757 -0.306985 0.89239 0.999381 -0.00497559 0.0348169 0.00470774 0.999959 0.00777098 -0.0348541 -0.00760226 0.999363 23.1132 8.37653 1 1 2601 0 0 0 
20170507021909 -0.294631 1.9556 0.14596 -0.333446 -0.319068 0.887135 0.999414 -0.00272292 0.0341113 0.002546 0.999983 0.00522917 -0.034125 -0.00513926 0.999404 -0.294631 1.9556 0.14596 -0.333446 -0.319068 0.887135 0.999414 -0.00272292 0.0341113 0.002546 0.999983 0.00522917 -0.034125 -0.00513926 0.999404 22.5289 8.04242 1 1 2601 0 0 0 
20170507021909 -0.226041 1.79644 0.224596 -0.331389 -0.338333 0.880745 0.999501 -0.00404358 0.0313328 0.00391801 0.999984 0.004068 -0.0313487 -0.00394321 0.999501 -0.226041 1.79644 0.224596 -0.331389 -0.338333 0.880745 0.999501 -0.00404358 0.0313328 0.00391801 0.999984 0.004068 -0.0313487 -0.00394321 0.999501 21.6194 7.63878 1 1 2601 0 0 0 
20170507021909 -0.371136 1.74756 0.191229 -0.280014 -0.37881 0.882097 0.999529 -0.00353504 0.0304735 0.00333602 0.999973 0.00657924 -0.0304959 -0.00647448 0.999514 -0.371136 1.74756 0.191229 -0.280014 -0.37881 0.882097 0.999529 -0.00353504 0.0304735 0.00333602 0.999973 0.00657924 -0.0304959 -0.00647448 0.999514 21.1633 7.61425 1 1 2601 0 0 0 
20170507021910 -0.407548 1.74354 0.190179 -0.207778 -0.42364 0.881679 0.999532 -0.00353558 0.0304012 0.00331771 0.999968 0.00721394 -0.0304258 -0.0071097 0.999512 -0.407548 1.74354 0.190179 -0.207778 -0.42364 0.881679 0.999532 -0.00353558 0.0304012 0.00331771 0.999968 0.00721394 -0.0304258 -0.0071097 0.999512 21.5111 7.81917 1 1 2601 0 0 0 
20170507021910 -0.743293 1.5983 0.161302 -0.101514 -0.50054 0.859741 0.999607 -0.00317685 0.0278529 0.00281416 0.999911 0.013051 -0.0278919 -0.0129675 0.999527 -0.743293 1.5983 0.161302 -0.101514 -0.50054 0.859741 0.999607 -0.00317685 0.0278529 0.00281416 0.999911 0.013051 -0.0278919 -0.0129675 0.999527 21.1922 7.90245 1 1 2601 0 0 0 
20170507021910 -0.988066 1.44663 0.0784462 0.0272754 -0.579085 0.814811 0.99968 -0.00180428 0.0252185 0.00136871 0.99985 0.0172787 -0.0252458 -0.0172386 0.999533 -0.988066 1.44663 0.0784462 0.0272754 -0.579085 0.814811 0.99968 -0.00180428 0.0252185 0.00136871 0.99985 0.0172787 -0.0252458 -0.0172386 0.999533 21.3971 7.72222 1 1 2601 0 0 0 
20170507021910 -0.345327 1.37816 0.248349 0.244815 -0.523492 0.816102 0.999701 -0.00447937 0.0240244 0.00433324 0.999972 0.00613124 -0.0240511 -0.00602531 0.999693 -0.345327 1.37816 0.248349 0.244815 -0.523492 0.816102 0.999701 -0.00447937 0.0240244 0.00433324 0.999972 0.00613124 -0.0240511 -0.00602531 0.999693 23.0886 7.66921 1 1 2601 0 0 0 
20170507021910 -0.397304 1.16427 0.191591 0.403411 -0.558907 0.724488 0.999788 -0.0034847 0.0202951 0.0033432 0.99997 0.00700211 -0.0203189 -0.00693278 0.99977 -0.397304 1.16427 0.191591 0.403411 -0.558907 0.724488 0.999788 -0.0034847 0.0202951 0.0033432 0.99997 0.00700211 -0.0203189 -0.00693278 0.99977 25.0924 7.3502 1 1 2601 0 0 0 
20170507021911 -0.343089 0.951091 0.1721 0.541345 -0.561702 0.625649 0.999858 -0.00310305 0.0165805 0.00300329 0.999977 0.00603783 -0.0165989 -0.00598718 0.999844 -0.343089 0.951091 0.1721 0.541345 -0.561702 0.625649 0.999858 -0.00310305 0.0165805 0.00300329 0.999977 0.00603783 -0.0165989 -0.00598718 0.999844 25.7455 6.84024 1 1 2601 0 0 0 
20170507021911 0.207784 0.74462 0.244355 0.662964 -0.486827 0.568751 0.999906 -0.00421764 0.013011 0.00426443 0.999985 -0.00357104 -0.0129957 0.00362619 0.999909 0.207784 0.74462 0.244355 0.662964 -0.486827 0.568751 0.999906 -0.00421764 0.013011 0.00426443 0.999985 -0.00357104 -0.0129957 0.00362619 0.999909 25.7935 6.56639 1 1 2600 0 0 0 
20170507021911 0.282884 0.576117 0.29052 0.715201 -0.454376 0.531065 0.999937 -0.0050208 0.0100798 0.00507025 0.999975 -0.00488618 -0.010055 0.00493698 0.999937 0.282884 0.576117 0.29052 0.715201 -0.454376 0.531065 0.999937 -0.0050208 0.0100798 0.00507025 0.999975 -0.00488618 -0.010055 0.00493698 0.999937 26.2883 6.65514 1 1 2600 0 0 0 
20170507021911 0.189285 0.603686 0.202547 0.760073 -0.428507 0.488539 0.999938 -0.00350028 0.0105477 0.00353491 0.999988 -0.00326638 -0.0105361 0.00330346 0.999939 0.189285 0.603686 0.202547 0.760073 -0.428507 0.488539 0.999938 -0.00350028 0.0105477 0.00353491 0.999988 -0.00326638 -0.0105361 0.00330346 0.999939 26.9299 6.66076 1 1 2600 0 0 0 
20170507021911 0.0366045 0.917677 0.10336 0.772297 -0.415379 0.480643 0.99987 -0.00179374 0.0160169 0.00180374 0.999998 -0.000609976 -0.0160158 0.000638787 0.999872 0.0366045 0.917677 0.10336 0.772297 -0.415379 0.480643 0.99987 -0.00179374 0.0160169 0.00180374 0.999998 -0.000609976 -0.0160158 0.000638787 0.999872 27.2761 6.35177 1 1 2597 0 0 0 
20170507021912 -0.223361 1.08127 0.111082 0.798502 -0.406404 0.444106 0.99982 -0.00201229 0.0188629 0.00193839 0.99999 0.00393495 -0.0188706 -0.00389768 0.999814 -0.223361 1.08127 0.111082 0.798502 -0.406404 0.444106 0.99982 -0.00201229 0.0188629 0.00193839 0.99999 0.00393495 -0.0188706 -0.00389768 0.999814 27.7702 6.04299 1 1 2596 0 0 0 
20170507021912 -0.290433 1.30161 0.0624719 0.806874 -0.371835 0.459013 0.999741 -0.00120547 0.0227096 0.00109006 0.999986 0.00509376 -0.0227154 -0.00506769 0.999729 -0.290433 1.30161 0.0624719 0.806874 -0.371835 0.459013 0.999741 -0.00120547 0.0227096 0.00109006 0.999986 0.00509376 -0.0227154 -0.00506769 0.999729 26.7009 5.5979 1 1 2596 0 0 0 
20170507021912 -0.319106 1.49986 0.0375656 0.816561 -0.316505 0.482756 0.999657 -0.000801409 0.0261704 0.000655418 0.999984 0.00558658 -0.0261744 -0.00556752 0.999642 -0.319106 1.49986 0.0375656 0.816561 -0.316505 0.482756 0.999657 -0.000801409 0.0261704 0.000655418 0.999984 0.00558658 -0.0261744 -0.00556752 0.999642 25.3809 4.88057 1 1 2596 0 0 0 
20170507021912 -0.392114 1.45967 -0.0565823 0.806686 -0.309412 0.50351 0.999675 0.000813194 0.0254795 -0.000987226 0.999976 0.00681847 -0.0254733 -0.00684141 0.999652 -0.392114 1.45967 -0.0565823 0.806686 -0.309412 0.50351 0.999675 0.000813194 0.0254795 -0.000987226 0.999976 0.00681847 -0.0254733 -0.00684141 0.999652 23.2716 4.1133 1 1 2595 0 0 0 
20170507021912 -0.271906 1.79638 -0.0124023 0.716896 -0.275294 0.640525 0.999509 6.76933e-05 0.0313483 -0.000216354 0.999989 0.00473886 -0.0313476 -0.00474331 0.999497 -0.271906 1.79638 -0.0124023 0.716896 -0.275294 0.640525 0.999509 6.76933e-05 0.0313483 -0.000216354 0.999989 0.00473886 -0.0313476 -0.00474331 0.999497 20.2576 3.435 1 1 2595 0 0 0 
20170507021913 -0.15572 2.17916 -0.16062 0.48231 -0.297414 0.823967 0.999273 0.00269999 0.0380317 -0.00280131 0.999993 0.00261122 -0.0380243 -0.00271586 0.999273 -0.15572 2.17916 -0.16062 0.48231 -0.297414 0.823967 0.999273 0.00269999 0.0380317 -0.00280131 0.999993 0.00261122 -0.0380243 -0.00271586 0.999273 18.2849 2.88651 1 1 2595 0 0 0 
20170507021913 -0.257494 2.00908 0.03128 -0.194689 0.353322 -0.915019 0.999385 -0.000703487 0.0350551 0.000545603 0.99999 0.00451324 -0.0350579 -0.00449134 0.999375 -0.257494 2.00908 0.03128 -0.194689 0.353322 -0.915019 0.999385 -0.000703487 0.0350551 0.000545603 0.99999 0.00451324 -0.0350579 -0.00449134 0.999375 15.3819 2.73752 1 1 2595 0 0 0 
20170507021913 -0.227304 2.21713 0.0241622 0 0 0 0.999251 -0.000575184 0.0386845 0.000421394 0.999992 0.00398351 -0.0386865 -0.00396422 0.999244 -0.227304 2.21713 0.0241622 0 0 0 0.999251 -0.000575184 0.0386845 0.000421394 0.999992 0.00398351 -0.0386865 -0.00396422 0.999244 13.6412 3.16475 0 1 2595 0 0 0 
20170507021913 0.112905 2.31137 0.0891002 0 0 0 0.999185 -0.00147562 0.0403331 0.00155383 0.999997 -0.00190784 -0.0403301 0.00196896 0.999184 0.112905 2.31137 0.0891002 0 0 0 0.999185 -0.00147562 0.0403331 0.00155383 0.999997 -0.00190784 -0.0403301 0.00196896 0.999184 11.7127 3.80424 0 1 2595 0 0 0 
20170507021913 -0.327623 1.91748 0.164036 0 0 0 0.999436 -0.00305424 0.0334431 0.00286136 0.999979 0.00581385 -0.0334601 -0.00571488 0.999424 -0.327623 1.91748 0.164036 0 0 0 0.999436 -0.00305424 0.0334431 0.00286136 0.999979 0.00581385 -0.0334601 -0.00571488 0.999424 9.03305 4.40768 0 1 2594 0 0 0 
20170507021914 -0.0323228 2.22692 0.155671 0 0 0 0.999241 -0.00273889 0.0388557 0.00271491 0.999996 0.000669712 -0.0388574 -0.000563714 0.999245 -0.0323228 2.22692 0.155671 0 0 0 0.999241 -0.00273889 0.0388557 0.00271491 0.999996 0.000669712 -0.0388574 -0.000563714 0.999245 7.26754 4.47105 0 1 2594 0 0 0 
20170507021914 0.0578598 2.03356 0.19486 0 0 0 0.999364 -0.00336511 0.0354882 0.00339881 0.999994 -0.000889156 -0.0354849 0.00100921 0.99937 0.0578598 2.03356 0.19486 0 0 0 0.999364 -0.00336511 0.0354882 0.00339881 0.999994 -0.000889156 -0.0354849 0.00100921 0.99937 7.31196 4.38252 0 1 2594 0 0 0 
20170507021914 0.117968 1.99892 0.142987 0 0 0 0.999388 -0.00242376 0.0348856 0.00249406 0.999995 -0.00197188 -0.0348807 0.00205768 0.999389 0.117968 1.99892 0.142987 0 0 0 0.999388 -0.00242376 0.0348856 0.00249406 0.999995 -0.00197188 -0.0348807 0.00205768 0.999389 8.13389 4.26573 0 1 2594 0 0 0 
20170507021914 0.107697 2.04086 0.147469 0 0 0 0.999362 -0.00250687 0.0356168 0.00257218 0.999995 -0.00178801 -0.0356122 0.00187848 0.999364 0.107697 2.04086 0.147469 0 0 0 0.999362 -0.00250687 0.0356168 0.00257218 0.999995 -0.00178801 -0.0356122 0.00187848 0.999364 8.52438 4.32094 0 1 2594 0 0 0 
20170507021914 0.214848 2.09537 0.188942 0 0 0 0.999326 -0.00316053 0.0365748 0.00329545 0.999988 -0.00362921 -0.0365629 0.00374729 0.999324 0.214848 2.09537 0.188942 0 0 0 0.999326 -0.00316053 0.0365748 0.00329545 0.999988 -0.00362921 -0.0365629 0.00374729 0.999324 8.97849 4.63322 0 1 2594 0 0 0 
20170507021915 -0.409894 2.37694 0.181746 0 0 0 0.999135 -0.00346867 0.0414495 0.00316933 0.999968 0.00728546 -0.0414735 -0.00714779 0.999114 -0.409894 2.37694 0.181746 0 0 0 0.999135 -0.00346867 0.0414495 0.00316933 0.999968 0.00728546 -0.0414735 -0.00714779 0.999114 8.92456 4.91308 0 1 2594 0 0 0 
20170507021915 0.178522 2.37067 0.205747 0 0 0 0.999138 -0.00346205 0.0413749 0.00358788 0.999989 -0.00296723 -0.0413642 0.00311312 0.999139 0.178522 2.37067 0.205747 0 0 0 0.999138 -0.00346205 0.0413749 0.00358788 0.999989 -0.00296723 -0.0413642 0.00311312 0.999139 8.69086 4.80361 0 1 2594 0 0 0 
20170507021915 0.153062 2.13346 0.25038 0 0 0 0.999297 -0.00427047 0.0372385 0.0043669 0.999987 -0.00250872 -0.0372273 0.00266958 0.999303 0.153062 2.13346 0.25038 0 0 0 0.999297 -0.00427047 0.0372385 0.0043669 0.999987 -0.00250872 -0.0372273 0.00266958 0.999303 8.51321 4.87911 0 1 2594 0 0 0 
20170507021915 -0.0655249 1.89843 0.349858 0 0 0 0.999432 -0.00614402 0.0331201 0.00610278 0.99998 0.00134589 -0.0331278 -0.001143 0.99945 -0.0655249 1.89843 0.349858 0 0 0 0.999432 -0.00614402 0.0331201 0.00610278 0.99998 0.00134589 -0.0331278 -0.001143 0.99945 7.68312 4.60115 0 1 2594 0 0 0 
20170507021915 0.216383 1.74077 0.234693 0 0 0 0.99953 -0.0039814 0.0303924 0.00409426 0.999985 -0.00365212 -0.0303774 0.00377484 0.999531 0.216383 1.74077 0.234693 0 0 0 0.99953 -0.0039814 0.0303924 0.00409426 0.999985 -0.00365212 -0.0303774 0.00377484 0.999531 7.39505 4.25844 0 1 2594 0 0 0 
20170507021916 0.155225 1.56244 0.274187 0 0 0 0.999617 -0.00471156 0.0272789 0.00478367 0.999985 -0.00257867 -0.0272664 0.00270818 0.999625 0.155225 1.56244 0.274187 0 0 0 0.999617 -0.00471156 0.0272789 0.00478367 0.999985 -0.00257867 -0.0272664 0.00270818 0.999625 6.80883 4.00569 0 1 2594 0 0 0 
20170507021916 0.128869 1.53397 0.25408 0 0 0 0.999632 -0.00437429 0.0267793 0.00443292 0.999988 -0.00213046 -0.0267697 0.00224838 0.999639 0.128869 1.53397 0.25408 0 0 0 0.999632 -0.00437429 0.0267793 0.00443292 0.999988 -0.00213046 -0.0267697 0.00224838 0.999639 6.56486 4.04097 0 1 2594 0 0 0 
20170507021916 -0.344713 1.02189 0.267783 0 0 0 0.99983 -0.00478089 0.0178057 0.00467293 0.99997 0.00609962 -0.0178344 -0.00601538 0.999823 -0.344713 1.02189 0.267783 0 0 0 0.99983 -0.00478089 0.0178057 0.00467293 0.99997 0.00609962 -0.0178344 -0.00601538 0.999823 6.51145 3.72497 0 1 2594 0 0 0 
20170507021916 0.155088 1.21236 0.284965 0 0 0 0.999764 -0.00491626 0.0211712 0.00497244 0.999984 -0.00260152 -0.0211581 0.00270618 0.999772 0.155088 1.21236 0.284965 0 0 0 0.999764 -0.00491626 0.0211712 0.00497244 0.999984 -0.00260152 -0.0211581 0.00270618 0.999772 6.77678 3.52904 0 1 2594 0 0 0 
20170507021916 -0.307162 0.858519 0.264929 0 0 0 0.999877 -0.00470412 0.0149583 0.00462334 0.999975 0.00543019 -0.0149834 -0.00536037 0.999873 -0.307162 0.858519 0.264929 0 0 0 0.999877 -0.00470412 0.0149583 0.00462334 0.999975 0.00543019 -0.0149834 -0.00536037 0.999873 7.18434 3.40122 0 1 2594 0 0 0 
20170507021917 0.102532 1.03505 0.358809 0 0 0 0.999817 -0.00623001 0.0180749 0.00626133 0.999979 -0.00167636 -0.018064 0.00178923 0.999835 0.102532 1.03505 0.358809 0 0 0 0.999817 -0.00623001 0.0180749 0.00626133 0.999979 -0.00167636 -0.018064 0.00178923 0.999835 7.46758 3.34467 0 1 2594 0 0 0 
20170507021917 0.236941 0.963098 0.322627 0 0 0 0.999843 -0.00556133 0.0168313 0.00563009 0.999976 -0.00404067 -0.0168084 0.0041348 0.99985 0.236941 0.963098 0.322627 0 0 0 0.999843 -0.00556133 0.0168313 0.00563009 0.999976 -0.00404067 -0.0168084 0.0041348 0.99985 8.3556 3.43667 0 1 2594 0 0 0 
20170507021917 0.181551 1.01923 0.45359 0 0 0 0.99981 -0.00786016 0.0178125 0.00791531 0.999964 -0.00302774 -0.0177881 0.00316816 0.999837 0.181551 1.01923 0.45359 0 0 0 0.99981 -0.00786016 0.0178125 0.00791531 0.999964 -0.00302774 -0.0177881 0.00316816 0.999837 9.41715 3.73967 0 1 2594 0 0 0 
20170507021917 0.162017 1.0713 0.496332 0 0 0 0.999788 -0.00860962 0.0187203 0.00866101 0.999959 -0.00266566 -0.0186965 0.00282723 0.999821 0.162017 1.0713 0.496332 0 0 0 0.999788 -0.00860962 0.0187203 0.00866101 0.999959 -0.00266566 -0.0186965 0.00282723 0.999821 10.1509 3.97034 0 1 2594 0 0 0 
20170507021917 0.115534 1.03052 0.553726 0 0 0 0.999792 -0.0096279 0.0180036 0.00966262 0.999952 -0.00184254 -0.0179849 0.00201611 0.999836 0.115534 1.03052 0.553726 0 0 0 0.999792 -0.0096279 0.0180036 0.00966262 0.999952 -0.00184254 -0.0179849 0.00201611 0.999836 11.0374 4.17735 0 1 2594 0 0 0 
20170507021918 0.00908477 1.05736 0.57369 0 0 0 0.99978 -0.0100097 0.018454 0.0100109 0.99995 2.62148e-05 -0.0184533 0.000158532 0.99983 0.00908477 1.05736 0.57369 0 0 0 0.99978 -0.0100097 0.018454 0.0100109 0.99995 2.62148e-05 -0.0184533 0.000158532 0.99983 12.5529 4.59948 0 1 2594 0 0 0 
20170507021918 0.416252 0.979624 0.555064 0 0 0 0.999807 -0.00956308 0.017166 0.00968612 0.999928 -0.00709894 -0.0170968 0.00726384 0.999827 0.416252 0.979624 0.555064 0 0 0 0.999807 -0.00956308 0.017166 0.00968612 0.999928 -0.00709894 -0.0170968 0.00726384 0.999827 14.4066 5.21661 0 1 2594 0 0 0 
20170507021918 0.721772 0.885574 0.551979 -0.527068 -0.0742837 0.84657 0.999834 -0.00943825 0.015575 0.00963255 0.999876 -0.0124475 -0.0154556 0.0125955 0.999801 0.721772 0.885574 0.551979 -0.527068 -0.0742837 0.84657 0.999834 -0.00943825 0.015575 0.00963255 0.999876 -0.0124475 -0.0154556 0.0125955 0.999801 15.9824 5.87038 1 1 2594 0 0 0 
20170507021918 0.819266 0.752839 0.610069 -0.521701 -0.0357186 0.852381 0.999857 -0.0104586 0.0132893 0.0106466 0.999843 -0.0141577 -0.0131391 0.0142972 0.999811 0.819266 0.752839 0.610069 -0.521701 -0.0357186 0.852381 0.999857 -0.0104586 0.0132893 0.0106466 0.999843 -0.0141577 -0.0131391 0.0142972 0.999811 17.9208 6.93181 1 1 2594 0 0 0 
20170507021918 0.89165 0.68821 0.589279 -0.516052 -0.00147613 0.856556 0.999875 -0.0100965 0.0121692 0.0102839 0.999828 -0.0154373 -0.0120112 0.0155605 0.999807 0.89165 0.68821 0.589279 -0.516052 -0.00147613 0.856556 0.999875 -0.0100965 0.0121692 0.0102839 0.999828 -0.0154373 -0.0120112 0.0155605 0.999807 19.4519 7.92239 1 1 2594 0 0 0 
20170507021919 0.949401 0.887722 0.63483 -0.504102 0.015341 0.863508 0.999819 -0.0108214 0.0156736 0.0110783 0.999804 -0.0163968 -0.015493 0.0165674 0.999743 0.949401 0.887722 0.63483 -0.504102 0.015341 0.863508 0.999819 -0.0108214 0.0156736 0.0110783 0.999804 -0.0163968 -0.015493 0.0165674 0.999743 20.5753 8.33047 1 1 2594 0 0 0 
20170507021919 0.929555 1.17367 0.616709 -0.489006 0.0333587 0.871642 0.999732 -0.0104297 0.0206536 0.0107611 0.999814 -0.0160017 -0.0204829 0.0162197 0.999659 0.929555 1.17367 0.616709 -0.489006 0.0333587 0.871642 0.999732 -0.0104297 0.0206536 0.0107611 0.999814 -0.0160017 -0.0204829 0.0162197 0.999659 20.8162 8.37109 1 1 2594 0 0 0 
20170507021919 -0.5366 1.43735 0.489977 -0.39926 -0.193014 0.896291 0.999649 -0.00878614 0.0250017 0.00854891 0.999918 0.00957945 -0.0250838 -0.00936235 0.999642 -0.5366 1.43735 0.489977 -0.39926 -0.193014 0.896291 0.999649 -0.00878614 0.0250017 0.00854891 0.999918 0.00957945 -0.0250838 -0.00936235 0.999642 20.6143 8.24331 1 1 2594 0 0 0 
20170507021919 -0.633911 1.70988 0.505177 -0.409137 -0.174744 0.895584 0.999516 -0.00914645 0.0297381 0.00881295 0.999897 0.0113263 -0.0298386 -0.0110587 0.999494 -0.633911 1.70988 0.505177 -0.409137 -0.174744 0.895584 0.999516 -0.00914645 0.0297381 0.00881295 0.999897 0.0113263 -0.0298386 -0.0110587 0.999494 20.2456 8.21905 1 1 2594 0 0 0 
20170507021919 -0.712015 2.2884 0.640954 -0.456137 -0.172762 0.872979 0.99914 -0.0116818 0.0397849 0.0111776 0.999855 0.0128725 -0.0399295 -0.0124168 0.999125 -0.712015 2.2884 0.640954 -0.456137 -0.172762 0.872979 0.99914 -0.0116818 0.0397849 0.0111776 0.999855 0.0128725 -0.0399295 -0.0124168 0.999125 19.9678 8.17787 1 1 2594 0 0 0 
20170507021920 -0.66762 2.38454 0.53989 -0.424363 -0.123663 0.897008 0.99909 -0.00990685 0.0414915 0.00941457 0.999883 0.0120434 -0.041606 -0.0116418 0.999066 -0.66762 2.38454 0.53989 -0.424363 -0.123663 0.897008 0.99909 -0.00990685 0.0414915 0.00941457 0.999883 0.0120434 -0.041606 -0.0116418 0.999066 19.1502 8.23461 1 1 2594 0 0 0 
20170507021920 0.704107 1.10346 0.45534 -0.186867 0.154199 0.970208 0.999783 -0.00770986 0.0193535 0.00794563 0.999895 -0.0121352 -0.0192579 0.0122864 0.999739 0.704107 1.10346 0.45534 -0.186867 0.154199 0.970208 0.999783 -0.00770986 0.0193535 0.00794563 0.999895 -0.0121352 -0.0192579 0.0122864 0.999739 18.8158 9.08345 1 1 2594 0 0 0 
20170507021920 -0.368428 2.21353 0.315913 -0.164204 0.0361481 0.985764 0.999239 -0.00576193 0.038587 0.00550958 0.999963 0.0066431 -0.0386238 -0.00642544 0.999233 -0.368428 2.21353 0.315913 -0.164204 0.0361481 0.985764 0.999239 -0.00576193 0.038587 0.00550958 0.999963 0.0066431 -0.0386238 -0.00642544 0.999233 19.0784 10.3836 1 1 2594 0 0 0 
20170507021920 -0.163236 2.34139 0.282174 0.0338225 -0.116104 -0.992661 0.999153 -0.00504122 0.0408388 0.00492073 0.999983 0.00305017 -0.0408535 -0.00284663 0.999161 -0.163236 2.34139 0.282174 0.0338225 -0.116104 -0.992661 0.999153 -0.00504122 0.0408388 0.00492073 0.999983 0.00305017 -0.0408535 -0.00284663 0.999161 20.6272 12.3314 1 1 2594 0 0 0 
20170507021920 0.121225 2.03225 0.317482 -0.198594 -0.218105 -0.955505 0.999356 -0.00546604 0.0354732 0.0055376 0.999983 -0.00191925 -0.0354621 0.00211445 0.999369 0.121225 2.03225 0.317482 -0.198594 -0.218105 -0.955505 0.999356 -0.00546604 0.0354732 0.0055376 0.999983 -0.00191925 -0.0354621 0.00211445 0.999369 22.9911 13.3754 1 1 2594 0 0 0 
20170507021921 0.0743503 1.95296 0.302901 -0.362662 -0.249994 -0.897764 0.999405 -0.00524237 0.0340854 0.00528353 0.999985 -0.00111748 -0.034079 0.0012969 0.999418 0.0743503 1.95296 0.302901 -0.362662 -0.249994 -0.897764 0.999405 -0.00524237 0.0340854 0.00528353 0.999985 -0.00111748 -0.034079 0.0012969 0.999418 26.3449 13.9202 1 1 2594 0 0 0 
20170507021921 -0.335365 2.60239 0.306604 -0.310622 -0.19579 -0.93015 0.998954 -0.00561689 0.045372 0.0053457 0.999967 0.00609608 -0.0454047 -0.00584716 0.998952 -0.335365 2.60239 0.306604 -0.310622 -0.19579 -0.93015 0.998954 -0.00561689 0.045372 0.0053457 0.999967 0.00609608 -0.0454047 -0.00584716 0.998952 29.0812 14.3678 1 1 2581 0 0 0 
20170507021921 -0.664556 3.79341 0.07052 -0.253266 -0.138729 -0.957398 0.997808 -0.00199807 0.0661404 0.00122811 0.999931 0.0116799 -0.0661592 -0.011573 0.997742 -0.664556 3.79341 0.07052 -0.253266 -0.138729 -0.957398 0.997808 -0.00199807 0.0661404 0.00122811 0.999931 0.0116799 -0.0661592 -0.011573 0.997742 31.1259 15.4988 1 1 2570 0 0 0 
20170507021921 -1.05232 1.74229 0.435907 0.508506 0.0391254 0.860169 0.999509 -0.00816502 0.0302583 0.00760442 0.999798 0.0185962 -0.030404 -0.018357 0.999369 -1.05232 1.74229 0.435907 0.508506 0.0391254 0.860169 0.999509 -0.00816502 0.0302583 0.00760442 0.999798 0.0185962 -0.030404 -0.018357 0.999369 32.5359 16.6448 1 1 2563 0 0 0 
20170507021921 -0.638515 1.96699 0.0756871 0.457474 0.119529 0.881153 0.99941 -0.00170341 0.0343069 0.00132021 0.999937 0.0111893 -0.0343237 -0.0111374 0.999349 -0.638515 1.96699 0.0756871 0.457474 0.119529 0.881153 0.99941 -0.00170341 0.0343069 0.00132021 0.999937 0.0111893 -0.0343237 -0.0111374 0.999349 33.6142 16.9574 1 1 2552 0 0 0 
20170507021922 0.401669 3.14379 -0.309114 -0.394621 -0.251724 -0.883691 0.998481 0.00577936 0.054802 -0.00538692 0.999959 -0.00730616 -0.0548419 0.00699984 0.998471 0.401669 3.14379 -0.309114 -0.394621 -0.251724 -0.883691 0.998481 0.00577936 0.054802 -0.00538692 0.999959 -0.00730616 -0.0548419 0.00699984 0.998471 34.243 17.3204 1 1 2536 0 0 0 
20170507021922 -0.404131 2.12189 0.322842 0.508446 0.158391 0.846401 0.999298 -0.00589564 0.0369842 0.00563076 0.999958 0.00726186 -0.0370255 -0.00704852 0.999289 -0.404131 2.12189 0.322842 0.508446 0.158391 0.846401 0.999298 -0.00589564 0.0369842 0.00563076 0.999958 0.00726186 -0.0370255 -0.00704852 0.999289 34.5015 17.4082 1 1 2528 0 0 0 
20170507021922 -0.642362 1.16292 0.44536 0.577536 0.150205 0.802428 0.999764 -0.00799995 0.0202064 0.00777131 0.999905 0.0113685 -0.0202954 -0.0112088 0.999731 -0.642362 1.16292 0.44536 0.577536 0.150205 0.802428 0.999764 -0.00799995 0.0202064 0.00777131 0.999905 0.0113685 -0.0202954 -0.0112088 0.999731 34.3483 17.1899 1 1 2521 0 0 0 
20170507021922 -0.220987 1.26451 0.52414 0.589627 0.210225 0.779836 0.999715 -0.00923289 0.0220317 0.00914562 0.99995 0.00405865 -0.0220681 -0.003856 0.999749 -0.220987 1.26451 0.52414 0.589627 0.210225 0.779836 0.999715 -0.00923289 0.0220317 0.00914562 0.99995 0.00405865 -0.0220681 -0.003856 0.999749 34.3708 17.0276 1 1 2518 0 0 0 
20170507021922 -0.566579 2.20011 0.118049 0.479697 0.164197 0.861934 0.999261 -0.00243986 0.0383673 0.00205882 0.999948 0.00996758 -0.0383897 -0.00988122 0.999214 -0.566579 2.20011 0.118049 0.479697 0.164197 0.861934 0.999261 -0.00243986 0.0383673 0.00205882 0.999948 0.00996758 -0.0383897 -0.00988122 0.999214 34.4149 16.8843 1 1 2517 0 0 0 
20170507021923 -0.264014 2.22393 0.207402 0.526448 0.184988 0.829839 0.99924 -0.0037986 0.0387877 0.00361711 0.999982 0.00474834 -0.0388051 -0.00460443 0.999236 -0.264014 2.22393 0.207402 0.526448 0.184988 0.829839 0.99924 -0.0037986 0.0387877 0.00361711 0.999982 0.00474834 -0.0388051 -0.00460443 0.999236 34.2398 16.5446 1 1 2514 0 0 0 
20170507021923 -1.06484 2.99018 0.258153 0.454619 0.0978122 0.885299 0.998628 -0.00547423 0.0520715 0.00449946 0.999813 0.0188186 -0.0521647 -0.0185585 0.998466 -1.06484 2.99018 0.258153 0.454619 0.0978122 0.885299 0.998628 -0.00547423 0.0520715 0.00449946 0.999813 0.0188186 -0.0521647 -0.0185585 0.998466 33.8713 16.3615 1 1 2513 0 0 0 
20170507021923 0.312956 1.11538 0.4869 0.633962 0.241262 0.734768 0.999774 -0.00839147 0.0195112 0.0084963 0.99995 -0.00529648 -0.0194658 0.00546106 0.999796 0.312956 1.11538 0.4869 0.633962 0.241262 0.734768 0.999774 -0.00839147 0.0195112 0.0084963 0.99995 -0.00529648 -0.0194658 0.00546106 0.999796 33.2923 15.5098 1 1 2512 0 0 0 
20170507021923 -0.0423318 1.39048 0.240119 0.595049 0.191082 0.780644 0.999697 -0.00420878 0.0242627 0.00418962 0.999991 0.000840518 -0.024266 -0.000738612 0.999705 -0.0423318 1.39048 0.240119 0.595049 0.191082 0.780644 0.999697 -0.00420878 0.0242627 0.00418962 0.999991 0.000840518 -0.024266 -0.000738612 0.999705 31.896 14.6379 1 1 2512 0 0 0 
20170507021923 0.262277 0.889635 0.427267 0.62111 0.215431 0.753533 0.999852 -0.007386 0.01556 0.00745626 0.999962 -0.00446167 -0.0155264 0.00457703 0.999869 0.262277 0.889635 0.427267 0.62111 0.215431 0.753533 0.999852 -0.007386 0.01556 0.00745626 0.999962 -0.00446167 -0.0155264 0.00457703 0.999869 29.2357 13.6235 1 1 2512 0 0 0 
20170507021924 -0.592201 1.39165 0.0828208 0.494969 0.0372202 0.868113 0.999704 -0.00169643 0.0242702 0.00144507 0.999945 0.0103708 -0.0242865 -0.0103326 0.999652 -0.592201 1.39165 0.0828208 0.494969 0.0372202 0.868113 0.999704 -0.00169643 0.0242702 0.00144507 0.999945 0.0103708 -0.0242865 -0.0103326 0.999652 25.4977 12.6123 1 1 2512 0 0 0 
20170507021924 -1.11535 1.98187 0.284454 0.277317 -0.102667 0.955277 0.99939 -0.00563687 0.0344796 0.00496168 0.999795 0.0196367 -0.0345832 -0.0194536 0.999212 -1.11535 1.98187 0.284454 0.277317 -0.102667 0.955277 0.99939 -0.00563687 0.0344796 0.00496168 0.999795 0.0196367 -0.0345832 -0.0194536 0.999212 23.2827 11.6956 1 1 2512 0 0 0 
20170507021924 -0.0979318 1.87278 0.0917903 -0.242536 -0.0401166 -0.969313 0.999465 -0.0016579 0.0326775 0.00160119 0.999997 0.00176159 -0.0326803 -0.00170832 0.999464 -0.0979318 1.87278 0.0917903 -0.242536 -0.0401166 -0.969313 0.999465 -0.0016579 0.0326775 0.00160119 0.999997 0.00176159 -0.0326803 -0.00170832 0.999464 20.7638 10.4131 1 1 2512 0 0 0 
20170507021924 0.925763 1.23859 0.163349 -0.290871 -0.145187 -0.945682 0.999762 -0.00250135 0.0216589 0.0028503 0.999866 -0.0160952 -0.0216158 0.0161531 0.999636 0.925763 1.23859 0.163349 -0.290871 -0.145187 -0.945682 0.999762 -0.00250135 0.0216589 0.0028503 0.999866 -0.0160952 -0.0216158 0.0161531 0.999636 18.6324 9.12707 1 1 2512 0 0 0 
20170507021924 -0.607202 0.0572001 0.0446486 0.325389 -0.215035 0.920805 0.999999 -0.000789801 0.000990016 0.000779264 0.999944 0.0105982 -0.000998331 -0.0105975 0.999943 -0.607202 0.0572001 0.0446486 0.325389 -0.215035 0.920805 0.999999 -0.000789801 0.000990016 0.000779264 0.999944 0.0105982 -0.000998331 -0.0105975 0.999943 16.1155 7.07497 1 1 2512 0 0 0 
20170507021925 -1.04597 -0.301935 -0.437143 0.200091 -0.343426 0.917618 0.999957 0.00772443 -0.00512943 -0.0076294 0.999804 0.0182943 0.00526973 -0.0182544 0.999819 -1.04597 -0.301935 -0.437143 0.200091 -0.343426 0.917618 0.999957 0.00772443 -0.00512943 -0.0076294 0.999804 0.0182943 0.00526973 -0.0182544 0.999819 16.9973 6.52698 1 1 2512 0 0 0 
20170507021925 -0.144386 0.0530028 -0.161662 0.115689 -0.198582 0.973232 0.999996 0.00281919 0.000932177 -0.00282153 0.999993 0.00251739 -0.000925073 -0.00252001 0.999996 -0.144386 0.0530028 -0.161662 0.115689 -0.198582 0.973232 0.999996 0.00281919 0.000932177 -0.00282153 0.999993 0.00251739 -0.000925073 -0.00252001 0.999996 19.279 7.22193 1 1 2512 0 0 0 
20170507021925 -0.107081 0.322371 -0.203682 0.119683 -0.200763 0.972302 0.999978 0.00354439 0.00563301 -0.00355485 0.999992 0.0018489 -0.00562641 -0.00186888 0.999982 -0.107081 0.322371 -0.203682 0.119683 -0.200763 0.972302 0.999978 0.00354439 0.00563301 -0.00355485 0.999992 0.0018489 -0.00562641 -0.00186888 0.999982 20.8111 8.00583 1 1 2512 0 0 0 
20170507021925 -0.421393 1.21056 0.347085 0.0776032 -0.263066 0.961652 0.999758 -0.00621296 0.0210811 0.0060564 0.999954 0.00748247 -0.0211266 -0.00735298 0.99975 -0.421393 1.21056 0.347085 0.0776032 -0.263066 0.961652 0.999758 -0.00621296 0.0210811 0.0060564 0.999954 0.00748247 -0.0211266 -0.00735298 0.99975 20.7395 8.58263 1 1 2512 0 0 0 
20170507021925 -0.420476 0.867469 -0.0892106 0.136156 -0.220295 0.965884 0.999884 0.00144587 0.0151506 -0.00155684 0.999972 0.00731504 -0.0151396 -0.00733778 0.999858 -0.420476 0.867469 -0.0892106 0.136156 -0.220295 0.965884 0.999884 0.00144587 0.0151506 -0.00155684 0.999972 0.00731504 -0.0151396 -0.00733778 0.999858 19.6141 8.91477 1 1 2512 0 0 0 
20170507021926 0.164834 2.3507 0.51248 0.0433313 0.0562206 -0.997478 0.999119 -0.00882632 0.0410398 0.00893682 0.999957 -0.00250992 -0.0410159 0.00287448 0.999154 0.164834 2.3507 0.51248 0.0433313 0.0562206 -0.997478 0.999119 -0.00882632 0.0410398 0.00893682 0.999957 -0.00250992 -0.0410159 0.00287448 0.999154 19.7068 9.56237 1 1 2512 0 0 0 
