20170507175908 -0.232187 -0.268652 0.0107296 0 0 0 0.999989 -0.000168264 -0.00468957 0.000187264 0.999992 0.00405154 0.00468885 -0.00405237 0.999981 -0.232187 -0.268652 0.0107296 0.373041 -0.721138 -0.583781 0.999989 -0.000168264 -0.00468957 0.000187264 0.999992 0.00405154 0.00468885 -0.00405237 0.999981 1.94686 0.669559 0 1 1837 0 0 0 -1.17066 -0.00468887 8.10958 1.17 -2.21 -1.88749 7.4669 2.53931 0 -1.17066 0 8.10958 1.17 -2.21 -1.88749 7.4669 2.53931 114.1 
20170507175908 0.288954 0.0104902 0.0251548 0 0 0 1 -0.000438105 0.0001853 0.000439034 0.999987 -0.0050431 -0.000183089 0.00504318 0.999987 0.288954 0.0104902 0.0251548 0.288699 -0.0381834 -0.956658 1 -0.000438105 0.0001853 0.000439034 0.999987 -0.0050431 -0.000183089 0.00504318 0.999987 2.62398 0.885877 0 1 1829 0 0 0 -1.17066 0.000183089 8.10958 1.16 -2.21 -1.93193 7.43489 2.59911 0 -1.17066 0 8.10958 1.16 -2.21 -1.93193 7.43489 2.59911 114 
20170507175908 0.244238 -0.0936299 -0.0141215 0 0 0 0.999999 0.000239498 -0.00163519 -0.000246466 0.999991 -0.00426235 0.00163415 0.00426275 0.99999 0.244238 -0.0936299 -0.0141215 -0.287296 0.0481386 0.956631 0.999999 0.000239498 -0.00163519 -0.000246466 0.999991 -0.00426235 0.00163415 0.00426275 0.99999 2.45634 0.902409 0 1 1829 0 0 0 -1.17066 -0.00163415 8.10958 1.16 -2.21 -1.93193 7.43489 2.59911 0 -1.17066 0 8.10958 1.16 -2.21 -1.93193 7.43489 2.59911 113.9 
20170507175909 0.133127 -0.0589611 0.0209723 0 0 0 0.999999 -0.000368425 -0.00102821 0.000366035 0.999997 -0.00232389 0.00102906 0.00232351 0.999997 0.133127 -0.0589611 0.0209723 -0.210369 -0.0239313 0.977329 0.999999 -0.000368425 -0.00102821 0.000366035 0.999997 -0.00232389 0.00102906 0.00232351 0.999997 2.30194 0.998101 0 1 1829 0 0 0 -1.17066 -0.00102906 8.10958 1.14 -2.22 -2.04733 7.36864 2.69758 0 -1.17066 0 8.10958 1.14 -2.22 -2.04733 7.36864 2.69758 113.9 
20170507175909 0.173784 -0.0433594 0.111843 0 0 0 0.999998 -0.00195431 -0.000750839 0.00195202 0.999993 -0.00303457 0.000756765 0.0030331 0.999995 0.173784 -0.0433594 0.111843 -0.0231218 0.210422 -0.977337 0.999998 -0.00195431 -0.000750839 0.00195202 0.999993 -0.00303457 0.000756765 0.0030331 0.999995 1.41308 0.770394 0 1 1829 0 0 0 -1.17066 -0.000756765 8.10958 1.17 -2.21 -1.88749 7.4669 2.53931 0 -1.17066 0 8.10958 1.17 -2.21 -1.88749 7.4669 2.53931 114.1 
20170507175909 0.173784 -0.0433594 0.111843 0 0 0 0.578123 0.630475 0.517953 0.63099 -0.747913 0.206102 0.517326 0.20767 -0.830209 165.956 -31.153 47.5036 0.887953 0.35619 0.29098 0.578123 0.630475 0.517953 0.63099 -0.747913 0.206102 0.517326 0.20767 -0.830209 1.41308 0.770394 0 1 1829 0 1 1 -1.17073 -0.000756765 8.10958 1.17 -2.22 -1.91278 7.4669 2.52031 0 -1.17073 0 8.10958 1.17 -2.22 -1.91278 7.4669 2.52031 114.1 
20170507175909 -0.073248 -0.405347 0.326468 0 0 0 0.999959 -0.00568886 -0.00708175 0.00569777 0.999983 0.00123809 0.00707459 -0.00127839 0.999974 -0.073248 -0.405347 0.326468 -0.397395 -0.0862606 0.913584 0.999959 -0.00568886 -0.00708175 0.00569777 0.999983 0.00123809 0.00707459 -0.00127839 0.999974 2.1227 0.563571 0 1 1829 0 0 0 -1.17184 -0.00707465 8.10958 1.18 -2.22 -1.86755 7.49817 2.4607 0 -1.17184 0 8.10958 1.18 -2.22 -1.86755 7.49817 2.4607 114 
20170507175909 0.950821 0.486922 -0.0703675 0 0 0 0.999963 0.001369 0.00847674 -0.0012281 0.999861 -0.0166046 -0.00849829 0.0165936 0.999826 0.950821 0.486922 -0.0703675 -0.571195 0.819961 -0.0374317 0.999963 0.001369 0.00847674 -0.0012281 0.999861 -0.0166046 -0.00849829 0.0165936 0.999826 3.25152 0.903424 0 1 1829 0 0 0 -1.17184 0.0084984 8.10958 1.19 -2.23 -1.84604 7.52868 2.38251 0 -1.17184 0 8.10958 1.19 -2.23 -1.84604 7.52868 2.38251 114.1 
20170507175909 0.831069 0.916918 0.237534 0 0 0 0.999863 -0.0039132 0.0160609 0.00414521 0.999887 -0.0144379 -0.0160026 0.0145025 0.999767 0.831069 0.916918 0.237534 0.805391 -0.588806 0.0682097 0.999863 -0.0039132 0.0160609 0.00414521 0.999887 -0.0144379 -0.0160026 0.0145025 0.999767 4.01264 1.09491 0 1 1829 0 0 0 -1.17184 0.0160032 8.10958 1.19 -2.23 -1.84604 7.52868 2.38251 0 -1.17184 0 8.10958 1.19 -2.23 -1.84604 7.52868 2.38251 114 
20170507175910 -0.396285 -0.77452 0.138793 0 0 0 0.999906 -0.00232884 -0.0135339 0.00242217 0.999973 0.00688365 0.0135175 -0.00691578 0.999885 -0.396285 -0.77452 0.138793 0.271691 -0.312128 -0.910363 0.999906 -0.00232884 -0.0135339 0.00242217 0.999973 0.00688365 0.0135175 -0.00691578 0.999885 6.52784 1.18482 0 1 1829 0 0 0 -1.17184 -0.0135179 8.10958 1.21 -2.24 -1.776 7.58745 2.24537 0 -1.17184 0 8.10958 1.21 -2.24 -1.776 7.58745 2.24537 114.1 
20170507175910 -0.49421 -1.26663 0.280496 0 0 0 0.999744 -0.00470471 -0.0221462 0.00489436 0.999952 0.00851718 0.0221051 -0.00862338 0.999718 -0.49421 -1.26663 0.280496 -0.319812 0.0896377 0.943231 0.999744 -0.00470471 -0.0221462 0.00489436 0.999952 0.00851718 0.0221051 -0.00862338 0.999718 8.5385 1.36556 0 1 1829 0 0 0 -1.17073 -0.0221069 8.10958 1.21 -2.24 -1.776 7.58745 2.24537 0 -1.17073 0 8.10958 1.21 -2.24 -1.776 7.58745 2.24537 114.1 
20170507175910 -0.311495 -1.22631 -0.135341 0 0 0 0.999768 0.00247847 -0.0213883 -0.00236161 0.999982 0.00548712 0.0214015 -0.00543534 0.999756 -0.311495 -1.22631 -0.135341 -0.182708 0.140996 0.973005 0.999768 0.00247847 -0.0213883 -0.00236161 0.999982 0.00548712 0.0214015 -0.00543534 0.999756 9.90061 1.35444 0 1 1828 0 0 0 -1.19201 -0.0214032 8.10958 1.2 -2.25 -1.84593 7.55845 2.28642 0 -1.19201 0 8.10958 1.2 -2.25 -1.84593 7.55845 2.28642 114 
20170507175910 -0.489093 -1.8246 0.377978 0 0 0 0.999471 -0.00632489 -0.0318944 0.00659357 0.999944 0.00832595 0.0318399 -0.00853184 0.999457 -0.489093 -1.8246 0.377978 0.265489 0.181162 0.94694 0.999471 -0.00632489 -0.0318944 0.00659357 0.999944 0.00832595 0.0318399 -0.00853184 0.999457 11.0497 1.47608 0 1 1827 0 0 0 -1.19201 -0.0318453 8.10958 1.21 -2.26 -1.82055 7.58745 2.2094 0 -1.19201 0 8.10958 1.21 -2.26 -1.82055 7.58745 2.2094 114.2 
20170507175910 -0.543034 -1.5289 0.131376 0 0 0 0.999641 -0.00203997 -0.0267017 0.00229212 0.999953 0.00941638 0.0266812 -0.00947421 0.999599 -0.543034 -1.5289 0.131376 -0.316559 -0.299037 -0.900204 0.999641 -0.00203997 -0.0267017 0.00229212 0.999953 0.00941638 0.0266812 -0.00947421 0.999599 11.5427 1.46281 0 1 1827 0 0 0 -1.1919 -0.0266844 8.10958 1.22 -2.26 -1.7722 7.6157 2.15074 0 -1.1919 0 8.10958 1.22 -2.26 -1.7722 7.6157 2.15074 114.1 
20170507175910 -0.44804 -1.84078 0.375357 0 0 0 0.999463 -0.00629978 -0.0321716 0.00654778 0.99995 0.00760909 0.0321221 -0.00781565 0.999453 -0.44804 -1.84078 0.375357 0.255288 0.192853 0.947436 0.999463 -0.00629978 -0.0321716 0.00654778 0.99995 0.00760909 0.0321221 -0.00781565 0.999453 11.5668 1.44207 0 1 1827 0 0 0 -1.1919 -0.0321276 8.14366 1.2 -2.26 -1.87656 7.59021 2.27738 0 -1.1919 0 8.14366 1.2 -2.26 -1.87656 7.59021 2.27738 114 
20170507175911 -0.462527 -1.43445 0.0373907 0 0 0 0.999686 -0.000450488 -0.0250377 0.000652386 0.999967 0.0080562 0.0250333 -0.00807001 0.999654 -0.462527 -1.43445 0.0373907 -0.329741 -0.30432 -0.893678 0.999686 -0.000450488 -0.0250377 0.000652386 0.999967 0.0080562 0.0250333 -0.00807001 0.999654 11.0686 1.38876 0 1 1827 0 0 0 -1.1919 -0.0250359 8.14366 1.19 -2.26 -1.92473 7.56032 2.33584 0 -1.1919 0 8.14366 1.19 -2.26 -1.92473 7.56032 2.33584 114.1 
20170507175911 -0.462815 -1.31913 0.0909373 0 0 0 0.999734 -0.00140115 -0.0230332 0.00158673 0.999966 0.00804102 0.0230211 -0.00807542 0.999702 -0.462815 -1.31913 0.0909373 -0.329498 -0.304405 -0.893739 0.999734 -0.00140115 -0.0230332 0.00158673 0.999966 0.00804102 0.0230211 -0.00807542 0.999702 10.2915 1.36104 0 1 1827 0 0 0 -1.1919 -0.0230231 8.14366 1.2 -2.27 -1.89923 7.59021 2.2585 0 -1.1919 0 8.14366 1.2 -2.27 -1.89923 7.59021 2.2585 114.1 
20170507175911 -0.319565 -1.40024 0.331332 0 0 0 0.999685 -0.00564643 -0.0244678 0.00578108 0.999969 0.00543604 0.0244364 -0.00557577 0.999686 -0.319565 -1.40024 0.331332 -0.151252 -0.258811 -0.954013 0.999685 -0.00564643 -0.0244678 0.00578108 0.999969 0.00543604 0.0244364 -0.00557577 0.999686 9.2953 1.27356 0 1 1827 0 0 0 -1.19201 -0.0244388 8.14366 1.19 -2.26 -1.92473 7.56032 2.33584 0 -1.19201 0 8.14366 1.19 -2.26 -1.92473 7.56032 2.33584 114.2 
20170507175911 -0.186384 -1.42227 0.409909 0 0 0 0.999666 -0.00707343 -0.0248433 0.007152 0.99997 0.00307534 0.0248208 -0.003252 0.999687 -0.186384 -1.42227 0.409909 0.26483 -0.205943 -0.942047 0.999666 -0.00707343 -0.0248433 0.007152 0.99997 0.00307534 0.0248208 -0.003252 0.999687 8.78682 1.19415 0 1 1827 0 0 0 -1.19201 -0.0248233 8.14366 1.19 -2.26 -1.92473 7.56032 2.33584 0 -1.19201 0 8.14366 1.19 -2.26 -1.92473 7.56032 2.33584 114.1 
20170507175911 -0.121075 -1.49157 0.423085 0 0 0 0.999634 -0.00732914 -0.0260447 0.00738165 0.999971 0.00192089 0.0260298 -0.00211244 0.999659 -0.121075 -1.49157 0.423085 0.327034 -0.145918 -0.933679 0.999634 -0.00732914 -0.0260447 0.00738165 0.999971 0.00192089 0.0260298 -0.00211244 0.999659 8.86083 1.19489 0 1 1827 0 0 0 -1.19201 -0.0260328 8.14366 1.18 -2.26 -1.97271 7.52967 2.39407 0 -1.19201 0 8.14366 1.18 -2.26 -1.97271 7.52967 2.39407 114.1 
20170507175911 -0.300436 -1.20267 0.0796337 0 0 0 0.999779 -0.00127979 -0.0209959 0.00138956 0.999985 0.00521439 0.020989 -0.00524241 0.999766 -0.300436 -1.20267 0.0796337 -0.297299 -0.286874 -0.910668 0.999779 -0.00127979 -0.0209959 0.00138956 0.999985 0.00521439 0.020989 -0.00524241 0.999766 8.99114 1.14231 0 1 1827 0 0 0 -1.19201 -0.0209905 8.14366 1.2 -2.25 -1.85369 7.59021 2.29603 0 -1.19201 0 8.14366 1.2 -2.25 -1.85369 7.59021 2.29603 114.1 
20170507175912 -0.296108 -1.29077 0.308669 0 0 0 0.999732 -0.00527077 -0.0225534 0.00538589 0.999973 0.00504662 0.0225262 -0.00516673 0.999733 -0.296108 -1.29077 0.308669 -0.179978 -0.252168 -0.950799 0.999732 -0.00527077 -0.0225534 0.00538589 0.999973 0.00504662 0.0225262 -0.00516673 0.999733 8.6527 1.11234 0 1 1827 0 0 0 -1.19201 -0.0225281 8.14366 1.19 -2.26 -1.92473 7.56032 2.33584 0 -1.19201 0 8.14366 1.19 -2.26 -1.92473 7.56032 2.33584 114.1 
20170507175912 -0.234243 -1.09479 0.150626 0 0 0 0.999814 -0.00255078 -0.019117 0.00262844 0.999988 0.00403805 0.0191064 -0.00408755 0.999809 -0.234243 -1.09479 0.150626 0.522671 0.038839 0.851649 0.999814 -0.00255078 -0.019117 0.00262844 0.999988 0.00403805 0.0191064 -0.00408755 0.999809 8.00701 1.14335 0 1 1827 0 0 0 -1.19201 -0.0191076 8.14366 1.21 -2.26 -1.82819 7.61933 2.21869 0 -1.19201 0 8.14366 1.21 -2.26 -1.82819 7.61933 2.21869 114.2 
20170507175912 -0.218509 -1.05902 0.158409 0 0 0 0.999825 -0.00269425 -0.0184927 0.00276428 0.999989 0.00376257 0.0184823 -0.00381304 0.999822 -0.218509 -1.05902 0.158409 0.56453 0.0266914 0.824981 0.999825 -0.00269425 -0.0184927 0.00276428 0.999989 0.00376257 0.0184823 -0.00381304 0.999822 7.83489 1.10479 0 1 1827 0 0 0 -1.19201 -0.0184834 8.14366 1.19 -2.26 -1.92473 7.56032 2.33584 0 -1.19201 0 8.14366 1.19 -2.26 -1.92473 7.56032 2.33584 114.2 
20170507175912 -0.35717 -1.01797 0.0725513 0 0 0 0.999841 -0.00115549 -0.0177736 0.00126606 0.99998 0.00621125 0.017766 -0.00623277 0.999823 -0.35717 -1.01797 0.0725513 -0.311714 -0.298814 -0.901967 0.999841 -0.00115549 -0.0177736 0.00126606 0.99998 0.00621125 0.017766 -0.00623277 0.999823 7.96155 1.09032 0 1 1827 0 0 0 -1.19201 -0.017767 8.14366 1.2 -2.26 -1.87656 7.59021 2.27738 0 -1.19201 0 8.14366 1.2 -2.26 -1.87656 7.59021 2.27738 114.1 
20170507175912 -0.233345 -1.2665 0.320766 0 0 0 0.99974 -0.00550833 -0.0221251 0.00559702 0.999977 0.00394882 0.0221028 -0.00407163 0.999747 -0.233345 -1.2665 0.320766 0.202626 0.189689 0.960709 0.99974 -0.00550833 -0.0221251 0.00559702 0.999977 0.00394882 0.0221028 -0.00407163 0.999747 8.14108 1.15556 0 1 1827 0 0 0 -1.19201 -0.0221046 8.14366 1.21 -2.26 -1.82819 7.61933 2.21869 0 -1.19201 0 8.14366 1.21 -2.26 -1.82819 7.61933 2.21869 114.1 
20170507175912 -0.280603 -1.28294 0.332466 0 0 0 0.999732 -0.00569288 -0.0224174 0.00580115 0.999972 0.00476743 0.0223896 -0.00489621 0.999737 -0.280603 -1.28294 0.332466 0.22764 0.194866 0.954048 0.999732 -0.00569288 -0.0224174 0.00580115 0.999972 0.00476743 0.0223896 -0.00489621 0.999737 8.41419 1.224 0 1 1827 0 0 0 -1.1919 -0.0223915 8.14366 1.21 -2.26 -1.82819 7.61933 2.21869 0 -1.1919 0 8.14366 1.21 -2.26 -1.82819 7.61933 2.21869 113.9 
20170507175913 -0.249085 -1.32256 0.279103 0 0 0 0.999722 -0.00477087 -0.0231017 0.00486996 0.999979 0.00423485 0.023081 -0.00434618 0.999724 -0.249085 -1.32256 0.279103 -0.152208 -0.255598 -0.954726 0.999722 -0.00477087 -0.0231017 0.00486996 0.999979 0.00423485 0.023081 -0.00434618 0.999724 8.91757 1.28515 0 1 1827 0 0 0 -1.1919 -0.0230831 8.14366 1.19 -2.26 -1.92473 7.56032 2.33584 0 -1.1919 0 8.14366 1.19 -2.26 -1.92473 7.56032 2.33584 114.1 
20170507175913 -0.206603 -1.36467 0.269946 0 0 0 0.999705 -0.00462553 -0.0238324 0.0047101 0.999983 0.00349364 0.0238158 -0.00360486 0.99971 -0.206603 -1.36467 0.269946 0.235847 0.20994 0.948842 0.999705 -0.00462553 -0.0238324 0.0047101 0.999983 0.00349364 0.0238158 -0.00360486 0.99971 9.13051 1.29737 0 1 1827 0 0 0 -1.1919 -0.0238181 8.14366 1.19 -2.26 -1.92473 7.56032 2.33584 0 -1.1919 0 8.14366 1.19 -2.26 -1.92473 7.56032 2.33584 114 
20170507175913 -0.137269 -1.38135 0.212392 0 0 0 0.999703 -0.00364917 -0.0241155 0.00370586 0.99999 0.00230642 0.0241068 -0.0023951 0.999707 -0.137269 -1.38135 0.212392 -0.165492 -0.266361 -0.94956 0.999703 -0.00364917 -0.0241155 0.00370586 0.99999 0.00230642 0.0241068 -0.0023951 0.999707 9.25352 1.2313 0 1 1827 0 0 0 -1.19314 -0.0241091 8.14366 1.19 -2.25 -1.90127 7.56032 2.35497 0 -1.19314 0 8.14366 1.19 -2.25 -1.90127 7.56032 2.35497 113.9 
20170507175913 -0.15739 -1.2054 0.0640434 0 0 0 0.999778 -0.00105998 -0.0210396 0.00111752 0.999996 0.00272345 0.0210366 -0.00274636 0.999775 -0.15739 -1.2054 0.0640434 -0.305922 -0.285757 -0.90816 0.999778 -0.00105998 -0.0210396 0.00111752 0.999996 0.00272345 0.0210366 -0.00274636 0.999775 8.99164 1.15911 0 1 1827 0 0 0 -1.19314 -0.0210381 8.14366 1.18 -2.23 -1.90001 7.52967 2.45216 0 -1.19314 0 8.14366 1.18 -2.23 -1.90001 7.52967 2.45216 114 
20170507175913 -0.0597927 -1.47967 0.2737 0 0 0 0.999655 -0.00474999 -0.0258269 0.00477535 0.999988 0.000920217 0.0258222 -0.00104323 0.999666 -0.0597927 -1.47967 0.2737 0.3711 -0.088227 -0.924392 0.999655 -0.00474999 -0.0258269 0.00477535 0.999988 0.000920217 0.0258222 -0.00104323 0.999666 8.64869 1.05394 0 1 1827 0 0 0 -1.19201 -0.0258251 8.10958 1.2 -2.24 -1.82298 7.55845 2.30477 0 -1.19201 0 8.10958 1.2 -2.24 -1.82298 7.55845 2.30477 114.1 
20170507175913 -0.26943 -1.04199 0.100946 0 0 0 0.999833 -0.00167631 -0.0181933 0.00176156 0.999988 0.00467037 0.0181852 -0.00470164 0.999824 -0.26943 -1.04199 0.100946 -0.296209 -0.287636 -0.910783 0.999833 -0.00167631 -0.0181933 0.00176156 0.999988 0.00467037 0.0181852 -0.00470164 0.999824 7.89966 0.991573 0 1 1827 0 0 0 -1.19201 -0.0181862 8.10958 1.2 -2.2 -1.72935 7.55845 2.37582 0 -1.19201 0 8.10958 1.2 -2.2 -1.72935 7.55845 2.37582 114 
20170507175914 -0.24635 -1.16195 0.104146 0 0 0 0.999793 -0.00173049 -0.0202861 0.00181732 0.999989 0.00426275 0.0202785 -0.00429873 0.999785 -0.24635 -1.16195 0.104146 -0.270781 -0.268813 -0.924347 0.999793 -0.00173049 -0.0202861 0.00181732 0.999989 0.00426275 0.0202785 -0.00429873 0.999785 8.68138 1.14811 0 1 1827 0 0 0 -1.19201 -0.0202799 8.10958 1.22 -2.18 -1.59466 7.6157 2.28548 0 -1.19201 0 8.10958 1.22 -2.18 -1.59466 7.6157 2.28548 114.1 
20170507175914 -0.286535 -1.26194 0.113476 0 0 0 0.999755 -0.00187037 -0.0220328 0.00198006 0.999986 0.00495734 0.0220232 -0.00499975 0.999745 -0.286535 -1.26194 0.113476 -0.252094 -0.255662 -0.93332 0.999755 -0.00187037 -0.0220328 0.00198006 0.999986 0.00495734 0.0220232 -0.00499975 0.999745 9.59633 1.3723 0 1 1827 0 0 0 -1.19201 -0.022025 8.10958 1.21 -2.18 -1.63816 7.58745 2.34783 0 -1.19201 0 8.10958 1.21 -2.18 -1.63816 7.58745 2.34783 114 
20170507175914 -0.452593 -1.37523 0.0270691 0 0 0 0.999712 -0.00028285 -0.0240029 0.000472308 0.999969 0.00788781 0.0239999 -0.00789688 0.999681 -0.452593 -1.37523 0.0270691 -0.269017 -0.271582 -0.924053 0.999712 -0.00028285 -0.0240029 0.000472308 0.999969 0.00788781 0.0239999 -0.00789688 0.999681 10.894 1.73343 0 1 1827 0 0 0 -1.1919 -0.0240022 8.10958 1.23 -2.19 -1.57315 7.64319 2.20729 0 -1.1919 0 8.10958 1.23 -2.19 -1.57315 7.64319 2.20729 114.1 
20170507175914 -0.408574 -1.41478 0.0638048 0 0 0 0.999695 -0.000937513 -0.0246974 0.00111326 0.999974 0.00710341 0.0246901 -0.00712873 0.99967 -0.408574 -1.41478 0.0638048 -0.28961 -0.267389 -0.919037 0.999695 -0.000937513 -0.0246974 0.00111326 0.999974 0.00710341 0.0246901 -0.00712873 0.99967 11.6311 2.19408 0 1 1827 0 0 0 -1.1919 -0.0246926 8.10958 1.19 -2.19 -1.74929 7.52868 2.45443 0 -1.1919 0 8.10958 1.19 -2.19 -1.74929 7.52868 2.45443 114 
20170507175914 -0.160761 -2.13032 0.354333 0 0 0 0.99929 -0.00607992 -0.037189 0.00617997 0.999978 0.00257587 0.0371725 -0.00280387 0.999305 -0.160761 -2.13032 0.354333 0.461961 0.0610279 -0.884798 0.99929 -0.00607992 -0.037189 0.00617997 0.999978 0.00257587 0.0371725 -0.00280387 0.999305 12.7354 2.70422 0 1 1826 0 0 0 -1.21394 -0.037181 8.10958 1.22 -2.22 -1.68478 7.6157 2.21989 0 -1.21394 0 8.10958 1.22 -2.22 -1.68478 7.6157 2.21989 114.1 
20170507175914 0.13017 -2.16946 0.303965 0 0 0 0.999269 -0.00539115 -0.0378426 0.00530136 0.999983 -0.00247269 0.0378552 0.00227027 0.999281 0.13017 -2.16946 0.303965 0.183896 0.071478 -0.980343 0.999269 -0.00539115 -0.0378426 0.00530136 0.999983 -0.00247269 0.0378552 0.00227027 0.999281 13.09 3.2254 0 1 1826 0 0 0 -1.21394 -0.0378643 8.10958 1.18 -2.23 -1.89206 7.49817 2.4419 0 -1.21394 0 8.10958 1.18 -2.23 -1.89206 7.49817 2.4419 114.2 
20170507175915 -0.0218888 -1.44088 0.101759 0 0 0 0.999682 -0.00176642 -0.0251461 0.00177547 0.999998 0.000337371 0.0251455 -0.00038191 0.999684 -0.0218888 -1.44088 0.101759 0.291172 -0.053703 0.955162 0.999682 -0.00176642 -0.0251461 0.00177547 0.999998 0.000337371 0.0251455 -0.00038191 0.999684 13.1659 3.72901 0 1 1826 0 0 0 -1.21299 -0.0251481 8.10958 1.21 -2.24 -1.776 7.58745 2.24537 0 -1.21299 0 8.10958 1.21 -2.24 -1.776 7.58745 2.24537 114.1 
20170507175915 0.110073 -1.46119 0.220534 0 0 0 0.999667 -0.00389801 -0.0254923 0.00384778 0.999991 -0.00201927 0.0254999 0.00192051 0.999673 0.110073 -1.46119 0.220534 -0.243668 0.0429524 -0.968907 0.999667 -0.00389801 -0.0254923 0.00384778 0.999991 -0.00201927 0.0254999 0.00192051 0.999673 13.3837 4.20295 0 1 1826 0 0 0 -1.21394 -0.0255027 8.10958 1.18 -2.26 -1.96446 7.49817 2.38405 0 -1.21394 0 8.10958 1.18 -2.26 -1.96446 7.49817 2.38405 113.9 
20170507175915 0.106045 -1.37972 0.234862 0 0 0 0.999702 -0.00414366 -0.0240706 0.00409791 0.99999 -0.00194952 0.0240784 0.0018503 0.999708 0.106045 -1.37972 0.234862 -0.266027 0.0217219 -0.963721 0.999702 -0.00414366 -0.0240706 0.00409791 0.99999 -0.00194952 0.0240784 0.0018503 0.999708 13.4612 4.5652 0 1 1826 0 0 0 -1.21394 -0.0240807 8.10958 1.19 -2.26 -1.91668 7.52868 2.32607 0 -1.21394 0 8.10958 1.19 -2.26 -1.91668 7.52868 2.32607 114.1 
20170507175915 0.146876 -1.30577 0.327342 0 0 0 0.999724 -0.00577157 -0.022773 0.00571169 0.99998 -0.00269362 0.0227881 0.00256281 0.999737 0.146876 -1.30577 0.327342 -0.278762 0.0388586 -0.959574 0.999724 -0.00577157 -0.022773 0.00571169 0.99998 -0.00269362 0.0227881 0.00256281 0.999737 13.4777 4.81185 0 1 1826 0 0 0 -1.21429 -0.02279 8.10958 1.18 -2.27 -1.9882 7.49817 2.36429 0 -1.21429 0 8.10958 1.18 -2.27 -1.9882 7.49817 2.36429 114.1 
20170507175915 0.0913483 -1.38984 0.29858 0 0 0 0.999692 -0.00524984 -0.0242462 0.00520964 0.999985 -0.0017207 0.0242549 0.00159386 0.999705 0.0913483 -1.38984 0.29858 -0.268794 0.029333 -0.962751 0.999692 -0.00524984 -0.0242462 0.00520964 0.999985 -0.0017207 0.0242549 0.00159386 0.999705 14.1385 5.12681 0 1 1826 0 0 0 -1.21429 -0.0242573 8.14366 1.19 -2.26 -1.92473 7.56032 2.33584 0 -1.21429 0 8.14366 1.19 -2.26 -1.92473 7.56032 2.33584 114.1 
20170507175915 -0.240808 -1.48635 0.240476 0 0 0 0.999655 -0.00408804 -0.025956 0.00419568 0.999983 0.00409397 0.0259388 -0.00420146 0.999655 -0.240808 -1.48635 0.240476 -0.254589 -0.102789 -0.961571 0.999655 -0.00408804 -0.025956 0.00419568 0.999983 0.00409397 0.0259388 -0.00420146 0.999655 14.186 5.26267 0 1 1826 0 0 0 -1.21429 -0.0259418 8.14366 1.2 -2.27 -1.89923 7.59021 2.2585 0 -1.21429 0 8.14366 1.2 -2.27 -1.89923 7.59021 2.2585 114.2 
20170507175916 -0.585635 -1.36633 0.11062 0 0 0 0.999714 -0.00168686 -0.0238631 0.00193013 0.999946 0.010175 0.0238446 -0.0102182 0.999663 -0.585635 -1.36633 0.11062 -0.266392 -0.296003 -0.917288 0.999714 -0.00168686 -0.0238631 0.00193013 0.999946 0.010175 0.0238446 -0.0102182 0.999663 14.5509 5.44128 0 1 1826 0 0 0 -1.21429 -0.0238469 8.14366 1.2 -2.27 -1.89923 7.59021 2.2585 0 -1.21429 0 8.14366 1.2 -2.27 -1.89923 7.59021 2.2585 114.2 
20170507175916 -0.192044 -1.42913 0.231726 0 0 0 0.999681 -0.00396076 -0.0249537 0.00404312 0.999987 0.00325089 0.0249405 -0.00335075 0.999683 -0.192044 -1.42913 0.231726 -0.268655 -0.115902 -0.956238 0.999681 -0.00396076 -0.0249537 0.00404312 0.999987 0.00325089 0.0249405 -0.00335075 0.999683 14.3246 5.60953 0 1 1826 0 0 0 -1.21429 -0.0249431 8.14366 1.18 -2.27 -1.99655 7.52967 2.37422 0 -1.21429 0 8.14366 1.18 -2.27 -1.99655 7.52967 2.37422 114.1 
20170507175916 -0.102092 -1.35655 0.344746 0 0 0 0.999702 -0.00597472 -0.0236843 0.00601522 0.999981 0.00163936 0.023674 -0.00178134 0.999718 -0.102092 -1.35655 0.344746 -0.241592 -0.0453902 -0.969316 0.999702 -0.00597472 -0.0236843 0.00601522 0.999981 0.00163936 0.023674 -0.00178134 0.999718 13.4027 5.55843 0 1 1826 0 0 0 -1.19314 -0.0236762 8.14366 1.18 -2.27 -1.99655 7.52967 2.37422 0 -1.19314 0 8.14366 1.18 -2.27 -1.99655 7.52967 2.37422 114.2 
20170507175916 -0.175818 -1.25804 0.281866 0 0 0 0.999747 -0.00485208 -0.0219699 0.00491828 0.999984 0.00296055 0.0219551 -0.00306786 0.999754 -0.175818 -1.25804 0.281866 -0.221506 -0.0721336 -0.972488 0.999747 -0.00485208 -0.0219699 0.00491828 0.999984 0.00296055 0.0219551 -0.00306786 0.999754 12.6418 5.58217 0 1 1826 0 0 0 -1.19201 -0.0219569 8.14366 1.21 -2.26 -1.82819 7.61933 2.21869 0 -1.19201 0 8.14366 1.21 -2.26 -1.82819 7.61933 2.21869 114.2 
20170507175916 -0.0663916 -0.940292 0.201433 0 0 0 0.999859 -0.00349664 -0.0164144 0.00351519 0.999993 0.00110105 0.0164105 -0.0011586 0.999865 -0.0663916 -0.940292 0.201433 -0.240937 0.00806267 -0.970507 0.999859 -0.00349664 -0.0164144 0.00351519 0.999993 0.00110105 0.0164105 -0.0011586 0.999865 11.7709 5.5731 0 1 1826 0 0 0 -1.19314 -0.0164112 8.10958 1.22 -2.25 -1.75061 7.6157 2.16835 0 -1.19314 0 8.10958 1.22 -2.25 -1.75061 7.6157 2.16835 114.1 
20170507175916 -0.0370724 -0.866938 0.309332 0 0 0 0.999871 -0.00538905 -0.0151336 0.00539822 0.999985 0.00056534 0.0151303 -0.000646962 0.999885 -0.0370724 -0.866938 0.309332 -0.202185 -0.00973025 -0.979299 0.999871 -0.00538905 -0.0151336 0.00539822 0.999985 0.00056534 0.0151303 -0.000646962 0.999885 10.8648 5.51285 0 1 1826 0 0 0 -1.19314 -0.0151309 8.10958 1.2 -2.26 -1.8687 7.55845 2.26785 0 -1.19314 0 8.10958 1.2 -2.26 -1.8687 7.55845 2.26785 113.9 
20170507175917 -0.372036 -1.00126 0.801435 0 0 0 0.99975 -0.0138735 -0.0175631 0.0139851 0.999883 0.00624816 0.0174744 -0.00649222 0.999826 -0.372036 -1.00126 0.801435 -0.055753 -0.125445 -0.990533 0.99975 -0.0138735 -0.0175631 0.0139851 0.999883 0.00624816 0.0174744 -0.00649222 0.999826 9.98541 5.33143 0 1 1826 0 0 0 -1.19314 -0.0174753 8.10958 1.2 -2.25 -1.84593 7.55845 2.28642 0 -1.19314 0 8.10958 1.2 -2.25 -1.84593 7.55845 2.28642 114.1 
20170507175917 -0.0443897 -0.72909 0.350956 0 0 0 0.9999 -0.00611545 -0.0127292 0.00612481 0.999981 0.000696789 0.0127247 -0.000774683 0.999919 -0.0443897 -0.72909 0.350956 -0.141242 0.00829307 -0.98994 0.9999 -0.00611545 -0.0127292 0.00612481 0.999981 0.000696789 0.0127247 -0.000774683 0.999919 9.65539 5.30276 0 1 1826 0 0 0 -1.19201 -0.012725 8.10958 1.21 -2.24 -1.776 7.58745 2.24537 0 -1.19201 0 8.10958 1.21 -2.24 -1.776 7.58745 2.24537 114.1 
20170507175917 -0.0856948 -0.603619 0.312972 0 0 0 0.99993 -0.0054466 -0.0105429 0.00546206 0.999984 0.00143809 0.0105349 -0.00149557 0.999943 -0.0856948 -0.603619 0.312972 -0.140127 0.0254916 -0.989805 0.99993 -0.0054466 -0.0105429 0.00546206 0.999984 0.00143809 0.0105349 -0.00149557 0.999943 9.43546 5.08379 0 1 1826 0 0 0 -1.19201 -0.0105351 8.10958 1.21 -2.23 -1.75345 7.58745 2.26302 0 -1.19201 0 8.10958 1.21 -2.23 -1.75345 7.58745 2.26302 114.1 
20170507175917 -0.0638169 -0.473133 0.303078 0 0 0 0.999952 -0.00528048 -0.00826341 0.0052895 0.999985 0.00107012 0.00825764 -0.00111378 0.999965 -0.0638169 -0.473133 0.303078 -0.12018 0.0281128 -0.992354 0.999952 -0.00528048 -0.00826341 0.0052895 0.999985 0.00107012 0.00825764 -0.00111378 0.999965 8.94511 4.72975 0 1 1826 0 0 0 -1.19201 -0.00825774 8.10958 1.23 -2.22 -1.63866 7.64319 2.15911 0 -1.19201 0 8.10958 1.23 -2.22 -1.63866 7.64319 2.15911 114 
20170507175917 -0.107261 -0.467099 0.557649 0 0 0 0.999919 -0.00971738 -0.00817015 0.00973234 0.999951 0.00179262 0.00815233 -0.00187199 0.999965 -0.107261 -0.467099 0.557649 -0.0862867 0.0273932 -0.995894 0.999919 -0.00971738 -0.00817015 0.00973234 0.999951 0.00179262 0.00815233 -0.00187199 0.999965 9.26449 4.60554 0 1 1825 0 0 0 -1.17073 -0.00815242 8.10958 1.24 -2.22 -1.59237 7.66991 2.09812 0 -1.17073 0 8.10958 1.24 -2.22 -1.59237 7.66991 2.09812 114.1 
20170507175917 -1.54913 -0.654866 0.600138 0 0 0 0.99988 -0.0101614 -0.0117077 0.0104735 0.999583 0.026913 0.0114293 -0.0270324 0.999569 -1.54913 -0.654866 0.600138 -0.041922 -0.393017 -0.918575 0.99988 -0.0101614 -0.0117077 0.0104735 0.999583 0.026913 0.0114293 -0.0270324 0.999569 9.78369 4.5907 0 1 1825 0 0 0 -1.17073 -0.0114296 8.10958 1.22 -2.22 -1.68478 7.6157 2.21989 0 -1.17073 0 8.10958 1.22 -2.22 -1.68478 7.6157 2.21989 114.1 
20170507175918 -1.69125 -0.598854 0.662358 0 0 0 0.999879 -0.0112466 -0.0107877 0.0115594 0.999501 0.0293908 0.0104518 -0.0295119 0.99951 -1.69125 -0.598854 0.662358 -0.0307465 -0.4188 -0.907558 0.999879 -0.0112466 -0.0107877 0.0115594 0.999501 0.0293908 0.0104518 -0.0295119 0.99951 9.93943 4.58973 0 1 1825 0 0 0 -1.17073 -0.010452 8.10958 1.21 -2.22 -1.73074 7.58745 2.28044 0 -1.17073 0 8.10958 1.21 -2.22 -1.73074 7.58745 2.28044 114.1 
20170507175918 -0.574432 0.0365905 0.425334 0 0 0 0.999972 -0.00742944 0.000564152 0.0074234 0.999922 0.01003 -0.000638625 -0.0100256 0.99995 -0.574432 0.0365905 0.425334 -0.16359 -0.128352 -0.978143 0.999972 -0.00742944 0.000564152 0.0074234 0.999922 0.01003 -0.000638625 -0.0100256 0.99995 10.0456 4.66971 0 1 1823 0 0 0 -1.17073 0.000638625 8.10958 1.22 -2.22 -1.68478 7.6157 2.21989 0 -1.17073 0 8.10958 1.22 -2.22 -1.68478 7.6157 2.21989 114.2 
20170507175918 -1.28617 -0.840075 0.80414 0 0 0 0.999794 -0.0137018 -0.0149714 0.0140329 0.999654 0.022238 0.0146616 -0.0224436 0.999641 -1.28617 -0.840075 0.80414 0.118095 -0.297443 -0.947408 0.999794 -0.0137018 -0.0149714 0.0140329 0.999654 0.022238 0.0146616 -0.0224436 0.999641 10.6859 4.9226 0 1 1822 0 0 0 -1.17073 -0.0146621 8.10958 1.22 -2.22 -1.68478 7.6157 2.21989 0 -1.17073 0 8.10958 1.22 -2.22 -1.68478 7.6157 2.21989 114 
20170507175918 -1.50147 -0.524879 0.334285 0 0 0 0.999941 -0.0055923 -0.0093103 0.00583409 0.999641 0.0261488 0.00916073 -0.0262015 0.999615 -1.50147 -0.524879 0.334285 -0.0604844 -0.259207 -0.963926 0.999941 -0.0055923 -0.0093103 0.00583409 0.999641 0.0261488 0.00916073 -0.0262015 0.999615 11.3295 5.20256 0 1 1822 0 0 0 -1.17073 -0.00916086 8.10958 1.21 -2.23 -1.75345 7.58745 2.26302 0 -1.17073 0 8.10958 1.21 -2.23 -1.75345 7.58745 2.26302 114.1 
20170507175918 -1.94412 -0.721547 0.373569 0 0 0 0.999899 -0.006089 -0.0128067 0.00651945 0.999406 0.0338421 0.012593 -0.0339222 0.999345 -1.94412 -0.721547 0.373569 -0.025957 -0.355357 -0.93437 0.999899 -0.006089 -0.0128067 0.00651945 0.999406 0.0338421 0.012593 -0.0339222 0.999345 11.7952 5.51144 0 1 1822 0 0 0 -1.17073 -0.0125934 8.14366 1.23 -2.23 -1.66714 7.6753 2.15162 0 -1.17073 0 8.14366 1.23 -2.23 -1.66714 7.6753 2.15162 114.1 
20170507175918 -1.46 -0.992409 0.924165 0 0 0 0.99972 -0.0156826 -0.017723 0.0161266 0.999552 0.0251964 0.0173199 -0.0254752 0.999525 -1.46 -0.992409 0.924165 0.125211 -0.306432 -0.943622 0.99972 -0.0156826 -0.017723 0.0161266 0.999552 0.0251964 0.0173199 -0.0254752 0.999525 12.0984 5.68101 0 1 1822 0 0 0 -1.17184 -0.0173208 8.14366 1.22 -2.23 -1.71407 7.6477 2.21218 0 -1.17184 0 8.14366 1.22 -2.23 -1.71407 7.6477 2.21218 114.1 
20170507175919 -0.997447 -0.154304 0.362159 0 0 0 0.999976 -0.00627298 -0.00280268 0.0063208 0.999829 0.0173905 0.00269311 -0.0174078 0.999845 -0.997447 -0.154304 0.362159 -0.142076 -0.119589 -0.982605 0.999976 -0.00627298 -0.00280268 0.0063208 0.999829 0.0173905 0.00269311 -0.0174078 0.999845 12.4317 5.78531 0 1 1822 0 0 0 -1.17184 -0.00269311 8.14366 1.22 -2.24 -1.7361 7.6477 2.19493 0 -1.17184 0 8.14366 1.22 -2.24 -1.7361 7.6477 2.19493 114.1 
20170507175919 -0.928287 -0.0617505 0.354619 0 0 0 0.99998 -0.00617096 -0.00117786 0.00618923 0.99985 0.016194 0.00107775 -0.0162009 0.999868 -0.928287 -0.0617505 0.354619 -0.151441 -0.103785 -0.983003 0.99998 -0.00617096 -0.00117786 0.00618923 0.99985 0.016194 0.00107775 -0.0162009 0.999868 12.6873 5.94772 0 1 1822 0 0 0 -1.17066 -0.00107775 8.14366 1.22 -2.24 -1.7361 7.6477 2.19493 0 -1.17066 0 8.14366 1.22 -2.24 -1.7361 7.6477 2.19493 114 
20170507175919 -1.09596 -0.0991653 0.405145 0 0 0 0.999974 -0.00703666 -0.00186565 0.00707105 0.999792 0.0191143 0.00173076 -0.019127 0.999816 -1.09596 -0.0991653 0.405145 -0.132036 -0.132061 -0.982409 0.999974 -0.00703666 -0.00186565 0.00707105 0.999792 0.0191143 0.00173076 -0.019127 0.999816 13.1013 6.10749 0 1 1822 0 0 0 -1.17066 -0.00173076 8.14366 1.21 -2.24 -1.78346 7.61933 2.25481 0 -1.17066 0 8.14366 1.21 -2.24 -1.78346 7.61933 2.25481 113.9 
20170507175919 -0.975803 -0.0865581 0.389093 0 0 0 0.999976 -0.00676418 -0.00162612 0.00679089 0.999832 0.0170195 0.00151072 -0.0170301 0.999854 -0.975803 -0.0865581 0.389093 -0.150152 -0.101883 -0.983399 0.999976 -0.00676418 -0.00162612 0.00679089 0.999832 0.0170195 0.00151072 -0.0170301 0.999854 13.639 6.43839 0 1 1822 0 0 0 -1.17066 -0.00151072 8.14366 1.22 -2.24 -1.7361 7.6477 2.19493 0 -1.17066 0 8.14366 1.22 -2.24 -1.7361 7.6477 2.19493 114.1 
20170507175919 -1.0792 -0.247407 0.366706 0 0 0 0.99997 -0.00631772 -0.00443774 0.00640012 0.999803 0.0188064 0.00431805 -0.0188342 0.999813 -1.0792 -0.247407 0.366706 -0.125912 -0.114631 -0.985396 0.99997 -0.00631772 -0.00443774 0.00640012 0.999803 0.0188064 0.00431805 -0.0188342 0.999813 14.1537 6.72308 0 1 1822 0 0 0 -1.17066 -0.00431807 8.14366 1.22 -2.23 -1.71407 7.6477 2.21218 0 -1.17066 0 8.14366 1.22 -2.23 -1.71407 7.6477 2.21218 114.1 
20170507175919 -0.332152 -1.31402 0.642331 0 0 0 0.999674 -0.0110774 -0.0229952 0.0112076 0.999922 0.00553966 0.022932 -0.00579558 0.99972 -0.332152 -1.31402 0.642331 0.0943841 -0.000165488 -0.995536 0.999674 -0.0110774 -0.0229952 0.0112076 0.999922 0.00553966 0.022932 -0.00579558 0.99972 14.6787 7.04182 0 1 1821 0 0 0 -1.17066 -0.022934 8.14366 1.23 -2.23 -1.66714 7.6753 2.15162 0 -1.17066 0 8.14366 1.23 -2.23 -1.66714 7.6753 2.15162 114.1 
20170507175920 -0.408467 -1.56242 0.60054 0 0 0 0.999573 -0.0102866 -0.0273385 0.0104773 0.999922 0.00684287 0.027266 -0.00712639 0.999603 -0.408467 -1.56242 0.60054 0.121505 -0.0222929 -0.99234 0.999573 -0.0102866 -0.0273385 0.0104773 0.999922 0.00684287 0.027266 -0.00712639 0.999603 15.0421 7.68903 0 1 1821 0 0 0 -1.17184 -0.0272693 8.14366 1.23 -2.22 -1.64554 7.6753 2.16819 0 -1.17184 0 8.14366 1.23 -2.22 -1.64554 7.6753 2.16819 114.1 
20170507175920 -0.416858 -1.5737 0.640828 0 0 0 0.99956 -0.0109842 -0.0275417 0.0111801 0.999913 0.00696789 0.0274627 -0.00727274 0.999596 -0.416858 -1.5737 0.640828 0.133252 -0.0206129 -0.990868 0.99956 -0.0109842 -0.0275417 0.0111801 0.999913 0.00696789 0.0274627 -0.00727274 0.999596 15.2797 7.78067 0 1 1821 0 0 0 -1.19314 -0.0274662 8.14366 1.22 -2.22 -1.69186 7.6477 2.22921 0 -1.19314 0 8.14366 1.22 -2.22 -1.69186 7.6477 2.22921 114 
20170507175920 -0.324048 -1.76559 0.53034 0 0 0 0.999482 -0.00908165 -0.0308611 0.00925165 0.999943 0.00537025 0.0308105 -0.00565298 0.999509 -0.324048 -1.76559 0.53034 0.143346 -0.00632318 -0.989652 0.999482 -0.00908165 -0.0308611 0.00925165 0.999943 0.00537025 0.0308105 -0.00565298 0.999509 15.6331 8.11557 0 1 1821 0 0 0 -1.19314 -0.0308154 8.14366 1.22 -2.2 -1.64694 7.6477 2.2626 0 -1.19314 0 8.14366 1.22 -2.2 -1.64694 7.6477 2.2626 114 
20170507175920 -0.101867 -0.596818 0.4478 0 0 0 0.999915 -0.00779698 -0.0104298 0.00781508 0.999968 0.00169646 0.0104163 -0.00177782 0.999944 -0.101867 -0.596818 0.4478 -0.0628052 0.0165962 -0.997888 0.999915 -0.00779698 -0.0104298 0.00781508 0.999968 0.00169646 0.0104163 -0.00177782 0.999944 15.5918 8.31635 0 1 1821 0 0 0 -1.19283 -0.0104164 8.14366 1.23 -2.19 -1.57976 7.6753 2.21657 0 -1.19283 0 8.14366 1.23 -2.19 -1.57976 7.6753 2.21657 113.9 
20170507175920 -0.0926787 -0.960691 0.511498 0 0 0 0.99982 -0.00890008 -0.0167802 0.00892595 0.999959 0.00146781 0.0167664 -0.00161732 0.999858 -0.0926787 -0.960691 0.511498 0.0212438 0.0240476 -0.999485 0.99982 -0.00890008 -0.0167802 0.00892595 0.999959 0.00146781 0.0167664 -0.00161732 0.999858 15.84 8.461 0 1 1820 0 0 0 -1.1919 -0.0167672 8.14366 1.21 -2.18 -1.64504 7.61933 2.35769 0 -1.1919 0 8.14366 1.21 -2.18 -1.64504 7.61933 2.35769 114 
20170507175920 0.0545688 -1.05224 0.522253 0 0 0 0.99979 -0.0091324 -0.0183546 0.00911338 0.999958 -0.00111975 0.0183641 0.000952244 0.999831 0.0545688 -1.05224 0.522253 0.0311931 0.040335 -0.998699 0.99979 -0.0091324 -0.0183546 0.00911338 0.999958 -0.00111975 0.0183641 0.000952244 0.999831 16.0555 8.70068 0 1 1820 0 0 0 -1.1919 -0.0183651 8.14366 1.22 -2.18 -1.60136 7.6477 2.29509 0 -1.1919 0 8.14366 1.22 -2.18 -1.60136 7.6477 2.29509 114 
20170507175921 0.123629 -1.5759 0.584115 0 0 0 0.99957 -0.0102539 -0.0274778 0.0101907 0.999945 -0.00243798 0.0275013 0.00215691 0.999619 0.123629 -1.5759 0.584115 0.142498 0.0446793 -0.988786 0.99957 -0.0102539 -0.0274778 0.0101907 0.999945 -0.00243798 0.0275013 0.00215691 0.999619 16.1635 8.80242 0 1 1820 0 0 0 -1.19314 -0.0275047 8.14366 1.21 -2.17 -1.62138 7.61933 2.37402 0 -1.19314 0 8.14366 1.21 -2.17 -1.62138 7.61933 2.37402 114 
20170507175921 -0.0206933 -0.745518 0.50978 0 0 0 0.999876 -0.00889253 -0.0130141 0.00889647 0.99996 0.000245387 0.0130114 -0.000361136 0.999915 -0.0206933 -0.745518 0.50978 0.0157788 0.0315464 -0.999378 0.999876 -0.00889253 -0.0130141 0.00889647 0.99996 0.000245387 0.0130114 -0.000361136 0.999915 16.2238 8.52027 0 1 1820 0 0 0 -1.19314 -0.0130117 8.14366 1.21 -2.17 -1.62138 7.61933 2.37402 0 -1.19314 0 8.14366 1.21 -2.17 -1.62138 7.61933 2.37402 113.9 
20170507175921 -0.0235149 -0.428508 0.544754 0 0 0 0.999927 -0.00950454 -0.00748237 0.00950734 0.999955 0.000339288 0.0074788 -0.000410401 0.999972 -0.0235149 -0.428508 0.544754 0.00793383 0.0388837 -0.999212 0.999927 -0.00950454 -0.00748237 0.00950734 0.999955 0.000339288 0.0074788 -0.000410401 0.999972 16.4317 8.24085 0 1 1820 0 0 0 -1.17184 -0.00747887 8.14366 1.22 -2.17 -1.57833 7.6477 2.31099 0 -1.17184 0 8.14366 1.22 -2.17 -1.57833 7.6477 2.31099 114 
20170507175921 -0.527173 0.287895 0.128159 0 0 0 0.999985 -0.00228293 0.0050039 0.00223677 0.999955 0.00921199 -0.0050247 -0.00920066 0.999945 -0.527173 0.287895 0.128159 -0.0725286 -0.0403096 -0.996551 0.999985 -0.00228293 0.0050039 0.00223677 0.999955 0.00921199 -0.0050247 -0.00920066 0.999945 16.8221 8.1776 0 1 1818 0 0 0 -1.17184 0.00502472 8.14366 1.23 -2.17 -1.53512 7.6753 2.24772 0 -1.17184 0 8.14366 1.23 -2.17 -1.53512 7.6753 2.24772 114.1 
20170507175921 -0.564229 0.401862 0.515011 0 0 0 0.999935 -0.00905715 0.00692462 0.0089883 0.99991 0.00991015 -0.00701376 -0.00984726 0.999927 -0.564229 0.401862 0.515011 -0.0581207 -0.0556079 -0.99676 0.999935 -0.00905715 0.00692462 0.0089883 0.99991 0.00991015 -0.00701376 -0.00984726 0.999927 17.3719 8.54624 0 1 1815 0 0 0 -1.1504 0.00701382 8.14366 1.23 -2.17 -1.53512 7.6753 2.24772 0 -1.1504 0 8.14366 1.23 -2.17 -1.53512 7.6753 2.24772 114.2 
20170507175921 0.137774 -0.108516 0.501352 0 0 0 0.99996 -0.00875465 -0.00187284 0.00875011 0.999959 -0.00242109 0.00189396 0.0024046 0.999995 0.137774 -0.108516 0.501352 0.0262948 0.0409291 -0.998816 0.99996 -0.00875465 -0.00187284 0.00875011 0.999959 -0.00242109 0.00189396 0.0024046 0.999995 18.0057 8.95419 0 1 1813 0 0 0 -1.1504 -0.00189396 8.14366 1.23 -2.19 -1.57976 7.6753 2.21657 0 -1.1504 0 8.14366 1.23 -2.19 -1.57976 7.6753 2.21657 114.1 
20170507175922 -0.403006 0.199482 0.241915 0 0 0 0.999985 -0.00424659 0.00345179 0.00422218 0.999966 0.00704837 -0.00348161 -0.00703369 0.999969 -0.403006 0.199482 0.241915 -0.0234384 -0.0323611 -0.999201 0.999985 -0.00424659 0.00345179 0.00422218 0.999966 0.00704837 -0.00348161 -0.00703369 0.999969 18.5566 9.26911 0 1 1812 0 0 0 -1.1504 0.00348162 8.14366 1.21 -2.19 -1.66854 7.61933 2.34112 0 -1.1504 0 8.14366 1.21 -2.19 -1.66854 7.61933 2.34112 114.2 
20170507175922 0.146298 -0.106659 0.415304 0 0 0 0.999972 -0.00725308 -0.00184299 0.00724834 0.99997 -0.00256681 0.00186155 0.00255338 0.999995 0.146298 -0.106659 0.415304 -0.00662284 0.0406062 -0.999153 0.999972 -0.00725308 -0.00184299 0.00724834 0.99997 -0.00256681 0.00186155 0.00255338 0.999995 19.2449 9.70486 0 1 1810 0 0 0 -1.17159 -0.00186155 8.14366 1.2 -2.2 -1.73662 7.59021 2.38581 0 -1.17159 0 8.14366 1.2 -2.2 -1.73662 7.59021 2.38581 113.9 
20170507175922 0.273451 0.133704 0.345145 0 0 0 0.999979 -0.00601268 0.00236226 0.00602387 0.999971 -0.00475845 -0.00233358 0.00477258 0.999986 0.273451 0.133704 0.345145 -0.0748711 0.0191056 -0.99701 0.999979 -0.00601268 0.00236226 0.00602387 0.999971 -0.00475845 -0.00233358 0.00477258 0.999986 19.8405 10.096 0 1 1809 0 0 0 -1.17159 0.00233358 8.14366 1.2 -2.2 -1.73662 7.59021 2.38581 0 -1.17159 0 8.14366 1.2 -2.2 -1.73662 7.59021 2.38581 114 
20170507175922 0.32716 -0.423639 0.391246 -0.0333017 0.0156686 -0.999323 0.999949 -0.00687059 -0.00735455 0.0068283 0.99996 -0.00576034 0.00739384 0.00570983 0.999956 0.32716 -0.423639 0.391246 -0.0333017 0.0156686 -0.999323 0.999949 -0.00687059 -0.00735455 0.0068283 0.99996 -0.00576034 0.00739384 0.00570983 0.999956 20.5918 10.9035 1 1 1809 0 0 0 -1.17159 -0.0073939 8.14366 1.2 -2.19 -1.71267 7.59021 2.40305 0 -1.17159 0 10.7128 0.766875 0.152828 7.62422 7.43352 -1.17435 114.2 
20170507175922 0.539802 -1.11569 0.692302 0.0301907 0.0260055 -0.999206 0.999737 -0.0122656 -0.0193551 0.0120804 0.99988 -0.00965576 0.0194712 0.0094194 0.999766 0.539802 -1.11569 0.692302 0.0301907 0.0260055 -0.999206 0.999737 -0.0122656 -0.0193551 0.0120804 0.99988 -0.00965576 0.0194712 0.0094194 0.999766 21.4507 11.8655 1 1 1807 0 0 0 -1.1919 -0.0194725 8.14366 1.19 -2.2 -1.7812 7.56032 2.44705 0 -1.1919 0 10.5001 0.768776 0.204072 7.39047 7.30026 -1.52948 114 
20170507175922 -1.15873 -1.45632 0.18884 0.0509465 -0.183738 -0.981654 0.999672 -0.00278126 -0.0254762 0.00329481 0.999792 0.0201385 0.0254149 -0.0202158 0.999473 -1.15873 -1.45632 0.18884 0.0509465 -0.183738 -0.981654 0.999672 -0.00278126 -0.0254762 0.00329481 0.999792 0.0201385 0.0254149 -0.0202158 0.999473 22.2218 12.9872 1 1 1807 0 0 0 -1.19283 -0.0254177 8.14366 1.19 -2.2 -1.7812 7.56032 2.44705 0 -1.19283 0 11.9257 0.907587 0.226533 7.15447 9.3977 -1.64903 113.9 
20170507175923 -0.252316 -0.88216 0.434571 -0.0356992 -0.0240258 -0.999074 0.999853 -0.00751676 -0.0154288 0.00758373 0.999962 0.00428684 0.015396 -0.00440321 0.999872 -0.252316 -0.88216 0.434571 -0.0356992 -0.0240258 -0.999074 0.999853 -0.00751676 -0.0154288 0.00758373 0.999962 0.00428684 0.015396 -0.00440321 0.999872 23.4053 13.8589 1 1 1800 0 0 0 -1.19314 -0.0153966 8.14366 1.19 -2.19 -1.75664 7.56032 2.46474 0 -1.19314 0 10.9699 0.791048 0.115314 7.6617 7.80058 -0.887439 114.1 
