20170507011625 0.451554 -0.164468 0.13972 0 0 0 0.999993 -0.00246112 -0.00285118 0.00243857 0.999966 -0.007888 0.0028705 0.00788099 0.999965 0.451554 -0.164468 0.13972 -0.621803 0.303345 -0.722041 0.999993 -0.00246112 -0.00285118 0.00243857 0.999966 -0.007888 0.0028705 0.00788099 0.999965 3.87335 3.04598 0 1 1962 0 0 0 
20170507011626 0.566743 -0.740571 -0.373894 0 0 0 0.999895 0.00639747 -0.0129887 -0.00652509 0.999931 -0.00980682 0.0129251 0.00989055 0.999868 0.566743 -0.740571 -0.373894 0.488632 -0.577396 -0.654105 0.999895 0.00639747 -0.0129887 -0.00652509 0.999931 -0.00980682 0.0129251 0.00989055 0.999868 5.99228 2.54183 0 1 1961 0 0 0 
20170507011626 0.0459768 -0.782977 -0.0838251 0 0 0 0.999906 0.00145206 -0.0136663 -0.00146289 0.999999 -0.000782453 0.0136651 0.000802371 0.999906 0.0459768 -0.782977 -0.0838251 0.175166 -0.892371 -0.415921 0.999906 0.00145206 -0.0136663 -0.00146289 0.999999 -0.000782453 0.0136651 0.000802371 0.999906 7.84476 2.28842 0 1 1947 0 0 0 
20170507011626 -0.585151 -0.679774 -0.180282 0 0 0 0.999925 0.0032675 -0.0118312 -0.00314628 0.999943 0.0102499 0.011864 -0.0102119 0.999877 -0.585151 -0.679774 -0.180282 -0.0231475 -0.982746 -0.183509 0.999925 0.0032675 -0.0118312 -0.00314628 0.999943 0.0102499 0.011864 -0.0102119 0.999877 9.69779 2.31129 0 1 1940 0 0 0 
20170507011626 0.106755 -0.760933 -0.203489 0 0 0 0.999906 0.0035268 -0.0132869 -0.00355124 0.999992 -0.00181605 0.0132804 0.00186306 0.99991 0.106755 -0.760933 -0.203489 0.0142853 -0.922547 -0.385621 0.999906 0.0035268 -0.0132869 -0.00355124 0.999992 -0.00181605 0.0132804 0.00186306 0.99991 10.8811 2.48714 0 1 1936 0 0 0 
20170507011626 0.805955 -0.648437 -0.342748 0 0 0 0.999918 0.00582227 -0.0113999 -0.00598166 0.999884 -0.0139982 0.0113171 0.0140652 0.999837 0.805955 -0.648437 -0.342748 -0.0092174 -0.771054 -0.636703 0.999918 0.00582227 -0.0113999 -0.00598166 0.999884 -0.0139982 0.0113171 0.0140652 0.999837 11.4487 2.65641 0 1 1935 0 0 0 
20170507011627 0.46126 -0.645463 -0.333987 0 0 0 0.99992 0.00573827 -0.0113116 -0.00582878 0.999951 -0.00798461 0.0112652 0.0080499 0.999904 0.46126 -0.645463 -0.333987 -0.0035378 -0.824077 -0.566467 0.99992 0.00573827 -0.0113116 -0.00582878 0.999951 -0.00798461 0.0112652 0.0080499 0.999904 11.5702 2.73887 0 1 1930 0 0 0 
20170507011627 0.472251 -0.549442 -0.330276 0 0 0 0.999937 0.00568513 -0.00963646 -0.0057641 0.99995 -0.00818683 0.00958943 0.00824186 0.99992 0.472251 -0.549442 -0.330276 0.0111313 -0.810809 -0.585205 0.999937 0.00568513 -0.00963646 -0.0057641 0.99995 -0.00818683 0.00958943 0.00824186 0.99992 11.009 2.71017 0 1 1930 0 0 0 
20170507011627 0.544821 -0.642474 -0.353018 0 0 0 0.999918 0.00605439 -0.0112709 -0.0061609 0.999936 -0.00943951 0.011213 0.00950817 0.999892 0.544821 -0.642474 -0.353018 0.0318113 -0.783859 -0.620124 0.999918 0.00605439 -0.0112709 -0.0061609 0.999936 -0.00943951 0.011213 0.00950817 0.999892 10.8492 2.59408 0 1 1930 0 0 0 
20170507011627 -0.437798 -1.12132 0.263772 0 0 0 0.999798 -0.00445402 -0.0196038 0.0046028 0.999961 0.00755077 0.0195694 -0.00763947 0.999779 -0.437798 -1.12132 0.263772 0.289606 -0.938758 -0.186711 0.999798 -0.00445402 -0.0196038 0.0046028 0.999961 0.00755077 0.0195694 -0.00763947 0.999779 10.8499 2.47881 0 1 1929 0 0 0 
20170507011627 -0.326774 -1.17761 0.267448 0 0 0 0.999778 -0.00455055 -0.0205777 0.00466685 0.999973 0.00560726 0.0205517 -0.00570205 0.999773 -0.326774 -1.17761 0.267448 0.330698 -0.922978 -0.196852 0.999778 -0.00455055 -0.0205777 0.00466685 0.999973 0.00560726 0.0205517 -0.00570205 0.999773 10.6598 2.36993 0 1 1929 0 0 0 
20170507011628 0.0109662 -1.26404 0.464953 0 0 0 0.999724 -0.0081191 -0.0220576 0.0081129 0.999967 -0.000370404 0.0220599 0.00019135 0.999757 0.0109662 -1.26404 0.464953 0.376882 -0.878966 -0.292198 0.999724 -0.0081191 -0.0220576 0.0081129 0.999967 -0.000370404 0.0220599 0.00019135 0.999757 10.0318 2.45154 0 1 1927 0 0 0 
20170507011628 0.0432641 -1.18585 0.298075 0 0 0 0.999772 -0.005218 -0.0206914 0.00520126 0.999986 -0.000862756 0.0206956 0.000754939 0.999786 0.0432641 -1.18585 0.298075 0.437294 -0.852362 -0.286799 0.999772 -0.005218 -0.0206914 0.00520126 0.999986 -0.000862756 0.0206956 0.000754939 0.999786 8.98584 2.3767 0 1 1927 0 0 0 
20170507011628 0.048169 -1.34961 -0.00482964 0 0 0 0.999723 6.4492e-05 -0.0235531 -8.42698e-05 1 -0.000838722 0.023553 0.000840474 0.999722 0.048169 -1.34961 -0.00482964 0.621334 -0.705689 -0.340509 0.999723 6.4492e-05 -0.0235531 -8.42698e-05 1 -0.000838722 0.023553 0.000840474 0.999722 8.19512 2.47582 0 1 1927 0 0 0 
20170507011628 0.0276703 -1.20125 -0.102157 0 0 0 0.999779 0.00177284 -0.020965 -0.00178258 0.999998 -0.000445559 0.0209642 0.000482832 0.99978 0.0276703 -1.20125 -0.102157 0.642306 -0.688988 -0.335766 0.999779 0.00177284 -0.020965 -0.00178258 0.999998 -0.000445559 0.0209642 0.000482832 0.99978 7.26504 2.42315 0 1 1927 0 0 0 
20170507011628 -0.0445329 -1.28756 0.0649152 0 0 0 0.999747 -0.00111552 -0.0224711 0.0011327 0.999999 0.000751786 0.0224702 -0.000777049 0.999747 -0.0445329 -1.28756 0.0649152 0.60253 -0.797872 -0.0189366 0.999747 -0.00111552 -0.0224711 0.0011327 0.999999 0.000751786 0.0224702 -0.000777049 0.999747 8.04485 1.97041 0 1 1927 0 0 0 
20170507011629 0.269786 -1.20197 0.153214 0 0 0 0.999776 -0.00277283 -0.020964 0.0026735 0.999985 -0.00476471 0.0209769 0.00470759 0.999769 0.269786 -1.20197 0.153214 -0.45298 0.824129 -0.34003 0.999776 -0.00277283 -0.020964 0.0026735 0.999985 -0.00476471 0.0209769 0.00470759 0.999769 9.81985 2.20616 0 1 1927 0 0 0 
20170507011629 0.0831339 -1.56518 0.224747 0 0 0 0.999619 -0.0039622 -0.0273083 0.00392111 0.999991 -0.00155809 0.0273142 0.00145042 0.999626 0.0831339 -1.56518 0.224747 -0.495443 0.754308 -0.430762 0.999619 -0.0039622 -0.0273083 0.00392111 0.999991 -0.00155809 0.0273142 0.00145042 0.999626 11.4137 2.91627 0 1 1927 0 0 0 
20170507011629 -0.0516218 -1.88204 0.260684 0 0 0 0.99945 -0.00452018 -0.0328456 0.00454732 0.999989 0.000751538 0.0328418 -0.000900484 0.99946 -0.0516218 -1.88204 0.260684 -0.491617 0.762217 -0.421114 0.99945 -0.00452018 -0.0328456 0.00454732 0.999989 0.000751538 0.0328418 -0.000900484 0.99946 12.8879 3.11974 0 1 1927 0 0 0 
20170507011629 0.0600916 -2.13216 -0.355942 0 0 0 0.999288 0.0061733 -0.0372105 -0.00620802 0.99998 -0.000817648 0.0372047 0.00104807 0.999307 0.0600916 -2.13216 -0.355942 -0.406525 0.860577 -0.306829 0.999288 0.0061733 -0.0372105 -0.00620802 0.99998 -0.000817648 0.0372047 0.00104807 0.999307 14.5563 2.93063 0 1 1927 0 0 0 
20170507011629 0.215894 -1.89405 -0.311029 0 0 0 0.999439 0.00530388 -0.0330711 -0.00542549 0.999979 -0.00358858 0.0330513 0.00376599 0.999447 0.215894 -1.89405 -0.311029 -0.076301 0.988608 -0.129743 0.999439 0.00530388 -0.0330711 -0.00542549 0.999979 -0.00358858 0.0330513 0.00376599 0.999447 16.3712 2.7497 0 1 1919 0 0 0 
20170507011630 -0.555056 -2.12565 0.0674362 0 0 0 0.999311 -0.000817613 -0.0371007 0.00117617 0.999953 0.00964374 0.0370911 -0.00968073 0.999265 -0.555056 -2.12565 0.0674362 -0.045481 0.991432 -0.122452 0.999311 -0.000817613 -0.0371007 0.00117617 0.999953 0.00964374 0.0370911 -0.00968073 0.999265 18.5239 2.55241 0 1 1902 0 0 0 
20170507011630 0.233438 -2.26474 -0.179789 0 0 0 0.999214 0.00297688 -0.0395292 -0.00313546 0.999987 -0.00395023 0.039517 0.00407107 0.999211 0.233438 -2.26474 -0.179789 0.0397012 -0.977675 -0.206338 0.999214 0.00297688 -0.0395292 -0.00313546 0.999987 -0.00395023 0.039517 0.00407107 0.999211 19.7346 2.62647 0 1 1897 0 0 0 
20170507011630 0.221431 -2.20443 -0.212067 -0.075113 -0.933165 -0.351513 0.999253 0.00355257 -0.0384789 -0.00369852 0.999986 -0.0037223 0.0384651 0.00386183 0.999252 0.221431 -2.20443 -0.212067 -0.075113 -0.933165 -0.351513 0.999253 0.00355257 -0.0384789 -0.00369852 0.999986 -0.0037223 0.0384651 0.00386183 0.999252 20.2473 3.28999 1 1 1895 0 0 0 
20170507011630 -0.137813 -2.46257 0.373334 0.0842377 -0.900836 -0.425908 0.999055 -0.0064125 -0.0429813 0.00650984 0.999977 0.00212527 0.0429667 -0.00240306 0.999074 -0.137813 -2.46257 0.373334 0.0842377 -0.900836 -0.425908 0.999055 -0.0064125 -0.0429813 0.00650984 0.999977 0.00212527 0.0429667 -0.00240306 0.999074 21.0035 4.58563 1 1 1890 0 0 0 
20170507011630 0.395633 -2.0014 -0.15495 -0.0908198 -0.682754 -0.724982 0.999386 0.00246317 -0.0349416 -0.00270273 0.999973 -0.00681057 0.0349239 0.00690083 0.999366 0.395633 -2.0014 -0.15495 -0.0908198 -0.682754 -0.724982 0.999386 0.00246317 -0.0349416 -0.00270273 0.999973 -0.00681057 0.0349239 0.00690083 0.999366 21.1288 6.19429 1 1 1884 0 0 0 
20170507011631 0.395633 -2.0014 -0.15495 0.0491384 0.815516 0.576645 0.970938 -0.23811 -0.0241549 -0.187596 -0.694493 -0.694613 0.148619 0.678958 -0.718978 136.64 -8.5469 -10.9354 0.0491384 0.815516 0.576645 0.970938 -0.23811 -0.0241549 -0.187596 -0.694493 -0.694613 0.148619 0.678958 -0.718978 21.1288 6.19429 1 1 742 0 1 1 
20170507011631 0.0168728 -0.175627 -0.0189905 0 0 0 0.999995 0.000330544 -0.00306536 -0.000331445 1 -0.00029347 0.00306526 0.000294485 0.999995 0.0168728 -0.175627 -0.0189905 0 0 0 0.999995 0.000330544 -0.00306536 -0.000331445 1 -0.00029347 0.00306526 0.000294485 0.999995 11.9896 7.68687 0 1 725 0 0 0 
20170507011631 0.0188664 -0.830487 0.181049 0 0 0 0.99989 -0.00316467 -0.0144931 0.00315957 0.999995 -0.00037508 0.0144942 0.000329247 0.999895 0.0188664 -0.830487 0.181049 0 0 0 0.99989 -0.00316467 -0.0144931 0.00315957 0.999995 -0.00037508 0.0144942 0.000329247 0.999895 12.2341 8.04123 0 1 724 0 0 0 
20170507011631 0.281471 -0.659118 -0.215536 0 0 0 0.999927 0.00370525 -0.0115218 -0.00376156 0.999981 -0.00486927 0.0115035 0.00491225 0.999922 0.281471 -0.659118 -0.215536 0 0 0 0.999927 0.00370525 -0.0115218 -0.00376156 0.999981 -0.00486927 0.0115035 0.00491225 0.999922 12.7451 7.88232 0 1 723 0 0 0 
20170507011632 -0.239761 -0.593699 0.621702 0 0 0 0.999887 -0.0108071 -0.0104065 0.01085 0.999933 0.00407193 0.0103618 -0.00418438 0.999938 -0.239761 -0.593699 0.621702 0 0 0 0.999887 -0.0108071 -0.0104065 0.01085 0.999933 0.00407193 0.0103618 -0.00418438 0.999938 13.7062 7.07238 0 1 719 0 0 0 
20170507011632 -0.0227063 -0.463023 0.174739 0 0 0 0.999963 -0.00304656 -0.00808236 0.00304966 0.999995 0.000371653 0.00808119 -0.000396287 0.999967 -0.0227063 -0.463023 0.174739 0 0 0 0.999963 -0.00304656 -0.00808236 0.00304966 0.999995 0.000371653 0.00808119 -0.000396287 0.999967 14.9722 6.91655 0 1 718 0 0 0 
20170507011632 0.74028 -1.32981 -0.241446 0 0 0 0.999722 0.00391383 -0.0232598 -0.00421288 0.999909 -0.0128221 0.0232075 0.0129165 0.999647 0.74028 -1.32981 -0.241446 0 0 0 0.999722 0.00391383 -0.0232598 -0.00421288 0.999909 -0.0128221 0.0232075 0.0129165 0.999647 17.382 7.02133 0 1 716 0 0 0 
20170507011632 -0.737052 -0.316656 -0.0234919 0 0 0 0.999985 0.000481071 -0.00552093 -0.000410005 0.999917 0.0128659 0.00552666 -0.0128634 0.999902 -0.737052 -0.316656 -0.0234919 0 0 0 0.999985 0.000481071 -0.00552093 -0.000410005 0.999917 0.0128659 0.00552666 -0.0128634 0.999902 19.1973 7.22295 0 1 715 0 0 0 
20170507011632 -0.62304 -1.1098 0.367242 0.0224779 -0.0173569 -0.999597 0.999792 -0.00619855 -0.0194365 0.00640833 0.999922 0.0107495 0.0193684 -0.0108718 0.999753 -0.62304 -1.1098 0.367242 0.0224779 -0.0173569 -0.999597 0.999792 -0.00619855 -0.0194365 0.00640833 0.999922 0.0107495 0.0193684 -0.0108718 0.999753 20.8905 7.54572 1 1 715 0 0 0 
20170507011632 -0.61286 -0.322556 0.183977 -0.111146 0.0229455 -0.993539 0.999979 -0.0031506 -0.00566363 0.00321095 0.999938 0.0106781 0.00562964 -0.0106961 0.999927 -0.61286 -0.322556 0.183977 -0.111146 0.0229455 -0.993539 0.999979 -0.0031506 -0.00566363 0.00321095 0.999938 0.0106781 0.00562964 -0.0106961 0.999927 23.3992 7.72184 1 1 715 0 0 0 
20170507011632 -0.160066 -0.655041 0.0427762 -0.0239879 0.11917 -0.992584 0.999934 -0.000714645 -0.0114344 0.000746538 0.999996 0.00278514 0.0114324 -0.00279349 0.999931 -0.160066 -0.655041 0.0427762 -0.0239879 0.11917 -0.992584 0.999934 -0.000714645 -0.0114344 0.000746538 0.999996 0.00278514 0.0114324 -0.00279349 0.999931 25.3726 8.2086 1 1 714 0 0 0 
20170507011632 1.57648 -1.19467 -0.724811 0.0349034 0.364024 -0.930735 0.999703 0.0120717 -0.0211879 -0.0126472 0.999549 -0.0272455 0.0208495 0.0275054 0.999404 1.57648 -1.19467 -0.724811 0.0349034 0.364024 -0.930735 0.999703 0.0120717 -0.0211879 -0.0126472 0.999549 -0.0272455 0.0208495 0.0275054 0.999404 28.2622 8.94856 1 1 698 0 0 0 
20170507011633 -1.0461 -0.508387 0.284628 0.0151281 0.0368028 -0.999208 0.999948 -0.00480486 -0.00896202 0.00496748 0.999822 0.0182126 0.00887292 -0.0182561 0.999794 -1.0461 -0.508387 0.284628 0.0151281 0.0368028 -0.999208 0.999948 -0.00480486 -0.00896202 0.00496748 0.999822 0.0182126 0.00887292 -0.0182561 0.999794 29.6748 9.22633 1 1 693 0 0 0 
20170507011633 -2.27452 -0.579798 0.258052 0.115364 -0.134318 -0.9842 0.999939 -0.00409869 -0.0102899 0.00450361 0.999204 0.0396416 0.0101192 -0.0396855 0.999161 -2.27452 -0.579798 0.258052 0.115364 -0.134318 -0.9842 0.999939 -0.00409869 -0.0102899 0.00450361 0.999204 0.0396416 0.0101192 -0.0396855 0.999161 30.695 9.88529 1 1 692 0 0 0 
20170507011633 0.561786 -0.841128 -0.0645632 0.126871 0.248098 -0.960391 0.999892 0.000982851 -0.0146903 -0.00112672 0.999951 -0.0097883 0.0146799 0.00980379 0.999844 0.561786 -0.841128 -0.0645632 0.126871 0.248098 -0.960391 0.999892 0.000982851 -0.0146903 -0.00112672 0.999951 -0.0097883 0.0146799 0.00980379 0.999844 31.7411 10.3669 1 1 691 0 0 0 
20170507011633 0.395682 -1.94207 -1.105 0.262865 0.276673 -0.924313 0.99924 0.0190503 -0.034015 -0.0192737 0.999795 -0.00625109 0.0338889 0.00690194 0.999402 0.395682 -1.94207 -1.105 0.262865 0.276673 -0.924313 0.99924 0.0190503 -0.034015 -0.0192737 0.999795 -0.00625109 0.0338889 0.00690194 0.999402 32.0674 10.7953 1 1 691 0 0 0 
20170507011633 -0.773966 -0.550389 -0.0024555 0.142346 0.0453258 -0.988779 0.999954 0.000172608 -0.0096045 -4.28546e-05 0.999909 0.0135083 0.00960595 -0.0135072 0.999863 -0.773966 -0.550389 -0.0024555 0.142346 0.0453258 -0.988779 0.999954 0.000172608 -0.0096045 -4.28546e-05 0.999909 0.0135083 0.00960595 -0.0135072 0.999863 33.1583 11.6435 1 1 691 0 0 0 
20170507011633 0.679363 -0.63411 -0.225108 0.175818 0.193884 -0.965141 0.999931 0.00379736 -0.0111128 -0.00392862 0.999923 -0.0118133 0.0110671 0.0118561 0.999868 0.679363 -0.63411 -0.225108 0.175818 0.193884 -0.965141 0.999931 0.00379736 -0.0111128 -0.00392862 0.999923 -0.0118133 0.0110671 0.0118561 0.999868 33.6704 12.4858 1 1 691 0 0 0 
20170507011633 0.523009 -0.892082 -0.176355 0.247233 0.155665 -0.956371 0.999874 0.00293573 -0.0155965 -0.0030776 0.999954 -0.00908015 0.0155691 0.009127 0.999837 0.523009 -0.892082 -0.176355 0.247233 0.155665 -0.956371 0.999874 0.00293573 -0.0155965 -0.0030776 0.999954 -0.00908015 0.0155691 0.009127 0.999837 33.8781 13.1293 1 1 691 0 0 0 
20170507011634 0.523116 -0.66542 -0.126648 0.228871 0.117233 -0.966372 0.99993 0.0021043 -0.0116332 -0.00221027 0.999956 -0.00910428 0.0116135 0.00912935 0.999891 0.523116 -0.66542 -0.126648 0.228871 0.117233 -0.966372 0.99993 0.0021043 -0.0116332 -0.00221027 0.999956 -0.00910428 0.0116135 0.00912935 0.999891 33.9072 13.8422 1 1 691 0 0 0 
20170507011634 0.549157 -1.01509 -0.13993 0.264618 0.0997107 -0.959185 0.99984 0.00227233 -0.0177383 -0.00244185 0.999952 -0.00954115 0.0177157 0.00958294 0.999797 0.549157 -1.01509 -0.13993 0.264618 0.0997107 -0.959185 0.99984 0.00227233 -0.0177383 -0.00244185 0.999952 -0.00954115 0.0177157 0.00958294 0.999797 33.5663 14.0783 1 1 691 0 0 0 
20170507011634 0.359464 -0.0883425 -0.265296 0.137431 0.0419796 -0.989621 0.999988 0.00462051 -0.00157087 -0.00463027 0.99997 -0.00626659 0.00154187 0.00627379 0.999979 0.359464 -0.0883425 -0.265296 0.137431 0.0419796 -0.989621 0.999988 0.00462051 -0.00157087 -0.00463027 0.99997 -0.00626659 0.00154187 0.00627379 0.999979 33.1416 14.2565 1 1 691 0 0 0 
20170507011634 0.537976 -0.458045 -0.284267 0.159957 0.0474861 -0.985981 0.999956 0.0048861 -0.00804045 -0.00496122 0.999944 -0.00934954 0.00799432 0.00938902 0.999924 0.537976 -0.458045 -0.284267 0.159957 0.0474861 -0.985981 0.999956 0.0048861 -0.00804045 -0.00496122 0.999944 -0.00934954 0.00799432 0.00938902 0.999924 32.9975 14.2546 1 1 691 0 0 0 
20170507011634 0.153485 0.131025 -0.223471 0.0953993 0.00270674 -0.995435 0.99999 0.0039064 0.00227634 -0.00390028 0.999989 -0.00268771 -0.00228682 0.00267881 0.999994 0.153485 0.131025 -0.223471 0.0953993 0.00270674 -0.995435 0.99999 0.0039064 0.00227634 -0.00390028 0.999989 -0.00268771 -0.00228682 0.00267881 0.999994 33.2865 14.4692 1 1 691 0 0 0 
20170507011634 -0.451667 -0.375002 -0.0588908 0.170759 -0.0546512 -0.983796 0.999978 0.0010794 -0.00653666 -0.00102782 0.999968 0.00788972 0.00654497 -0.00788282 0.999948 -0.451667 -0.375002 -0.0588908 0.170759 -0.0546512 -0.983796 0.999978 0.0010794 -0.00653666 -0.00102782 0.999968 0.00788972 0.00654497 -0.00788282 0.999948 33.2383 14.556 1 1 689 0 0 0 
20170507011634 -0.214939 -0.412569 -0.212729 0.126013 -0.0299857 -0.991575 0.999967 0.0037398 -0.0071866 -0.00371272 0.999986 0.00377809 0.00720062 -0.00375128 0.999967 -0.214939 -0.412569 -0.212729 0.126013 -0.0299857 -0.991575 0.999967 0.0037398 -0.0071866 -0.00371272 0.999986 0.00377809 0.00720062 -0.00375128 0.999967 33.4289 14.6068 1 1 688 0 0 0 
20170507011635 -0.96609 -0.926633 0.312909 0.175655 -0.130793 -0.975725 0.999854 -0.00518783 -0.0162616 0.00546056 0.999844 0.0167721 0.0161721 -0.0168585 0.999727 -0.96609 -0.926633 0.312909 0.175655 -0.130793 -0.975725 0.999854 -0.00518783 -0.0162616 0.00546056 0.999844 0.0167721 0.0161721 -0.0168585 0.999727 33.3629 14.6978 1 1 687 0 0 0 
20170507011635 0.181656 -0.605279 -0.356685 0.123741 0.0146339 -0.992207 0.999925 0.00619177 -0.0105834 -0.00622494 0.999976 -0.00310466 0.0105639 0.00317031 0.999939 0.181656 -0.605279 -0.356685 0.123741 0.0146339 -0.992207 0.999925 0.00619177 -0.0105834 -0.00622494 0.999976 -0.00310466 0.0105639 0.00317031 0.999939 33.1804 14.8869 1 1 685 0 0 0 
20170507011635 -0.293296 -0.496679 -0.43358 0.0810852 -0.0719451 -0.994107 0.999934 0.0076116 -0.00862947 -0.00756704 0.999958 0.00518442 0.00866857 -0.00511877 0.999949 -0.293296 -0.496679 -0.43358 0.0810852 -0.0719451 -0.994107 0.999934 0.0076116 -0.00862947 -0.00756704 0.999958 0.00518442 0.00866857 -0.00511877 0.999949 33.0614 15.1693 1 1 684 0 0 0 
20170507011635 0.997054 -1.251 -0.292701 0.167395 0.0453527 -0.984846 0.999749 0.0047279 -0.0219176 -0.00510735 0.999837 -0.0172893 0.0218323 0.0173969 0.99961 0.997054 -1.251 -0.292701 0.167395 0.0453527 -0.984846 0.999749 0.0047279 -0.0219176 -0.00510735 0.999837 -0.0172893 0.0218323 0.0173969 0.99961 33.3126 15.6416 1 1 684 0 0 0 
20170507011635 -0.264337 0.168219 -0.471399 0.0191128 -0.0676203 -0.997528 0.999962 0.00821374 0.00297379 -0.00822733 0.999956 0.00458923 -0.00293596 -0.00461352 0.999985 -0.264337 0.168219 -0.471399 0.0191128 -0.0676203 -0.997528 0.999962 0.00821374 0.00297379 -0.00822733 0.999956 0.00458923 -0.00293596 -0.00461352 0.999985 34.496 16.255 1 1 684 0 0 0 
20170507011635 -0.00698564 -1.80942 -0.196664 0.222482 -0.0342521 -0.974335 0.999495 0.00343628 -0.0315745 -0.00343072 0.999994 0.000230301 0.0315751 -0.000121862 0.999501 -0.00698564 -1.80942 -0.196664 0.222482 -0.0342521 -0.974335 0.999495 0.00343628 -0.0315745 -0.00343072 0.999994 0.000230301 0.0315751 -0.000121862 0.999501 35.0055 16.5864 1 1 683 0 0 0 
20170507011636 -2.10802 0.135887 -0.282933 0.00188401 -0.251698 -0.967804 0.999985 0.00484751 0.00255169 -0.00493807 0.999312 0.0367714 -0.00237168 -0.0367834 0.99932 -2.10802 0.135887 -0.282933 0.00188401 -0.251698 -0.967804 0.999985 0.00484751 0.00255169 -0.00493807 0.999312 0.0367714 -0.00237168 -0.0367834 0.99932 34.1 16.3198 1 1 681 0 0 0 
20170507011636 -1.24129 -1.03251 0.458105 0.12898 -0.152828 -0.9798 0.999806 -0.00760313 -0.0181881 0.00799405 0.999736 0.0215181 0.0180197 -0.0216594 0.999603 -1.24129 -1.03251 0.458105 0.12898 -0.152828 -0.9798 0.999806 -0.00760313 -0.0181881 0.00799405 0.999736 0.0215181 0.0180197 -0.0216594 0.999603 33.5144 16.1347 1 1 680 0 0 0 
20170507011636 -0.455354 -1.96543 -0.236601 0.147814 -0.0691297 -0.986596 0.999403 0.00440188 -0.0342624 -0.00412702 0.999959 0.0080889 0.0342966 -0.00794267 0.99938 -0.455354 -1.96543 -0.236601 0.147814 -0.0691297 -0.986596 0.999403 0.00440188 -0.0342624 -0.00412702 0.999959 0.0080889 0.0342966 -0.00794267 0.99938 33.9362 16.1995 1 1 679 0 0 0 
20170507011636 -0.57825 0.408444 -0.0683886 -0.10217 -0.0933071 -0.990381 0.999974 0.0011216 0.0071403 -0.00119358 0.999948 0.0100837 -0.00712862 -0.0100919 0.999924 -0.57825 0.408444 -0.0683886 -0.10217 -0.0933071 -0.990381 0.999974 0.0011216 0.0071403 -0.00119358 0.999948 0.0100837 -0.00712862 -0.0100919 0.999924 34.9988 16.4598 1 1 677 0 0 0 
20170507011636 -0.46068 -2.56692 0.399395 0.18172 -0.0416385 -0.982468 0.998972 -0.00661039 -0.0448398 0.00696371 0.999946 0.00772791 0.0447863 -0.00803222 0.998964 -0.46068 -2.56692 0.399395 0.18172 -0.0416385 -0.982468 0.998972 -0.00661039 -0.0448398 0.00696371 0.999946 0.00772791 0.0447863 -0.00803222 0.998964 36.1742 16.8563 1 1 673 0 0 0 
20170507011636 0.0971221 -2.1957 0.0400364 0.0968343 -0.0309739 -0.994818 0.999266 -0.00076371 -0.0383115 0.000698254 0.999998 -0.00172187 0.0383128 0.00169386 0.999264 0.0971221 -2.1957 0.0400364 0.0968343 -0.0309739 -0.994818 0.999266 -0.00076371 -0.0383115 0.000698254 0.999998 -0.00172187 0.0383128 0.00169386 0.999264 36.2897 17.1526 1 1 671 0 0 0 
20170507011637 -0.578034 -3.10561 0.135754 0.192743 -0.0737583 -0.978473 0.998529 -0.00182267 -0.0541976 0.00236587 0.999948 0.00996004 0.0541766 -0.0100736 0.998481 -0.578034 -3.10561 0.135754 0.192743 -0.0737583 -0.978473 0.998529 -0.00182267 -0.0541976 0.00236587 0.999948 0.00996004 0.0541766 -0.0100736 0.998481 35.5245 17.5524 1 1 670 0 0 0 
20170507011637 -0.721623 -0.911511 -0.367016 -0.0320475 -0.134893 -0.990342 0.999853 0.00660543 -0.0158259 -0.00640477 0.999899 0.012696 0.0159082 -0.0125928 0.999794 -0.721623 -0.911511 -0.367016 -0.0320475 -0.134893 -0.990342 0.999853 0.00660543 -0.0158259 -0.00640477 0.999899 0.012696 0.0159082 -0.0125928 0.999794 35.1748 17.5101 1 1 669 0 0 0 
20170507011637 0.786486 -0.590425 -0.137701 -0.0462965 -0.0317581 -0.998423 0.999944 0.00226166 -0.0103367 -0.0024032 0.999903 -0.0137015 0.0103047 0.0137256 0.999853 0.786486 -0.590425 -0.137701 -0.0462965 -0.0317581 -0.998423 0.999944 0.00226166 -0.0103367 -0.0024032 0.999903 -0.0137015 0.0103047 0.0137256 0.999853 35.5531 18.7978 1 1 664 0 0 0 
20170507011637 0.487895 0.337987 -0.288509 -0.122501 -0.0661297 -0.990263 0.99997 0.00508547 0.00585579 -0.00503533 0.999951 -0.00854487 -0.00589896 0.00851513 0.999946 0.487895 0.337987 -0.288509 -0.122501 -0.0661297 -0.990263 0.99997 0.00508547 0.00585579 -0.00503533 0.999951 -0.00854487 -0.00589896 0.00851513 0.999946 37.1649 20.4303 1 1 664 0 0 0 
20170507011637 -0.421297 0.939478 -0.246804 -0.116687 -0.140901 -0.983123 0.999856 0.00418684 0.0164273 -0.00430694 0.999964 0.00728226 -0.0163962 -0.00735197 0.999839 -0.421297 0.939478 -0.246804 -0.116687 -0.140901 -0.983123 0.999856 0.00418684 0.0164273 -0.00430694 0.999964 0.00728226 -0.0163962 -0.00735197 0.999839 37.7154 21.0297 1 1 664 0 0 0 
20170507011637 -0.490191 1.20758 -0.306573 -0.125563 -0.15536 -0.979846 0.999764 0.00517019 0.0211194 -0.0053495 0.99995 0.00844245 -0.0210747 -0.00855343 0.999741 -0.490191 1.20758 -0.306573 -0.125563 -0.15536 -0.979846 0.999764 0.00517019 0.0211194 -0.0053495 0.99995 0.00844245 -0.0210747 -0.00855343 0.999741 36.809 19.4471 1 1 664 0 0 0 
20170507011638 -0.645426 1.30144 -0.393618 -0.123505 -0.176086 -0.976596 0.999718 0.0066136 0.0227878 -0.00686811 0.999915 0.0111083 -0.0227124 -0.0112617 0.999679 -0.645426 1.30144 -0.393618 -0.123505 -0.176086 -0.976596 0.999718 0.0066136 0.0227878 -0.00686811 0.999915 0.0111083 -0.0227124 -0.0112617 0.999679 36.735 19.236 1 1 664 0 0 0 
20170507011638 -0.596666 1.3864 -0.364735 -0.123302 -0.176914 -0.976472 0.999687 0.0061135 0.0242594 -0.00636393 0.999927 0.0102594 -0.0241949 -0.0104106 0.999653 -0.596666 1.3864 -0.364735 -0.123302 -0.176914 -0.976472 0.999687 0.0061135 0.0242594 -0.00636393 0.999927 0.0102594 -0.0241949 -0.0104106 0.999653 36.9662 19.0952 1 1 664 0 0 0 
20170507011638 0.241023 -1.16081 0.208393 0.052038 -0.105802 -0.993025 0.999788 -0.00372232 -0.020243 0.00363639 0.999984 -0.00428029 0.0202586 0.00420577 0.999786 0.241023 -1.16081 0.208393 0.052038 -0.105802 -0.993025 0.999788 -0.00372232 -0.020243 0.00363639 0.999984 -0.00428029 0.0202586 0.00420577 0.999786 37.6384 18.9886 1 1 664 0 0 0 
20170507011638 -0.0106038 1.88533 -0.0923033 -0.161181 -0.0997498 -0.981871 0.999457 0.00160491 0.0328996 -0.00161012 0.999999 0.000132071 -0.0328993 -0.000184971 0.999459 -0.0106038 1.88533 -0.0923033 -0.161181 -0.0997498 -0.981871 0.999457 0.00160491 0.0328996 -0.00161012 0.999999 0.000132071 -0.0328993 -0.000184971 0.999459 38.3244 18.5923 1 1 664 0 0 0 
20170507011638 0.0666442 2.11944 0.069346 -0.159395 -0.0935747 -0.98277 0.999315 -0.0011673 0.0369841 0.00120949 0.999999 -0.0011184 -0.0369827 0.00116236 0.999315 0.0666442 2.11944 0.069346 -0.159395 -0.0935747 -0.98277 0.999315 -0.0011673 0.0369841 0.00120949 0.999999 -0.0011184 -0.0369827 0.00116236 0.999315 38.6401 18.604 1 1 664 0 0 0 
20170507011638 0.734041 0.159747 0.275281 -0.00601308 -0.0512894 -0.998666 0.999985 -0.00476843 0.0028494 0.00480452 0.999907 -0.0127975 -0.0027881 0.012811 0.999914 0.734041 0.159747 0.275281 -0.00601308 -0.0512894 -0.998666 0.999985 -0.00476843 0.0028494 0.00480452 0.999907 -0.0127975 -0.0027881 0.012811 0.999914 38.8112 18.7477 1 1 662 0 0 0 
20170507011639 0.0116989 3.90137 0.23073 -0.249029 -0.0861624 -0.964656 0.997675 -0.00401309 0.0680394 0.00401766 0.999992 6.9811e-05 -0.0680391 0.00020371 0.997683 0.0116989 3.90137 0.23073 -0.249029 -0.0861624 -0.964656 0.997675 -0.00401309 0.0680394 0.00401766 0.999992 6.9811e-05 -0.0680391 0.00020371 0.997683 41.2475 19.1289 1 1 659 0 0 0 
20170507011639 -0.979398 0.192925 0.082 -0.00754804 -0.17437 -0.984651 0.999993 -0.00148851 0.00334222 0.00143116 0.999853 0.0170977 -0.00336718 -0.0170928 0.999848 -0.979398 0.192925 0.082 -0.00754804 -0.17437 -0.984651 0.999993 -0.00148851 0.00334222 0.00143116 0.999853 0.0170977 -0.00336718 -0.0170928 0.999848 42.198 19.3804 1 1 652 0 0 0 
20170507011639 -0.451093 2.98734 -0.149092 -0.157905 -0.116994 -0.980499 0.998638 0.00219176 0.052134 -0.00259861 0.999967 0.00773735 -0.0521153 -0.00786228 0.99861 -0.451093 2.98734 -0.149092 -0.157905 -0.116994 -0.980499 0.998638 0.00219176 0.052134 -0.00259861 0.999967 0.00773735 -0.0521153 -0.00786228 0.99861 43.1859 19.9487 1 1 651 0 0 0 
20170507011639 0.152331 3.23965 0.29368 -0.12535 -0.0945058 -0.987601 0.998389 -0.0049754 0.0565252 0.00511748 0.999984 -0.00236897 -0.0565125 0.00265442 0.998398 0.152331 3.23965 0.29368 -0.12535 -0.0945058 -0.987601 0.998389 -0.0049754 0.0565252 0.00511748 0.999984 -0.00236897 -0.0565125 0.00265442 0.998398 44.5971 20.4669 1 1 651 0 0 0 
20170507011639 1.15222 -2.50519 0.0604785 0.209716 -0.028562 -0.977345 0.999044 -0.00193429 -0.0436798 0.00105454 0.999796 -0.0201548 0.0437099 0.0200895 0.998842 1.15222 -2.50519 0.0604785 0.209716 -0.028562 -0.977345 0.999044 -0.00193429 -0.0436798 0.00105454 0.999796 -0.0201548 0.0437099 0.0200895 0.998842 45.5978 21.4066 1 1 649 0 0 0 
20170507011639 -1.3539 3.06502 -0.637352 -0.0905801 -0.192874 -0.977034 0.998508 0.00985728 0.0537137 -0.0111078 0.999673 0.0230317 -0.0534691 -0.0235939 0.998291 -1.3539 3.06502 -0.637352 -0.0905801 -0.192874 -0.977034 0.998508 0.00985728 0.0537137 -0.0111078 0.999673 0.0230317 -0.0534691 -0.0235939 0.998291 46.8143 22.2216 1 1 649 0 0 0 
20170507011640 -1.58387 3.19213 -0.594069 -0.0754464 -0.202424 -0.976387 0.998395 0.00882526 0.0559466 -0.0103522 0.99958 0.0270617 -0.0556843 -0.0275974 0.998067 -1.58387 3.19213 -0.594069 -0.0754464 -0.202424 -0.976387 0.998395 0.00882526 0.0559466 -0.0103522 0.99958 0.0270617 -0.0556843 -0.0275974 0.998067 48.5046 22.8997 1 1 649 0 0 0 
20170507011640 -1.4154 3.59319 -0.635725 -0.0777412 -0.200764 -0.97655 0.997973 0.00954393 0.062923 -0.0110735 0.999651 0.0240043 -0.062672 -0.0246524 0.99773 -1.4154 3.59319 -0.635725 -0.0777412 -0.200764 -0.97655 0.997973 0.00954393 0.062923 -0.0110735 0.999651 0.0240043 -0.062672 -0.0246524 0.99773 49.0808 23.5397 1 1 649 0 0 0 
20170507011640 -1.4539 3.18737 -0.620242 -0.0549009 -0.20443 -0.97734 0.998395 0.00941089 0.055855 -0.0108083 0.999635 0.0247695 -0.0556015 -0.0253334 0.998132 -1.4539 3.18737 -0.620242 -0.0549009 -0.20443 -0.97734 0.998395 0.00941089 0.055855 -0.0108083 0.999635 0.0247695 -0.0556015 -0.0253334 0.998132 49.2789 23.4696 1 1 649 0 0 0 
20170507011640 -1.44305 6.27416 -0.341086 0 0 0 0.993993 0.00319902 0.109399 -0.00591739 0.999682 0.0245325 -0.109286 -0.0250325 0.993695 -1.44305 6.27416 -0.341086 0 0 0 0.993993 0.00319902 0.109399 -0.00591739 0.999682 0.0245325 -0.109286 -0.0250325 0.993695 49.2789 23.4696 1 0 649 0 0 0 
20170507011640 -1.2534 4.87872 -0.926415 -0.174295 -0.17889 -0.968308 0.996247 0.0143043 0.0853691 -0.0161097 0.99966 0.0204966 -0.0850469 -0.0217949 0.996139 -1.2534 4.87872 -0.926415 -0.174295 -0.17889 -0.968308 0.996247 0.0143043 0.0853691 -0.0161097 0.99966 0.0204966 -0.0850469 -0.0217949 0.996139 49.7526 22.9603 1 1 649 0 0 0 
20170507011641 -0.259091 4.2383 -0.147548 -0.104142 -0.115388 -0.987846 0.997262 0.00224097 0.0739155 -0.00256815 0.999987 0.00433165 -0.0739049 -0.00450961 0.997255 -0.259091 4.2383 -0.147548 -0.104142 -0.115388 -0.987846 0.997262 0.00224097 0.0739155 -0.00256815 0.999987 0.00433165 -0.0739049 -0.00450961 0.997255 49.2957 21.9594 1 1 648 0 0 0 
20170507011641 -0.332361 4.32787 -0.162949 -0.109525 -0.116469 -0.987137 0.997145 0.00240621 0.0754786 -0.00283589 0.99998 0.00558612 -0.0754637 -0.00578422 0.997132 -0.332361 4.32787 -0.162949 -0.109525 -0.116469 -0.987137 0.997145 0.00240621 0.0754786 -0.00283589 0.99998 0.00558612 -0.0754637 -0.00578422 0.997132 49.2121 21.2038 1 1 648 0 0 0 
20170507011641 -0.437388 4.28725 -0.0904891 -0.0981676 -0.116012 -0.988385 0.997201 0.00100861 0.0747667 -0.00157491 0.999971 0.00751571 -0.0747569 -0.00761242 0.997173 -0.437388 4.28725 -0.0904891 -0.0981676 -0.116012 -0.988385 0.997201 0.00100861 0.0747667 -0.00157491 0.999971 0.00751571 -0.0747569 -0.00761242 0.997173 50.0327 21.5757 1 1 648 0 0 0 
20170507011641 -1.61283 4.89557 -1.07388 -0.157015 -0.188127 -0.969513 0.996177 0.0163328 0.0858186 -0.0186733 0.999473 0.0265417 -0.0853399 -0.0280428 0.995957 -1.61283 4.89557 -1.07388 -0.157015 -0.188127 -0.969513 0.996177 0.0163328 0.0858186 -0.0186733 0.999473 0.0265417 -0.0853399 -0.0280428 0.995957 52.6738 22.3276 1 1 646 0 0 0 
20170507011641 -1.75782 4.95938 -1.03635 -0.148393 -0.189634 -0.970576 0.996093 0.0154268 0.0869495 -0.018019 0.999414 0.0291071 -0.0864495 -0.0305601 0.995787 -1.75782 4.95938 -1.03635 -0.148393 -0.189634 -0.970576 0.996093 0.0154268 0.0869495 -0.018019 0.999414 0.0291071 -0.0864495 -0.0305601 0.995787 54.965 22.3081 1 1 646 0 0 0 
20170507011642 -3.08378 4.76966 -0.80369 -0.109959 -0.240475 -0.964407 0.996439 0.00953354 0.0837761 -0.013978 0.998516 0.0526263 -0.0831501 -0.0536099 0.995094 -3.08378 4.76966 -0.80369 -0.109959 -0.240475 -0.964407 0.996439 0.00953354 0.0837761 -0.013978 0.998516 0.0526263 -0.0831501 -0.0536099 0.995094 57.4694 23.0544 1 1 646 0 0 0 
20170507011642 -1.2079 3.40979 -0.949302 -0.0122308 -0.137947 -0.990364 0.998093 0.0153104 0.0598048 -0.0165384 0.999661 0.0200921 -0.0594769 -0.0210429 0.998008 -1.2079 3.40979 -0.949302 -0.0122308 -0.137947 -0.990364 0.998093 0.0153104 0.0598048 -0.0165384 0.999661 0.0200921 -0.0594769 -0.0210429 0.998008 59.9478 24.8241 1 1 645 0 0 0 
20170507011642 -3.26614 8.66601 -1.45358 0 0 0 0.988265 0.0167441 0.151826 -0.0250774 0.998272 0.0531398 -0.150674 -0.0563236 0.986978 -3.26614 8.66601 -1.45358 0 0 0 0.988265 0.0167441 0.151826 -0.0250774 0.998272 0.0531398 -0.150674 -0.0563236 0.986978 59.9478 24.8241 1 0 635 0 0 0 
20170507011642 -3.9104 9.79693 -1.67834 0 0 0 0.984994 0.0176211 0.171685 -0.0288612 0.997584 0.0631951 -0.170157 -0.0672019 0.983123 -3.9104 9.79693 -1.67834 0 0 0 0.984994 0.0176211 0.171685 -0.0288612 0.997584 0.0631951 -0.170157 -0.0672019 0.983123 59.9478 24.8241 1 0 634 0 0 0 
20170507011643 -3.9104 9.79693 -1.67834 0.507034 0.070326 -0.859052 0.99525 0.000291658 -0.0973504 -0.00449345 0.999067 -0.0429451 0.097247 0.0431785 0.994323 2.48651 -5.58066 -0.258683 0.507034 0.070326 -0.859052 0.99525 0.000291658 -0.0973504 -0.00449345 0.999067 -0.0429451 0.097247 0.0431785 0.994323 59.9478 24.8241 1 0 634 0 1 1 
20170507011643 -3.9104 9.79693 -1.67834 0.536803 -0.0565032 -0.841813 0.994618 -0.00223742 -0.103585 0.00225669 0.999997 6.88344e-05 0.103584 -0.000302222 0.994621 -0.0174097 -5.9456 0.129998 0.536803 -0.0565032 -0.841813 0.994618 -0.00223742 -0.103585 0.00225669 0.999997 6.88344e-05 0.103584 -0.000302222 0.994621 59.9478 24.8241 1 0 634 0 1 2 
20170507011643 -3.9104 9.79693 -1.67834 0.553688 -0.115303 -0.824703 0.994472 -0.00570795 -0.104846 0.00806726 0.999723 0.0220923 0.104691 -0.022816 0.994243 -1.3146 -6.00935 0.464779 0.553688 -0.115303 -0.824703 0.994472 -0.00570795 -0.104846 0.00806726 0.999723 0.0220923 0.104691 -0.022816 0.994243 59.9478 24.8241 1 0 634 0 1 3 
20170507011644 -1.78715 -10.2787 1.10805 0 0 0 0.983768 -0.0137647 -0.178919 0.0190275 0.999434 0.027732 0.178436 -0.0306862 0.983473 -1.78715 -10.2787 1.10805 0 0 0 0.983768 -0.0137647 -0.178919 0.0190275 0.999434 0.027732 0.178436 -0.0306862 0.983473 59.9478 24.8241 1 0 634 0 0 0 
20170507011644 -2.46738 -9.70654 0.588645 0 0 0 0.985632 -0.00300606 -0.168879 0.0101265 0.999095 0.0413178 0.168602 -0.0424343 0.98477 -2.46738 -9.70654 0.588645 0 0 0 0.985632 -0.00300606 -0.168879 0.0101265 0.999095 0.0413178 0.168602 -0.0424343 0.98477 59.9478 24.8241 1 0 634 0 0 0 
20170507011644 0.396417 -14.5783 0.569537 0 0 0 0.967757 -0.0116813 -0.251616 0.00962011 0.999909 -0.00942029 0.251703 0.00669598 0.967781 0.396417 -14.5783 0.569537 0 0 0 0.967757 -0.0116813 -0.251616 0.00962011 0.999909 -0.00942029 0.251703 0.00669598 0.967781 59.9478 24.8241 1 0 633 0 0 0 
20170507011645 0.546405 -15.4145 -4.77464 0 0 0 0.960683 0.080707 -0.26566 -0.0802426 0.996695 0.01262 0.2658 0.00919338 0.963984 0.546405 -15.4145 -4.77464 0 0 0 0.960683 0.080707 -0.26566 -0.0802426 0.996695 0.01262 0.2658 0.00919338 0.963984 59.9478 24.8241 1 0 632 0 0 0 
20170507011645 0.546405 -15.4145 -4.77464 -0.870102 -0.354837 -0.342071 0.872949 0.0185689 0.487457 -0.103053 0.983742 0.147075 -0.476801 -0.178623 0.860671 -11.7247 28.4767 -6.73268 -0.870102 -0.354837 -0.342071 0.872949 0.0185689 0.487457 -0.103053 0.983742 0.147075 -0.476801 -0.178623 0.860671 59.9478 24.8241 1 0 629 0 1 1 
20170507011646 -0.0428729 -9.16085 -4.14304 0 0 0 0.984665 0.0723655 -0.158737 -0.0713252 0.997378 0.0122485 0.159207 -0.00073873 0.987245 -0.0428729 -9.16085 -4.14304 0 0 0 0.984665 0.0723655 -0.158737 -0.0713252 0.997378 0.0122485 0.159207 -0.00073873 0.987245 59.9478 24.8241 1 0 629 0 0 0 
20170507011646 -0.0428729 -9.16085 -4.14304 0.00571952 0.975596 0.2195 0.987144 -0.148139 0.0600084 0.144944 0.987937 0.0545046 -0.0673588 -0.0451061 0.996709 -2.59115 3.8623 8.35317 0.00571952 0.975596 0.2195 0.987144 -0.148139 0.0600084 0.144944 0.987937 0.0545046 -0.0673588 -0.0451061 0.996709 59.9478 24.8241 1 0 621 0 1 1 
20170507011647 -0.0428729 -9.16085 -4.14304 0.0993046 0.93818 0.331598 0.992957 -0.112586 0.036895 0.106998 0.985881 0.128802 -0.0508754 -0.123947 0.990984 -7.12925 2.9162 6.15026 0.0993046 0.93818 0.331598 0.992957 -0.112586 0.036895 0.106998 0.985881 0.128802 -0.0508754 -0.123947 0.990984 59.9478 24.8241 1 0 616 0 1 2 
20170507011647 -0.0428729 -9.16085 -4.14304 0.946671 -0.0145908 -0.321871 0.864399 -0.0514419 -0.500169 0.0569316 0.998369 -0.00429133 0.499574 -0.024766 0.865917 -1.63826 -29.9718 3.76821 0.946671 -0.0145908 -0.321871 0.864399 -0.0514419 -0.500169 0.0569316 0.998369 -0.00429133 0.499574 -0.024766 0.865917 59.9478 24.8241 1 0 611 0 1 3 
20170507011648 -0.621265 -27.0152 2.67332 0 0 0 0.889917 -0.0417188 -0.454211 0.0415521 0.999083 -0.0103533 0.454226 -0.00965979 0.890834 -0.621265 -27.0152 2.67332 0 0 0 0.889917 -0.0417188 -0.454211 0.0415521 0.999083 -0.0103533 0.454226 -0.00965979 0.890834 59.9478 24.8241 1 0 609 0 0 0 
20170507011648 -2.34442 -26.9116 3.07345 0 0 0 0.890423 -0.035083 -0.453779 0.0478098 0.998719 0.0166004 0.452615 -0.0364765 0.89096 -2.34442 -26.9116 3.07345 0 0 0 0.890423 -0.035083 -0.453779 0.0478098 0.998719 0.0166004 0.452615 -0.0364765 0.89096 59.9478 24.8241 1 0 605 0 0 0 
20170507011649 -2.34442 -26.9116 3.07345 0.848115 0.27317 -0.453959 0.768992 -0.076621 -0.63465 -0.109418 0.962364 -0.248765 0.629825 0.26074 0.731666 19.6143 -39.0372 -8.09809 0.848115 0.27317 -0.453959 0.768992 -0.076621 -0.63465 -0.109418 0.962364 -0.248765 0.629825 0.26074 0.731666 59.9478 24.8241 1 0 597 0 1 1 
20170507011649 -2.34442 -26.9116 3.07345 0.879172 0.248957 -0.406296 0.644518 -0.256706 -0.720207 -0.0220863 0.935309 -0.353141 0.76427 0.243513 0.597154 22.1851 -49.8421 -1.96264 0.879172 0.248957 -0.406296 0.644518 -0.256706 -0.720207 -0.0220863 0.935309 -0.353141 0.76427 0.243513 0.597154 59.9478 24.8241 1 0 592 0 1 2 
20170507011650 -2.34442 -26.9116 3.07345 0.950451 0.261911 -0.167468 0.380446 -0.377556 -0.844223 -0.0244252 0.908447 -0.417285 0.924481 0.179375 0.336393 28.0679 -67.5902 -3.67344 0.950451 0.261911 -0.167468 0.380446 -0.377556 -0.844223 -0.0244252 0.908447 -0.417285 0.924481 0.179375 0.336393 59.9478 24.8241 1 0 572 0 1 3 
20170507011650 0.6652 0.937107 -2.03194 0.18826 0.0180333 -0.981954 0.999238 0.035644 0.0159318 -0.0354519 0.999297 -0.0121822 -0.0163549 0.0116081 0.999799 0.6652 0.937107 -2.03194 0.18826 0.0180333 -0.981954 0.999238 0.035644 0.0159318 -0.0354519 0.999297 -0.0121822 -0.0163549 0.0116081 0.999799 84.1781 36.3986 1 1 560 0 0 0 
20170507011650 2.08851 1.00829 -1.50176 0.199636 0.0462872 -0.978776 0.999502 0.0268313 0.0166242 -0.0262036 0.998976 -0.0368916 -0.017597 0.0364376 0.999181 2.08851 1.00829 -1.50176 0.199636 0.0462872 -0.978776 0.999502 0.0268313 0.0166242 -0.0262036 0.998976 -0.0368916 -0.017597 0.0364376 0.999181 84.3539 36.7597 1 1 557 0 0 0 
20170507011651 2.08851 1.00829 -1.50176 0.896473 0.331941 -0.293516 0.649926 -0.144062 -0.746218 -0.166113 0.931202 -0.324452 0.741621 0.334826 0.581282 29.9425 -47.8697 -14.3371 0.896473 0.331941 -0.293516 0.649926 -0.144062 -0.746218 -0.166113 0.931202 -0.324452 0.741621 0.334826 0.581282 84.3539 36.7597 1 1 557 0 1 1 
20170507011651 2.08851 1.00829 -1.50176 0.668877 0.0871216 -0.73825 0.877579 -0.171093 -0.447865 0.111924 0.981455 -0.155624 0.466185 0.0864457 0.880453 5.60751 -27.787 7.26809 0.668877 0.0871216 -0.73825 0.877579 -0.171093 -0.447865 0.111924 0.981455 -0.155624 0.466185 0.0864457 0.880453 84.3539 36.7597 1 1 557 0 1 2 
20170507011652 2.08851 1.00829 -1.50176 0.896747 0.278269 -0.34411 0.667381 -0.128396 -0.733565 -0.139742 0.945938 -0.292701 0.731488 0.297853 0.613359 25.9017 -47.0113 -11.8262 0.896747 0.278269 -0.34411 0.667381 -0.128396 -0.733565 -0.139742 0.945938 -0.292701 0.731488 0.297853 0.613359 84.3539 36.7597 1 1 556 0 1 3 
20170507011652 22.6371 -38.0662 -11.7517 0 0 0 0.770797 -0.0443591 -0.635535 -0.16035 0.951949 -0.260922 0.616571 0.303026 0.726647 22.6371 -38.0662 -11.7517 0 0 0 0.770797 -0.0443591 -0.635535 -0.16035 0.951949 -0.260922 0.616571 0.303026 0.726647 84.3539 36.7597 1 0 551 0 0 0 
20170507011653 22.6371 -38.0662 -11.7517 0.866561 0.233822 -0.440908 0.669578 -0.24306 -0.701846 -0.0162646 0.939914 -0.341023 0.742564 0.239757 0.625392 20.9753 -47.9503 -1.39149 0.866561 0.233822 -0.440908 0.669578 -0.24306 -0.701846 -0.0162646 0.939914 -0.341023 0.742564 0.239757 0.625392 84.3539 36.7597 1 0 551 0 1 1 
