20170507005707 -0.12559 0.774617 0.00196495 0 0 0 0.999909 -6.39282e-05 0.0135191 3.42917e-05 0.999998 0.00219241 -0.0135192 -0.00219175 0.999906 -0.12559 0.774617 0.00196495 -0.469758 0.20264 0.859223 0.999909 -6.39282e-05 0.0135191 3.42917e-05 0.999998 0.00219241 -0.0135192 -0.00219175 0.999906 4.18259 1.62229 0 1 2000 0 0 0 
20170507005708 -0.0583877 0.400058 0.202447 0 0 0 0.999969 -0.00354047 0.00697863 0.00353327 0.999993 0.00104372 -0.00698228 -0.00101903 0.999975 -0.0583877 0.400058 0.202447 0.050321 0.300328 0.952508 0.999969 -0.00354047 0.00697863 0.00353327 0.999993 0.00104372 -0.00698228 -0.00101903 0.999975 3.62324 1.27554 0 1 1999 0 0 0 
20170507005708 -0.0180856 0.456241 0.163912 0 0 0 0.999964 -0.00286331 0.00796189 0.00286071 0.999996 0.000338432 -0.00796283 -0.000315643 0.999968 -0.0180856 0.456241 0.163912 -0.588145 0.166064 0.791523 0.999964 -0.00286331 0.00796189 0.00286071 0.999996 0.000338432 -0.00796283 -0.000315643 0.999968 2.24145 1.02724 0 1 1999 0 0 0 
20170507005708 0.0691863 0.149422 0.348433 0 0 0 0.999978 -0.00607812 0.0026152 0.00608125 0.999981 -0.00119165 -0.00260791 0.00120752 0.999996 0.0691863 0.149422 0.348433 -0.399912 0.283769 0.871519 0.999978 -0.00607812 0.0026152 0.00608125 0.999981 -0.00119165 -0.00260791 0.00120752 0.999996 2.38027 1.14765 0 1 1999 0 0 0 
20170507005708 0.133181 0.342283 0.512028 0 0 0 0.999942 -0.00892254 0.00599445 0.00893629 0.999957 -0.00227097 -0.00597393 0.0023244 0.999979 0.133181 0.342283 0.512028 -0.463601 -0.293323 -0.836084 0.999942 -0.00892254 0.00599445 0.00893629 0.999957 -0.00227097 -0.00597393 0.0023244 0.999979 2.9524 1.4226 0 1 1999 0 0 0 
20170507005709 0.14512 0.425444 0.621831 0 0 0 0.999914 -0.0108339 0.00745236 0.0108525 0.999938 -0.00245209 -0.00742534 0.00253276 0.999969 0.14512 0.425444 0.621831 0.0472077 0.362512 0.930783 0.999914 -0.0108339 0.00745236 0.0108525 0.999938 -0.00245209 -0.00742534 0.00253276 0.999969 4.09924 1.92327 0 1 1999 0 0 0 
20170507005709 0.0855961 1.07774 0.499702 0 0 0 0.999785 -0.00869323 0.0188214 0.0087198 0.999961 -0.00132984 -0.0188091 0.00149367 0.999822 0.0855961 1.07774 0.499702 -0.642728 0.131117 0.754791 0.999785 -0.00869323 0.0188214 0.0087198 0.999961 -0.00132984 -0.0188091 0.00149367 0.999822 5.4497 2.57252 0 1 1999 0 0 0 
20170507005709 -0.0249156 0.779234 0.622668 0 0 0 0.999848 -0.0108733 0.0135943 0.0108664 0.999941 0.000582628 -0.0135998 -0.00043482 0.999907 -0.0249156 0.779234 0.622668 0.425419 0.0457892 -0.903837 0.999848 -0.0108733 0.0135943 0.0108664 0.999941 0.000582628 -0.0135998 -0.00043482 0.999907 6.97971 3.16629 0 1 1996 0 0 0 
20170507005709 0.097557 2.14489 0.754878 0 0 0 0.999213 -0.013111 0.0374458 0.0131655 0.999913 -0.00120946 -0.0374267 0.0017015 0.999298 0.097557 2.14489 0.754878 -0.928295 0.0930528 0.360014 0.999213 -0.013111 0.0374458 0.0131655 0.999913 -0.00120946 -0.0374267 0.0017015 0.999298 8.30501 3.71226 0 1 1996 0 0 0 
20170507005709 -0.0124159 2.26439 0.828324 0 0 0 0.999115 -0.014465 0.0395034 0.0144452 0.999895 0.000787862 -0.0395107 -0.00021653 0.999219 -0.0124159 2.26439 0.828324 -0.965172 -0.0102896 0.261415 0.999115 -0.014465 0.0395034 0.0144452 0.999895 0.000787862 -0.0395107 -0.00021653 0.999219 8.92163 3.93821 0 1 1996 0 0 0 
20170507005709 -0.0350337 2.5148 0.751296 0 0 0 0.998951 -0.013139 0.0438657 0.0130996 0.999913 0.00118673 -0.0438775 -0.000610865 0.999037 -0.0350337 2.5148 0.751296 -0.985828 -0.0852128 0.144503 0.998951 -0.013139 0.0438657 0.0130996 0.999913 0.00118673 -0.0438775 -0.000610865 0.999037 9.50204 3.99272 0 1 1996 0 0 0 
20170507005710 0.656491 2.91742 0.88794 0 0 0 0.998584 -0.0149128 0.0510647 0.0154768 0.999823 -0.0106676 -0.0508966 0.0114428 0.998638 0.656491 2.91742 0.88794 -0.944956 0.258918 0.200047 0.998584 -0.0149128 0.0510647 0.0154768 0.999823 -0.0106676 -0.0508966 0.0114428 0.998638 11.2501 4.32603 0 1 1993 0 0 0 
20170507005710 0.0249523 2.49215 0.996269 0 0 0 0.998903 -0.0173684 0.0434835 0.0173709 0.999849 0.00032061 -0.0434825 0.000435087 0.999054 0.0249523 2.49215 0.996269 -0.974587 -0.146881 0.169134 0.998903 -0.0173684 0.0434835 0.0173709 0.999849 0.00032061 -0.0434825 0.000435087 0.999054 12.513 4.44917 0 1 1986 0 0 0 
20170507005710 0.773021 3.36355 0.968199 0 0 0 0.998135 -0.0161045 0.0588856 0.0168683 0.99978 -0.0124981 -0.0586713 0.0134681 0.998186 0.773021 3.36355 0.968199 0.973494 -0.228603 0.00713713 0.998135 -0.0161045 0.0588856 0.0168683 0.99978 -0.0124981 -0.0586713 0.0134681 0.998186 13.2371 4.6736 0 1 1980 0 0 0 
20170507005710 0.396533 3.62992 0.788253 0 0 0 0.997899 -0.0133187 0.0633994 0.0137296 0.999887 -0.00604913 -0.0633117 0.00690687 0.99797 0.396533 3.62992 0.788253 -0.995662 0.0518059 0.0772917 0.997899 -0.0133187 0.0633994 0.0137296 0.999887 -0.00604913 -0.0633117 0.00690687 0.99797 12.5462 4.70912 0 1 1980 0 0 0 
20170507005710 0.189174 3.19351 0.826736 0 0 0 0.998343 -0.0142448 0.0557499 0.0144064 0.999893 -0.00249756 -0.0557083 0.00329658 0.998442 0.189174 3.19351 0.826736 -0.994288 -0.0229489 0.10423 0.998343 -0.0142448 0.0557499 0.0144064 0.999893 -0.00249756 -0.0557083 0.00329658 0.998442 11.4555 4.54352 0 1 1980 0 0 0 
20170507005711 0.750943 3.17743 0.852198 0 0 0 0.998352 -0.0141455 0.0556123 0.0148503 0.999814 -0.0122803 -0.0554282 0.0130859 0.998377 0.750943 3.17743 0.852198 0.98685 -0.156145 0.0417868 0.998352 -0.0141455 0.0556123 0.0148503 0.999814 -0.0122803 -0.0554282 0.0130859 0.998377 11.1427 4.41482 0 1 1980 0 0 0 
20170507005711 0.743811 3.25852 0.846827 0 0 0 0.998274 -0.0140403 0.0570222 0.0147555 0.999817 -0.0121402 -0.0568413 0.0129606 0.998299 0.743811 3.25852 0.846827 0.986451 -0.144285 0.0780838 0.998274 -0.0140403 0.0570222 0.0147555 0.999817 -0.0121402 -0.0568413 0.0129606 0.998299 11.7471 4.38415 0 1 1980 0 0 0 
20170507005711 0.86439 3.23317 0.820837 0 0 0 0.998306 -0.0134734 0.0566035 0.014303 0.999796 -0.0142765 -0.0563996 0.0150619 0.998295 0.86439 3.23317 0.820837 0.980028 -0.158841 0.119644 0.998306 -0.0134734 0.0566035 0.014303 0.999796 -0.0142765 -0.0563996 0.0150619 0.998295 11.8863 4.23071 0 1 1980 0 0 0 
20170507005711 0.690727 2.97239 0.749452 0 0 0 0.998569 -0.012454 0.0520042 0.0130624 0.99985 -0.0113759 -0.0518547 0.012039 0.998582 0.690727 2.97239 0.749452 0.984624 -0.0910649 0.149076 0.998569 -0.012454 0.0520042 0.0130624 0.99985 -0.0113759 -0.0518547 0.012039 0.998582 10.5445 3.86553 0 1 1980 0 0 0 
20170507005711 0.682887 2.81642 0.734748 0 0 0 0.99871 -0.0122369 0.0492813 0.0128079 0.999854 -0.0112873 -0.049136 0.0119039 0.998721 0.682887 2.81642 0.734748 0.981111 -0.112671 0.157246 0.99871 -0.0122369 0.0492813 0.0128079 0.999854 -0.0112873 -0.049136 0.0119039 0.998721 10.3708 3.75215 0 1 1980 0 0 0 
20170507005712 0.156846 2.91757 0.737722 0 0 0 0.998621 -0.0127359 0.05093 0.0128586 0.999915 -0.0020819 -0.0508991 0.00273392 0.9987 0.156846 2.91757 0.737722 -0.998288 -0.0535515 0.023529 0.998621 -0.0127359 0.05093 0.0128586 0.999915 -0.0020819 -0.0508991 0.00273392 0.9987 10.3104 3.69214 0 1 1979 0 0 0 
20170507005712 0.153401 2.668 0.731584 0 0 0 0.998835 -0.0126435 0.0465788 0.0127544 0.999916 -0.00208279 -0.0465486 0.00267445 0.998912 0.153401 2.668 0.731584 0.997319 0.0728798 0.00660426 0.998835 -0.0126435 0.0465788 0.0127544 0.999916 -0.00208279 -0.0465486 0.00267445 0.998912 10.0561 3.53917 0 1 1979 0 0 0 
20170507005712 0.206109 2.70493 0.716339 0 0 0 0.998808 -0.0123323 0.0472334 0.0124882 0.999917 -0.003007 -0.0471924 0.00359327 0.998879 0.206109 2.70493 0.716339 0.997691 0.0485152 0.0475383 0.998808 -0.0123323 0.0472334 0.0124882 0.999917 -0.003007 -0.0471924 0.00359327 0.998879 10.0747 3.41831 0 1 1979 0 0 0 
20170507005712 0.189454 2.35857 0.748306 0 0 0 0.999068 -0.0129239 0.0411926 0.013049 0.999911 -0.00276885 -0.0411531 0.00330378 0.999147 0.189454 2.35857 0.748306 0.986115 0.126107 0.108044 0.999068 -0.0129239 0.0411926 0.013049 0.999911 -0.00276885 -0.0411531 0.00330378 0.999147 10.385 3.32538 0 1 1979 0 0 0 
20170507005712 0.246919 2.47988 0.701794 0 0 0 0.998989 -0.0120617 0.0433176 0.0122368 0.999918 -0.00377926 -0.0432685 0.00430551 0.999054 0.246919 2.47988 0.701794 0.992622 0.0958795 0.0742159 0.998989 -0.0120617 0.0433176 0.0122368 0.999918 -0.00377926 -0.0432685 0.00430551 0.999054 10.3234 3.24865 0 1 1979 0 0 0 
20170507005713 0.177209 2.45052 0.7466 0 0 0 0.999001 -0.012898 0.0427931 0.0130183 0.999912 -0.00253549 -0.0427566 0.00309005 0.999081 0.177209 2.45052 0.7466 0.991967 0.121887 0.0338504 0.999001 -0.012898 0.0427931 0.0130183 0.999912 -0.00253549 -0.0427566 0.00309005 0.999081 10.6078 3.41244 0 1 1979 0 0 0 
20170507005713 0.381297 1.53524 0.868954 0 0 0 0.999526 -0.0149869 0.0268889 0.0151601 0.999866 -0.00624777 -0.0267917 0.00665244 0.999619 0.381297 1.53524 0.868954 -0.53839 -0.0599964 0.840557 0.999526 -0.0149869 0.0268889 0.0151601 0.999866 -0.00624777 -0.0267917 0.00665244 0.999619 10.7877 3.48366 0 1 1979 0 0 0 
20170507005713 0.28897 1.56516 0.960166 0 0 0 0.999487 -0.0166193 0.0273941 0.016751 0.999849 -0.00458505 -0.0273138 0.00504157 0.999614 0.28897 1.56516 0.960166 -0.515181 -0.041749 0.856064 0.999487 -0.0166193 0.0273941 0.016751 0.999849 -0.00458505 -0.0273138 0.00504157 0.999614 10.6773 3.72828 0 1 1979 0 0 0 
20170507005713 -0.251855 3.00975 0.756678 0 0 0 0.998534 -0.0134368 0.0524428 0.0131879 0.9999 0.00508869 -0.052506 -0.00438962 0.998611 -0.251855 3.00975 0.756678 -0.956634 -0.290182 0.0254067 0.998534 -0.0134368 0.0524428 0.0131879 0.9999 0.00508869 -0.052506 -0.00438962 0.998611 10.8176 3.90371 0 1 1979 0 0 0 
20170507005713 0.113396 2.70722 0.695293 0 0 0 0.99881 -0.0120414 0.0472528 0.0121213 0.999926 -0.00140584 -0.0472324 0.00197693 0.998882 0.113396 2.70722 0.695293 -0.937306 -0.0975873 0.334565 0.99881 -0.0120414 0.0472528 0.0121213 0.999926 -0.00140584 -0.0472324 0.00197693 0.998882 10.3457 3.94195 0 1 1979 0 0 0 
20170507005713 0.154391 2.3278 0.599681 0 0 0 0.99912 -0.0103567 0.0406425 0.0104576 0.999943 -0.00226939 -0.0406166 0.00269241 0.999171 0.154391 2.3278 0.599681 -0.89667 -0.121225 0.425778 0.99912 -0.0103567 0.0406425 0.0104576 0.999943 -0.00226939 -0.0406166 0.00269241 0.999171 9.15541 3.83012 0 1 1979 0 0 0 
20170507005714 -0.00945817 1.96471 0.593503 0 0 0 0.999359 -0.0103641 0.0342804 0.0103523 0.999946 0.000520194 -0.034284 -0.000164979 0.999412 -0.00945817 1.96471 0.593503 -0.861391 -0.370468 0.347504 0.999359 -0.0103641 0.0342804 0.0103523 0.999946 0.000520194 -0.034284 -0.000164979 0.999412 8.60729 3.85832 0 1 1979 0 0 0 
20170507005714 0.0386164 1.56851 0.55969 0 0 0 0.999578 -0.00974983 0.0273776 0.00976462 0.999952 -0.000406571 -0.0273723 0.000673731 0.999625 0.0386164 1.56851 0.55969 -0.760349 -0.456518 0.462018 0.999578 -0.00974983 0.0273776 0.00976462 0.999952 -0.000406571 -0.0273723 0.000673731 0.999625 9.19992 4.04537 0 1 1979 0 0 0 
20170507005714 0.738775 0.97004 0.583529 0 0 0 0.999805 -0.00996521 0.0170586 0.0101829 0.999867 -0.0127206 -0.0169296 0.0128919 0.999774 0.738775 0.97004 0.583529 -0.606954 -0.0584823 0.792582 0.999805 -0.00996521 0.0170586 0.0101829 0.999867 -0.0127206 -0.0169296 0.0128919 0.999774 10.0436 4.14331 0 1 1979 0 0 0 
20170507005714 1.03478 0.897733 0.414727 0 0 0 0.999851 -0.00695416 0.0157955 0.00723739 0.999813 -0.0179454 -0.0156678 0.018057 0.999714 1.03478 0.897733 0.414727 -0.607361 -0.0771421 0.790672 0.999851 -0.00695416 0.0157955 0.00723739 0.999813 -0.0179454 -0.0156678 0.018057 0.999714 11.2698 4.34148 0 1 1979 0 0 0 
20170507005714 0.0699986 1.30895 0.3598 0 0 0 0.999719 -0.00625175 0.0228507 0.00627802 0.99998 -0.00107823 -0.0228434 0.00122139 0.999738 0.0699986 1.30895 0.3598 -0.558907 -0.53592 0.632782 0.999719 -0.00625175 0.0228507 0.00627802 0.99998 -0.00107823 -0.0228434 0.00122139 0.999738 13.7849 5.03732 0 1 1979 0 0 0 
20170507005715 0.310218 1.09971 0.222394 0 0 0 0.999808 -0.00377752 0.019213 0.00388077 0.999978 -0.00533976 -0.0191924 0.0054133 0.999801 0.310218 1.09971 0.222394 -0.405666 -0.559118 0.723065 0.999808 -0.00377752 0.019213 0.00388077 0.999978 -0.00533976 -0.0191924 0.0054133 0.999801 16.9094 5.64514 0 1 1979 0 0 0 
20170507005715 -0.290369 0.789295 0.12697 0 0 0 0.999903 -0.00228582 0.0137639 0.00221582 0.999985 0.00509839 -0.0137754 -0.00506739 0.999892 -0.290369 0.789295 0.12697 -0.219504 -0.710382 0.668712 0.999903 -0.00228582 0.0137639 0.00221582 0.999985 0.00509839 -0.0137754 -0.00506739 0.999892 18.7949 6.28337 0 1 1979 0 0 0 
20170507005715 0.154618 0.533008 0.14013 -0.0618817 -0.648924 0.758333 0.999954 -0.00242062 0.00930915 0.00244563 0.999993 -0.00267584 -0.00930261 0.00269848 0.999953 0.154618 0.533008 0.14013 -0.0618817 -0.648924 0.758333 0.999954 -0.00242062 0.00930915 0.00244563 0.999993 -0.00267584 -0.00930261 0.00269848 0.999953 20.1098 6.80201 1 1 1979 0 0 0 
20170507005715 -0.0514967 0.36851 0.142388 0.0416573 -0.682528 0.729671 0.999976 -0.00249091 0.00642942 0.00248508 0.999996 0.000914767 -0.00643167 -0.000898767 0.999979 -0.0514967 0.36851 0.142388 0.0416573 -0.682528 0.729671 0.999976 -0.00249091 0.00642942 0.00248508 0.999996 0.000914767 -0.00643167 -0.000898767 0.999979 21.9438 7.52797 1 1 1979 0 0 0 
20170507005715 0.402815 0.275548 -0.012896 0.0915674 -0.607106 0.789327 0.999988 0.000258883 0.00480749 -0.000225075 0.999975 -0.00703147 -0.00480919 0.0070303 0.999964 0.402815 0.275548 -0.012896 0.0915674 -0.607106 0.789327 0.999988 0.000258883 0.00480749 -0.000225075 0.999975 -0.00703147 -0.00480919 0.0070303 0.999964 23.369 8.06655 1 1 1979 0 0 0 
20170507005715 0.409273 -0.0244096 -0.144359 0.159329 -0.562375 0.811387 0.999997 0.00251643 -0.000444013 -0.00251954 0.999971 -0.007142 0.000426028 0.0071431 0.999974 0.409273 -0.0244096 -0.144359 0.159329 -0.562375 0.811387 0.999997 0.00251643 -0.000444013 -0.00251954 0.999971 -0.007142 0.000426028 0.0071431 0.999974 23.5013 8.40797 1 1 1979 0 0 0 
20170507005716 0.716439 -0.220028 -0.200643 0.189989 -0.439313 0.878014 0.999986 0.00345358 -0.00388366 -0.00350184 0.999916 -0.0124904 0.0038402 0.0125038 0.999914 0.716439 -0.220028 -0.200643 0.189989 -0.439313 0.878014 0.999986 0.00345358 -0.00388366 -0.00350184 0.999916 -0.0124904 0.0038402 0.0125038 0.999914 22.241 8.16512 1 1 1979 0 0 0 
20170507005716 0.383693 -0.297219 -0.238944 0.190633 -0.446655 0.874162 0.999978 0.00413552 -0.00521519 -0.0041703 0.999969 -0.00667496 0.00518742 0.00669656 0.999964 0.383693 -0.297219 -0.238944 0.190633 -0.446655 0.874162 0.999978 0.00413552 -0.00521519 -0.0041703 0.999969 -0.00667496 0.00518742 0.00669656 0.999964 21.6826 8.29111 1 1 1979 0 0 0 
20170507005716 0.711016 -0.412112 -0.307314 0.165403 -0.33503 0.927576 0.99996 0.00527395 -0.00725855 -0.00536348 0.999909 -0.0123705 0.00719265 0.0124089 0.999897 0.711016 -0.412112 -0.307314 0.165403 -0.33503 0.927576 0.99996 0.00527395 -0.00725855 -0.00536348 0.999909 -0.0123705 0.00719265 0.0124089 0.999897 22.3393 8.62646 1 1 1979 0 0 0 
20170507005716 0.028261 -0.595011 -0.290561 0.139159 -0.456153 0.878953 0.999933 0.0050661 -0.0103871 -0.00507095 0.999987 -0.000440578 0.0103847 0.00049322 0.999946 0.028261 -0.595011 -0.290561 0.139159 -0.456153 0.878953 0.999933 0.0050661 -0.0103871 -0.00507095 0.999987 -0.000440578 0.0103847 0.00049322 0.999946 23.6325 9.35488 1 1 1979 0 0 0 
20170507005716 0.082858 -0.809804 -0.511995 0.110363 -0.405625 0.907353 0.99986 0.00891543 -0.0141456 -0.00893498 0.999959 -0.00131979 0.0141333 0.001446 0.999899 0.082858 -0.809804 -0.511995 0.110363 -0.405625 0.907353 0.99986 0.00891543 -0.0141456 -0.00893498 0.999959 -0.00131979 0.0141333 0.001446 0.999899 23.1716 9.68797 1 1 1979 0 0 0 
20170507005717 0.990752 -1.15038 -0.328341 0.14053 -0.158248 0.977348 0.999782 0.00538261 -0.0201724 -0.00572945 0.999836 -0.0171757 0.0200766 0.0172875 0.999649 0.990752 -1.15038 -0.328341 0.14053 -0.158248 0.977348 0.999782 0.00538261 -0.0201724 -0.00572945 0.999836 -0.0171757 0.0200766 0.0172875 0.999649 21.6467 9.42799 1 1 1979 0 0 0 
20170507005717 1.07132 -1.17285 -0.39498 0.127137 -0.15675 0.979421 0.999767 0.00650975 -0.0205936 -0.0068922 0.999804 -0.0185554 0.0204687 0.018693 0.999616 1.07132 -1.17285 -0.39498 0.127137 -0.15675 0.979421 0.999767 0.00650975 -0.0205936 -0.0068922 0.999804 -0.0185554 0.0204687 0.018693 0.999616 22.2376 9.65818 1 1 1979 0 0 0 
20170507005717 1.17072 -1.244 -0.381911 0.171625 -0.143541 0.974649 0.999742 0.00622061 -0.0218414 -0.00666399 0.999772 -0.0202864 0.0217103 0.0204268 0.999556 1.17072 -1.244 -0.381911 0.171625 -0.143541 0.974649 0.999742 0.00622061 -0.0218414 -0.00666399 0.999772 -0.0202864 0.0217103 0.0204268 0.999556 22.9977 10.039 1 1 1979 0 0 0 
20170507005717 1.0772 0.207734 0.077045 0.0312197 -0.21822 0.9754 0.999993 -0.00127629 0.00365026 0.00134468 0.999822 -0.0187947 -0.00362563 0.0187995 0.999817 1.0772 0.207734 0.077045 0.0312197 -0.21822 0.9754 0.999993 -0.00127629 0.00365026 0.00134468 0.999822 -0.0187947 -0.00362563 0.0187995 0.999817 25.261 10.5789 1 1 1979 0 0 0 
20170507005717 0.186632 -1.09736 -0.414092 0.178217 -0.347935 0.920424 0.99979 0.00716479 -0.0191742 -0.00722588 0.999969 -0.00311884 0.0191513 0.00325674 0.999811 0.186632 -1.09736 -0.414092 0.178217 -0.347935 0.920424 0.99979 0.00716479 -0.0191742 -0.00722588 0.999969 -0.00311884 0.0191513 0.00325674 0.999811 26.3211 10.8783 1 1 1979 0 0 0 
20170507005718 1.05489 -0.892728 -0.289581 0.242315 -0.282937 0.928025 0.999866 0.00476643 -0.0156706 -0.00505351 0.999819 -0.0183313 0.0155804 0.018408 0.999709 1.05489 -0.892728 -0.289581 0.242315 -0.282937 0.928025 0.999866 0.00476643 -0.0156706 -0.00505351 0.999819 -0.0183313 0.0155804 0.018408 0.999709 26.0198 10.8895 1 1 1979 0 0 0 
20170507005718 0.485998 -1.0494 -0.182409 0.262401 -0.39241 0.881567 0.999827 0.00302817 -0.0183408 -0.0031831 0.999959 -0.00842382 0.0183145 0.00848074 0.999796 0.485998 -1.0494 -0.182409 0.262401 -0.39241 0.881567 0.999827 0.00302817 -0.0183408 -0.0031831 0.999959 -0.00842382 0.0183145 0.00848074 0.999796 25.3682 10.954 1 1 1979 0 0 0 
20170507005718 0.0534027 -2.17452 -0.669796 0.376219 -0.49503 0.783201 0.999212 0.0116545 -0.0379517 -0.0116815 0.999932 -0.000488435 0.0379434 0.000931381 0.999279 0.0534027 -2.17452 -0.669796 0.376219 -0.49503 0.783201 0.999212 0.0116545 -0.0379517 -0.0116815 0.999932 -0.000488435 0.0379434 0.000931381 0.999279 26.1417 11.2497 1 1 1979 0 0 0 
20170507005718 -0.0641902 -2.16774 -0.681037 0.3555 -0.530427 0.769589 0.999214 0.0119284 -0.0378092 -0.0118776 0.999928 0.00156984 0.0378253 -0.00111953 0.999284 -0.0641902 -2.16774 -0.681037 0.3555 -0.530427 0.769589 0.999214 0.0119284 -0.0378092 -0.0118776 0.999928 0.00156984 0.0378253 -0.00111953 0.999284 27.5353 11.7499 1 1 1979 0 0 0 
20170507005718 1.30909 -1.34175 -0.361502 0.299463 -0.350042 0.887577 0.999706 0.00577276 -0.0235534 -0.00630763 0.999722 -0.0226979 0.0234159 0.0228398 0.999465 1.30909 -1.34175 -0.361502 0.299463 -0.350042 0.887577 0.999706 0.00577276 -0.0235534 -0.00630763 0.999722 -0.0226979 0.0234159 0.0228398 0.999465 28.5659 11.9876 1 1 1979 0 0 0 
20170507005719 0.201536 -1.6858 -0.611657 0.237792 -0.517134 0.822209 0.99951 0.0105717 -0.0294543 -0.0106706 0.999938 -0.00320321 0.0294186 0.00351594 0.999561 0.201536 -1.6858 -0.611657 0.237792 -0.517134 0.822209 0.99951 0.0105717 -0.0294543 -0.0106706 0.999938 -0.00320321 0.0294186 0.00351594 0.999561 28.1283 11.8213 1 1 1979 0 0 0 
20170507005719 0.1392 -1.77792 -0.741015 0.22455 -0.519901 0.824184 0.999435 0.0128574 -0.0310542 -0.0129266 0.999914 -0.00202804 0.0310255 0.00242832 0.999516 0.1392 -1.77792 -0.741015 0.22455 -0.519901 0.824184 0.999435 0.0128574 -0.0310542 -0.0129266 0.999914 -0.00202804 0.0310255 0.00242832 0.999516 28.5242 12.0914 1 1 1979 0 0 0 
20170507005719 1.10772 -1.4982 -0.666204 0.141759 -0.345878 0.927509 0.999591 0.0111196 -0.0263637 -0.0116232 0.999751 -0.0190269 0.0261456 0.0193255 0.999471 1.10772 -1.4982 -0.666204 0.141759 -0.345878 0.927509 0.999591 0.0111196 -0.0263637 -0.0116232 0.999751 -0.0190269 0.0261456 0.0193255 0.999471 29.8909 12.5097 1 1 1978 0 0 0 
20170507005719 0.938067 -1.99332 -0.653772 0.23709 -0.323293 0.916117 0.99933 0.0108393 -0.0349629 -0.0114033 0.999807 -0.0159737 0.034783 0.0163617 0.999261 0.938067 -1.99332 -0.653772 0.23709 -0.323293 0.916117 0.99933 0.0108393 -0.0349629 -0.0114033 0.999807 -0.0159737 0.034783 0.0163617 0.999261 30.4752 13.1182 1 1 1977 0 0 0 
20170507005719 -0.187554 -2.75585 -1.74846 0.335024 -0.506303 0.794617 0.998378 0.0306687 -0.0479575 -0.0304763 0.999524 0.0047389 0.04808 -0.00326965 0.998838 -0.187554 -2.75585 -1.74846 0.335024 -0.506303 0.794617 0.998378 0.0306687 -0.0479575 -0.0304763 0.999524 0.0047389 0.04808 -0.00326965 0.998838 31.451 13.3484 1 1 1977 0 0 0 
20170507005720 0.89927 -1.41346 -0.438234 0.236714 -0.280671 0.930156 0.999666 0.00726048 -0.0247833 -0.00764622 0.999851 -0.0155055 0.024667 0.0156898 0.999573 0.89927 -1.41346 -0.438234 0.236714 -0.280671 0.930156 0.999666 0.00726048 -0.0247833 -0.00764622 0.999851 -0.0155055 0.024667 0.0156898 0.999573 32.1363 13.4344 1 1 1977 0 0 0 
20170507005720 0.816458 -1.27783 -0.365867 0.245427 -0.263303 0.932972 0.999731 0.00606712 -0.0223887 -0.00638394 0.99988 -0.0141067 0.0223004 0.0142459 0.99965 0.816458 -1.27783 -0.365867 0.245427 -0.263303 0.932972 0.999731 0.00606712 -0.0223887 -0.00638394 0.99988 -0.0141067 0.0223004 0.0142459 0.99965 32.5145 13.4975 1 1 1977 0 0 0 
20170507005720 0.635405 -1.22548 -0.404907 0.250798 -0.253689 0.934207 0.999746 0.00682929 -0.0214635 -0.00706528 0.999915 -0.0109383 0.021387 0.0110872 0.99971 0.635405 -1.22548 -0.404907 0.250798 -0.253689 0.934207 0.999746 0.00682929 -0.0214635 -0.00706528 0.999915 -0.0109383 0.021387 0.0110872 0.99971 32.5998 13.6116 1 1 1977 0 0 0 
20170507005720 0.434999 -1.17209 -0.343801 0.268225 -0.21854 0.938241 0.999773 0.00584495 -0.0204999 -0.00599916 0.999954 -0.00746921 0.0204553 0.0075905 0.999762 0.434999 -1.17209 -0.343801 0.268225 -0.21854 0.938241 0.999773 0.00584495 -0.0204999 -0.00599916 0.999954 -0.00746921 0.0204553 0.0075905 0.999762 31.5987 13.4368 1 1 1977 0 0 0 
20170507005720 0.240282 0.372109 -0.151525 0.122761 -0.214749 0.968923 0.999975 0.00267182 0.00648331 -0.00264455 0.999988 -0.00421086 -0.00649448 0.00419361 0.99997 0.240282 0.372109 -0.151525 0.122761 -0.214749 0.968923 0.999975 0.00267182 0.00648331 -0.00264455 0.999988 -0.00421086 -0.00649448 0.00419361 0.99997 30.5376 13.279 1 1 1977 0 0 0 
20170507005721 0.135849 0.35786 -0.0104303 0.107827 -0.16109 0.981032 0.99998 0.000196852 0.00624534 -0.00018204 0.999997 -0.00237215 -0.00624579 0.00237097 0.999978 0.135849 0.35786 -0.0104303 0.107827 -0.16109 0.981032 0.99998 0.000196852 0.00624534 -0.00018204 0.999997 -0.00237215 -0.00624579 0.00237097 0.999978 29.3366 13.0154 1 1 1977 0 0 0 
20170507005721 0.142488 0.4901 -0.0102477 0.112858 -0.105911 0.98795 0.999963 0.000200128 0.00855329 -0.00017885 0.999997 -0.00248842 -0.00855376 0.0024868 0.99996 0.142488 0.4901 -0.0102477 0.112858 -0.105911 0.98795 0.999963 0.000200128 0.00855329 -0.00017885 0.999997 -0.00248842 -0.00855376 0.0024868 0.99996 29.4758 13.375 1 1 1977 0 0 0 
20170507005721 0.201564 0.282871 0.0856975 0.119313 -0.0548872 0.991338 0.999987 -0.00147833 0.00494223 0.00149569 0.999993 -0.00351057 -0.00493701 0.00351791 0.999982 0.201564 0.282871 0.0856975 0.119313 -0.0548872 0.991338 0.999987 -0.00147833 0.00494223 0.00149569 0.999993 -0.00351057 -0.00493701 0.00351791 0.999982 29.6109 13.5061 1 1 1977 0 0 0 
20170507005721 0.519472 1.61423 -0.0767434 -0.0287289 -0.0111274 0.999525 0.999602 0.00159477 0.0281565 -0.00133889 0.999958 -0.00910409 -0.0281698 0.00906277 0.999562 0.519472 1.61423 -0.0767434 -0.0287289 -0.0111274 0.999525 0.999602 0.00159477 0.0281565 -0.00133889 0.999958 -0.00910409 -0.0281698 0.00906277 0.999562 31.0305 14.2533 1 1 1977 0 0 0 
20170507005721 0.463236 1.86708 0.0943093 -0.0450195 -0.00890548 0.998946 0.999468 -0.00138254 0.032593 0.00164513 0.999966 -0.00803128 -0.0325808 0.00808062 0.999436 0.463236 1.86708 0.0943093 -0.0450195 -0.00890548 0.998946 0.999468 -0.00138254 0.032593 0.00164513 0.999966 -0.00803128 -0.0325808 0.00808062 0.999436 32.6581 15.2275 1 1 1977 0 0 0 
20170507005722 0.459633 2.49528 0.312085 -0.078174 -0.0207193 0.996724 0.999037 -0.00509746 0.0435788 0.00544172 0.999955 -0.00778477 -0.0435372 0.00801442 0.99902 0.459633 2.49528 0.312085 -0.078174 -0.0207193 0.996724 0.999037 -0.00509746 0.0435788 0.00544172 0.999955 -0.00778477 -0.0435372 0.00801442 0.99902 34.6904 16.3223 1 1 1977 0 0 0 
20170507005722 0.487907 2.40061 0.388886 0.0238791 0.0364415 -0.99905 0.999099 -0.00643037 0.0419416 0.00678133 0.999943 -0.00823101 -0.0418863 0.00850802 0.999086 0.487907 2.40061 0.388886 0.0238791 0.0364415 -0.99905 0.999099 -0.00643037 0.0419416 0.00678133 0.999943 -0.00823101 -0.0418863 0.00850802 0.999086 36.0134 17.1361 1 1 1970 0 0 0 
20170507005722 0.370853 1.83813 0.580607 -0.0147636 0.0347795 -0.999286 0.999434 -0.00992551 0.0321392 0.0101281 0.99993 -0.0061472 -0.0320759 0.00646923 0.999464 0.370853 1.83813 0.580607 -0.0147636 0.0347795 -0.999286 0.999434 -0.00992551 0.0321392 0.0101281 0.99993 -0.0061472 -0.0320759 0.00646923 0.999464 36.1995 17.3039 1 1 1967 0 0 0 
20170507005722 -0.0312641 2.46412 0.317124 -0.0526118 -0.0813035 0.9953 0.99906 -0.00555829 0.0429901 0.00552972 0.999984 0.000783616 -0.0429938 -0.000545157 0.999075 -0.0312641 2.46412 0.317124 -0.0526118 -0.0813035 0.9953 0.99906 -0.00555829 0.0429901 0.00552972 0.999984 0.000783616 -0.0429938 -0.000545157 0.999075 36.2164 17.2222 1 1 1967 0 0 0 
20170507005722 0.524788 2.68843 0.601564 0.0270453 0.0671335 -0.997377 0.998844 -0.0100691 0.0469963 0.0104875 0.999907 -0.00866622 -0.0469047 0.00914908 0.998857 0.524788 2.68843 0.601564 0.0270453 0.0671335 -0.997377 0.998844 -0.0100691 0.0469963 0.0104875 0.999907 -0.00866622 -0.0469047 0.00914908 0.998857 37.2764 17.4231 1 1 1966 0 0 0 
20170507005723 0.465494 2.07976 0.524711 -0.00606526 0.085237 -0.996342 0.999299 -0.00886268 0.0363623 0.00915177 0.999928 -0.00779164 -0.0362906 0.00811896 0.999308 0.465494 2.07976 0.524711 -0.00606526 0.085237 -0.996342 0.999299 -0.00886268 0.0363623 0.00915177 0.999928 -0.00779164 -0.0362906 0.00811896 0.999308 37.3799 17.053 1 1 1966 0 0 0 
20170507005723 0.547817 2.15202 0.493801 0.00687787 0.0791842 -0.996836 0.999258 -0.00825893 0.0376303 0.00861226 0.99992 -0.00923709 -0.037551 0.00955432 0.999249 0.547817 2.15202 0.493801 0.00687787 0.0791842 -0.996836 0.999258 -0.00825893 0.0376303 0.00861226 0.99992 -0.00923709 -0.037551 0.00955432 0.999249 37.1693 16.8633 1 1 1966 0 0 0 
20170507005723 0.493926 2.24818 0.595017 0.011448 0.0813163 -0.996623 0.999176 -0.0100463 0.0393141 0.0103768 0.999912 -0.00821271 -0.0392281 0.0086139 0.999193 0.493926 2.24818 0.595017 0.011448 0.0813163 -0.996623 0.999176 -0.0100463 0.0393141 0.0103768 0.999912 -0.00821271 -0.0392281 0.0086139 0.999193 37.7576 17.27 1 1 1966 0 0 0 
20170507005723 0.895661 2.80513 0.490077 -0.0624688 -0.0439439 0.997079 0.998765 -0.00778734 0.0490652 0.00854311 0.999848 -0.0152125 -0.0489392 0.0156129 0.99868 0.895661 2.80513 0.490077 -0.0624688 -0.0439439 0.997079 0.998765 -0.00778734 0.0490652 0.00854311 0.999848 -0.0152125 -0.0489392 0.0156129 0.99868 39.9726 18.3093 1 1 1963 0 0 0 
20170507005723 0.430747 1.28957 0.643209 -0.00989362 -0.0888979 0.995992 0.999684 -0.0110564 0.0225876 0.011223 0.999911 -0.00726478 -0.0225053 0.00751599 0.999718 0.430747 1.28957 0.643209 -0.00989362 -0.0888979 0.995992 0.999684 -0.0110564 0.0225876 0.011223 0.999911 -0.00726478 -0.0225053 0.00751599 0.999718 41.2957 18.0643 1 1 1958 0 0 0 
20170507005724 -0.736997 -0.474059 0.079065 0.0628419 -0.184203 0.980877 0.999965 -0.00127341 -0.00829086 0.0013799 0.999916 0.0128512 0.0082738 -0.0128622 0.999883 -0.736997 -0.474059 0.079065 0.0628419 -0.184203 0.980877 0.999965 -0.00127341 -0.00829086 0.0013799 0.999916 0.0128512 0.0082738 -0.0128622 0.999883 42.4498 17.7352 1 1 1955 0 0 0 
20170507005724 -0.0295906 1.81044 0.261327 -0.161329 -0.104236 0.981381 0.99949 -0.00457731 0.0315902 0.00455872 0.999989 0.000660543 -0.0315929 -0.000516195 0.999501 -0.0295906 1.81044 0.261327 -0.161329 -0.104236 0.981381 0.99949 -0.00457731 0.0315902 0.00455872 0.999989 0.000660543 -0.0315929 -0.000516195 0.999501 43.5313 18.1358 1 1 1955 0 0 0 
20170507005724 0.499937 2.58929 0.351289 -0.277967 -0.031791 0.960064 0.99896 -0.0057367 0.0452272 0.00612485 0.999946 -0.00844831 -0.0451763 0.00871653 0.998941 0.499937 2.58929 0.351289 -0.277967 -0.031791 0.960064 0.99896 -0.0057367 0.0452272 0.00612485 0.999946 -0.00844831 -0.0451763 0.00871653 0.998941 43.1487 18.4278 1 1 1955 0 0 0 
20170507005724 0.499356 3.19269 0.663198 -0.302874 0.0015132 0.953029 0.998381 -0.0110889 0.0557892 0.0115568 0.999901 -0.00807009 -0.0556942 0.00870177 0.99841 0.499356 3.19269 0.663198 -0.302874 0.0015132 0.953029 0.998381 -0.0110889 0.0557892 0.0115568 0.999901 -0.00807009 -0.0556942 0.00870177 0.99841 43.4232 18.6633 1 1 1955 0 0 0 
20170507005725 1.12361 2.01668 0.658209 -0.211151 0.0410365 0.976592 0.999315 -0.0107954 0.0354066 0.0114805 0.99975 -0.019204 -0.0351904 0.0195973 0.999188 1.12361 2.01668 0.658209 -0.211151 0.0410365 0.976592 0.999315 -0.0107954 0.0354066 0.0114805 0.99975 -0.019204 -0.0351904 0.0195973 0.999188 43.5388 18.8545 1 1 1954 0 0 0 
20170507005725 0.598974 2.02997 0.741524 -0.18998 0.0261284 0.98144 0.999289 -0.0125707 0.0355526 0.0129336 0.999866 -0.0099946 -0.0354222 0.0104473 0.999318 0.598974 2.02997 0.741524 -0.18998 0.0261284 0.98144 0.999289 -0.0125707 0.0355526 0.0129336 0.999866 -0.0099946 -0.0354222 0.0104473 0.999318 42.4627 18.4465 1 1 1952 0 0 0 
20170507005725 0.688689 1.85259 0.802134 -0.153313 0.0308454 0.987696 0.999379 -0.0136099 0.032491 0.0139921 0.999835 -0.0115659 -0.0323282 0.0120133 0.999405 0.688689 1.85259 0.802134 -0.153313 0.0308454 0.987696 0.999379 -0.0136099 0.032491 0.0139921 0.999835 -0.0115659 -0.0323282 0.0120133 0.999405 41.0764 17.792 1 1 1952 0 0 0 
20170507005725 0.358169 1.6068 0.600639 -0.110379 -0.0143181 0.993786 0.999552 -0.0103075 0.0281038 0.0104788 0.999927 -0.00595691 -0.0280403 0.00624873 0.999587 0.358169 1.6068 0.600639 -0.110379 -0.0143181 0.993786 0.999552 -0.0103075 0.0281038 0.0104788 0.999927 -0.00595691 -0.0280403 0.00624873 0.999587 40.1794 17.686 1 1 1952 0 0 0 
20170507005725 0.921576 3.0676 0.498244 -0.179817 0.0152384 0.983582 0.998529 -0.00783409 0.0536451 0.00868343 0.99984 -0.0156179 -0.0535142 0.0160608 0.998438 0.921576 3.0676 0.498244 -0.179817 0.0152384 0.983582 0.998529 -0.00783409 0.0536451 0.00868343 0.99984 -0.0156179 -0.0535142 0.0160608 0.998438 39.3742 17.2352 1 1 1952 0 0 0 
20170507005726 0.212693 1.62427 0.641709 -0.025218 -0.0857757 0.995995 0.999536 -0.0110944 0.0283847 0.0111952 0.999932 -0.00339449 -0.0283451 0.00371069 0.999591 0.212693 1.62427 0.641709 -0.025218 -0.0857757 0.995995 0.999536 -0.0110944 0.0283847 0.0111952 0.999932 -0.00339449 -0.0283451 0.00371069 0.999591 38.6297 17.1152 1 1 1952 0 0 0 
20170507005726 0.151033 1.18032 0.639876 0.0709141 -0.122603 0.989919 0.999725 -0.0111134 0.0206271 0.0111653 0.999935 -0.00240582 -0.020599 0.00263546 0.999784 0.151033 1.18032 0.639876 0.0709141 -0.122603 0.989919 0.999725 -0.0111134 0.0206271 0.0111653 0.999935 -0.00240582 -0.020599 0.00263546 0.999784 38.2491 17.3319 1 1 1952 0 0 0 
20170507005726 0.521105 1.88492 0.572612 -0.098324 0.152354 -0.983423 0.999409 -0.00969426 0.03298 0.0099884 0.999912 -0.00876572 -0.0328921 0.00908995 0.999418 0.521105 1.88492 0.572612 -0.098324 0.152354 -0.983423 0.999409 -0.00969426 0.03298 0.0099884 0.999912 -0.00876572 -0.0328921 0.00908995 0.999418 38.4781 17.9902 1 1 1952 0 0 0 
20170507005726 0.402763 0.343796 0.20994 0.316498 -0.186509 0.930077 0.999975 -0.00362187 0.00602591 0.00366407 0.999969 -0.00700744 -0.00600034 0.00702935 0.999957 0.402763 0.343796 0.20994 0.316498 -0.186509 0.930077 0.999975 -0.00362187 0.00602591 0.00366407 0.999969 -0.00700744 -0.00600034 0.00702935 0.999957 39.3162 18.5296 1 1 1952 0 0 0 
20170507005727 0.615824 1.46135 0.415147 -0.359958 0.235065 -0.90287 0.999649 -0.0069711 0.0255784 0.00724326 0.999918 -0.0105629 -0.0255027 0.0107445 0.999617 0.615824 1.46135 0.415147 -0.359958 0.235065 -0.90287 0.999649 -0.0069711 0.0255784 0.00724326 0.999918 -0.0105629 -0.0255027 0.0107445 0.999617 43.6599 19.884 1 1 1952 0 0 0 
20170507005727 0.300529 -0.560999 -0.243127 0.55738 -0.32116 0.765626 0.999943 0.00419194 -0.00981315 -0.00424315 0.999977 -0.00520361 0.00979112 0.00524495 0.999938 0.300529 -0.560999 -0.243127 0.55738 -0.32116 0.765626 0.999943 0.00419194 -0.00981315 -0.00424315 0.999977 -0.00520361 0.00979112 0.00524495 0.999938 49.575 21.7837 1 1 1950 0 0 0 
20170507005727 0.215569 -0.536092 0.0335316 0.569828 -0.313872 0.759461 0.999956 -0.000620434 -0.00935416 0.000585211 0.999993 -0.00376785 0.00935643 0.00376221 0.999949 0.215569 -0.536092 0.0335316 0.569828 -0.313872 0.759461 0.999956 -0.000620434 -0.00935416 0.000585211 0.999993 -0.00376785 0.00935643 0.00376221 0.999949 53.3928 23.0726 1 1 1943 0 0 0 
20170507005727 0.81334 -1.40699 -0.632891 0.618228 -0.260275 0.741654 0.999638 0.0106962 -0.0247069 -0.0110425 0.999842 -0.0139229 0.0245541 0.0141907 0.999598 0.81334 -1.40699 -0.632891 0.618228 -0.260275 0.741654 0.999638 0.0106962 -0.0247069 -0.0110425 0.999842 -0.0139229 0.0245541 0.0141907 0.999598 55.6169 24.4004 1 1 1938 0 0 0 
20170507005727 -0.842016 -3.54588 -1.30403 0.693193 -0.363802 0.622199 0.997827 0.0236639 -0.0614907 -0.0227142 0.999612 0.016099 0.0618478 -0.0146673 0.997978 -0.842016 -3.54588 -1.30403 0.693193 -0.363802 0.622199 0.997827 0.0236639 -0.0614907 -0.0227142 0.999612 0.016099 0.0618478 -0.0146673 0.997978 56.5737 25.8632 1 1 1935 0 0 0 
20170507005728 1.3006 -2.83399 -0.973253 0.652719 -0.185355 0.734576 0.998633 0.0158592 -0.0498079 -0.0169649 0.999617 -0.0218549 0.0494423 0.02267 0.99852 1.3006 -2.83399 -0.973253 0.652719 -0.185355 0.734576 0.998633 0.0158592 -0.0498079 -0.0169649 0.999617 -0.0218549 0.0494423 0.02267 0.99852 56.7006 26.9836 1 1 1935 0 0 0 
20170507005728 1.32518 -3.28271 -1.58282 0.675275 -0.156705 0.720727 0.997978 0.0262908 -0.0578644 -0.0275766 0.999388 -0.0215366 0.0572628 0.0230888 0.998092 1.32518 -3.28271 -1.58282 0.675275 -0.156705 0.720727 0.997978 0.0262908 -0.0578644 -0.0275766 0.999388 -0.0215366 0.0572628 0.0230888 0.998092 57.4574 28.5177 1 1 1935 0 0 0 
20170507005728 1.81254 -3.28763 -1.78854 0.640499 -0.0948388 0.762081 0.997868 0.0293822 -0.058279 -0.0311594 0.999069 -0.0298251 0.0573484 0.0315774 0.997855 1.81254 -3.28763 -1.78854 0.640499 -0.0948388 0.762081 0.997868 0.0293822 -0.058279 -0.0311594 0.999069 -0.0298251 0.0573484 0.0315774 0.997855 56.5174 29.8899 1 1 1935 0 0 0 
20170507005728 0.254282 -3.2409 -1.14861 0.641213 -0.141296 0.754242 0.9982 0.0197946 -0.0566113 -0.0200136 0.999794 -0.0033039 0.0565342 0.00443095 0.998391 0.254282 -3.2409 -1.14861 0.641213 -0.141296 0.754242 0.9982 0.0197946 -0.0566113 -0.0200136 0.999794 -0.0033039 0.0565342 0.00443095 0.998391 55.6021 30.5017 1 1 1935 0 0 0 
20170507005729 1.06516 -3.84801 -1.80671 0.632847 -0.0843482 0.769668 0.99725 0.0302755 -0.0676511 -0.0314568 0.999369 -0.0164648 0.06711 0.0185476 0.997573 1.06516 -3.84801 -1.80671 0.632847 -0.0843482 0.769668 0.99725 0.0302755 -0.0676511 -0.0314568 0.999369 -0.0164648 0.06711 0.0185476 0.997573 53.6226 30.1416 1 1 1935 0 0 0 
20170507005729 0.908488 -3.59085 -1.87297 0.608111 -0.0811226 0.789696 0.997504 0.0316871 -0.063108 -0.0326196 0.999373 -0.0138002 0.0626311 0.0158243 0.997911 0.908488 -3.59085 -1.87297 0.608111 -0.0811226 0.789696 0.997504 0.0316871 -0.063108 -0.0326196 0.999373 -0.0138002 0.0626311 0.0158243 0.997911 52.002 29.4744 1 1 1935 0 0 0 
20170507005729 0.31699 -4.14579 -1.53174 0.615387 -0.10535 0.781153 0.997027 0.0263305 -0.0724155 -0.0266608 0.999638 -0.00359805 0.0722946 0.00551801 0.997368 0.31699 -4.14579 -1.53174 0.615387 -0.10535 0.781153 0.997027 0.0263305 -0.0724155 -0.0266608 0.999638 -0.00359805 0.0722946 0.00551801 0.997368 50.4391 28.1056 1 1 1935 0 0 0 
20170507005729 0.0838763 -3.73606 -1.40202 0.577503 -0.120889 0.807388 0.997576 0.024372 -0.0651766 -0.0244154 0.999702 0.00013082 0.0651603 0.00146081 0.997874 0.0838763 -3.73606 -1.40202 0.577503 -0.120889 0.807388 0.997576 0.024372 -0.0651766 -0.0244154 0.999702 0.00013082 0.0651603 0.00146081 0.997874 49.707 27.0938 1 1 1935 0 0 0 
20170507005730 -0.0917777 -3.59279 -1.33024 0.530175 -0.138994 0.836418 0.997766 0.0233153 -0.0626108 -0.0231693 0.999727 0.00305615 0.062665 -0.00159867 0.998033 -0.0917777 -3.59279 -1.33024 0.530175 -0.138994 0.836418 0.997766 0.0233153 -0.0626108 -0.0231693 0.999727 0.00305615 0.062665 -0.00159867 0.998033 47.7799 25.5566 1 1 1935 0 0 0 
20170507005730 0.681769 -3.47083 -1.50197 0.478741 -0.097346 0.872543 0.997823 0.0254894 -0.0608272 -0.0261633 0.999605 -0.010308 0.0605404 0.011877 0.998095 0.681769 -3.47083 -1.50197 0.478741 -0.097346 0.872543 0.997823 0.0254894 -0.0608272 -0.0261633 0.999605 -0.010308 0.0605404 0.011877 0.998095 46.9243 24.4321 1 1 1935 0 0 0 
20170507005730 0.273494 -3.36138 -1.41382 0.452067 -0.12677 0.88293 0.997976 0.0243932 -0.0587327 -0.0246309 0.999691 -0.00332524 0.0586335 0.00476515 0.998268 0.273494 -3.36138 -1.41382 0.452067 -0.12677 0.88293 0.997976 0.0243932 -0.0587327 -0.0246309 0.999691 -0.00332524 0.0586335 0.00476515 0.998268 46.2319 23.3425 1 1 1935 0 0 0 
20170507005730 0.631241 -2.7562 -0.997255 0.400553 -0.078805 0.912879 0.998692 0.0168738 -0.0482678 -0.0173844 0.999797 -0.0101785 0.0480862 0.0110043 0.998783 0.631241 -2.7562 -0.997255 0.400553 -0.078805 0.912879 0.998692 0.0168738 -0.0482678 -0.0173844 0.999797 -0.0101785 0.0480862 0.0110043 0.998783 44.9317 22.2882 1 1 1935 0 0 0 
20170507005730 1.32984 -0.613711 -1.26905 0.247378 -0.0286743 0.968495 0.999697 0.0218927 -0.0112196 -0.0221459 0.999491 -0.0229651 0.0107111 0.0232066 0.999673 1.32984 -0.613711 -1.26905 0.247378 -0.0286743 0.968495 0.999697 0.0218927 -0.0112196 -0.0221459 0.999491 -0.0229651 0.0107111 0.0232066 0.999673 45.251 21.824 1 1 1935 0 0 0 
20170507005731 -0.414766 -1.57329 -0.530119 0.281889 -0.106813 0.953483 0.99958 0.0094507 -0.0273867 -0.00924871 0.999929 0.00749268 0.0274556 -0.00723624 0.999597 -0.414766 -1.57329 -0.530119 0.281889 -0.106813 0.953483 0.99958 0.0094507 -0.0273867 -0.00924871 0.999929 0.00749268 0.0274556 -0.00723624 0.999597 45.8216 21.899 1 1 1933 0 0 0 
20170507005731 0.633743 -0.824289 -0.345663 0.241724 -0.0624384 0.968334 0.999878 0.00587344 -0.0144516 -0.0060323 0.999922 -0.0109737 0.0143861 0.0110595 0.999835 0.633743 -0.824289 -0.345663 0.241724 -0.0624384 0.968334 0.999878 0.00587344 -0.0144516 -0.0060323 0.999922 -0.0109737 0.0143861 0.0110595 0.999835 46.0967 22.0576 1 1 1931 0 0 0 
20170507005731 0.66706 0.185547 -0.0130346 0.175359 -0.0178764 0.984342 0.999995 0.000265184 0.00323552 -0.000227496 0.999932 -0.0116429 -0.00323839 0.0116421 0.999927 0.66706 0.185547 -0.0130346 0.175359 -0.0178764 0.984342 0.999995 0.000265184 0.00323552 -0.000227496 0.999932 -0.0116429 -0.00323839 0.0116421 0.999927 46.7039 22.57 1 1 1926 0 0 0 
20170507005731 1.84297 -0.445869 -0.164384 0.165594 0.045912 0.985125 0.999966 0.00261729 -0.00787002 -0.00286896 0.999479 -0.0321379 0.00778181 0.0321593 0.999452 1.84297 -0.445869 -0.164384 0.165594 0.045912 0.985125 0.999966 0.00261729 -0.00787002 -0.00286896 0.999479 -0.0321379 0.00778181 0.0321593 0.999452 47.3529 23.0067 1 1 1916 0 0 0 
20170507005732 1.29319 2.09405 -0.199035 0.0227127 0.0263884 0.999394 0.999326 0.00429757 0.0364519 -0.00347149 0.999736 -0.0226952 -0.0365399 0.0225534 0.999078 1.29319 2.09405 -0.199035 0.0227127 0.0263884 0.999394 0.999326 0.00429757 0.0364519 -0.00347149 0.999736 -0.0226952 -0.0365399 0.0225534 0.999078 47.602 22.7507 1 1 1915 0 0 0 
