20170507174313 0.0782616 0.129204 -0.0966785 0 0 0 0.999996 0.00169044 0.00225272 -0.00168735 0.999998 -0.00136973 -0.00225503 0.00136592 0.999997 0.0782616 0.129204 -0.0966785 0.658514 -0.630767 0.410478 0.999996 0.00169044 0.00225272 -0.00168735 0.999998 -0.00136973 -0.00225503 0.00136592 0.999997 0.488439 0.0646816 0 1 1894 1 0 0 -0.450784 0.00225504 7.35996 1.22 -2.02 -1.09831 6.91173 2.2783 0 -0.450784 0 7.35996 1.22 -2.02 -1.09831 6.91173 2.2783 110.7 
20170507174314 -0.0462248 0.079353 0.0469785 0 0 0 0.999999 -0.000821046 0.00138431 0.000819928 0.999999 0.00080791 -0.00138497 -0.000806774 0.999999 -0.0462248 0.079353 0.0469785 0.252483 -0.743017 -0.619821 0.999999 -0.000821046 0.00138431 0.000819928 0.999999 0.00080791 -0.00138497 -0.000806774 0.999999 0.554362 0.0819918 0 1 1894 0 0 0 -0.450784 0.00138497 7.35996 1.22 -2.02 -1.09831 6.91173 2.2783 0 -0.450784 0 7.35996 1.22 -2.02 -1.09831 6.91173 2.2783 110.7 
20170507174314 -0.0462248 0.079353 0.0469785 0 0 0 0.583361 0.617406 0.52773 0.61759 -0.759181 0.205494 0.527516 0.206044 -0.82418 165.964 -31.8377 46.6326 0.889755 0.347258 0.296221 0.583361 0.617406 0.52773 0.61759 -0.759181 0.205494 0.527516 0.206044 -0.82418 0.554362 0.0819918 0 1 1894 0 1 1 -0.450784 0.00138497 7.35996 1.22 -2.02 -1.09831 6.91173 2.2783 0 -0.450784 0 7.35996 1.22 -2.02 -1.09831 6.91173 2.2783 110.6 
20170507174314 -0.223587 0.170418 0.00685109 0 0 0 0.999996 -0.00013118 0.00297385 0.000119573 0.999992 0.00390268 -0.00297434 -0.0039023 0.999988 -0.223587 0.170418 0.00685109 -0.462824 -0.626998 0.626632 0.999996 -0.00013118 0.00297385 0.000119573 0.999992 0.00390268 -0.00297434 -0.0039023 0.999988 0.737278 0.117701 0 1 1894 0 0 0 -0.450784 0.00297435 7.35996 1.22 -2.02 -1.09831 6.91173 2.2783 0 -0.450784 0 7.35996 1.22 -2.02 -1.09831 6.91173 2.2783 110.6 
20170507174314 -0.133964 0.066216 0.148394 0 0 0 0.999996 -0.00259266 0.00114962 0.00258996 0.999994 0.00234109 -0.00115569 -0.0023381 0.999997 -0.133964 0.066216 0.148394 0.243009 0.365283 -0.898618 0.999996 -0.00259266 0.00114962 0.00258996 0.999994 0.00234109 -0.00115569 -0.0023381 0.999997 0.762384 0.110638 0 1 1894 0 0 0 -0.450784 0.00115569 7.35996 1.23 -2.02 -1.06824 6.93668 2.21593 0 -0.450784 0 7.35996 1.23 -2.02 -1.06824 6.93668 2.21593 110.7 
20170507174314 -0.0716275 -0.0953489 0.0355141 0 0 0 0.999998 -0.000617756 -0.00166492 0.000619836 0.999999 0.0012491 0.00166415 -0.00125013 0.999998 -0.0716275 -0.0953489 0.0355141 -0.0802644 0.329389 0.940777 0.999998 -0.000617756 -0.00166492 0.000619836 0.999999 0.0012491 0.00166415 -0.00125013 0.999998 0.965421 0.291126 0 1 1894 0 0 0 -0.450784 -0.00166415 7.35996 1.22 -2.02 -1.09831 6.91173 2.2783 0 -0.450784 0 7.35996 1.22 -2.02 -1.09831 6.91173 2.2783 110.8 
20170507174315 -0.0415563 -0.142052 0.0742149 0 0 0 0.999996 -0.0012935 -0.0024802 0.00129529 0.999999 0.000722082 0.00247927 -0.000725291 0.999997 -0.0415563 -0.142052 0.0742149 0.0442189 0.508707 0.859804 0.999996 -0.0012935 -0.0024802 0.00129529 0.999999 0.000722082 0.00247927 -0.000725291 0.999997 1.29334 0.342855 0 1 1894 0 0 0 -0.450784 -0.00247927 7.35996 1.24 -2.03 -1.05955 6.96093 2.14285 0 -0.450784 0 7.35996 1.24 -2.03 -1.05955 6.96093 2.14285 110.7 
20170507174315 -0.392363 0.173232 0.202693 0 0 0 0.999989 -0.00355827 0.00299915 0.00353763 0.99997 0.00685862 -0.00302346 -0.00684793 0.999972 -0.392363 0.173232 0.202693 -0.602578 -0.582785 0.545217 0.999989 -0.00355827 0.00299915 0.00353763 0.99997 0.00685862 -0.00302346 -0.00684793 0.999972 1.59202 0.34942 0 1 1894 0 0 0 -0.450784 0.00302347 7.35996 1.23 -2.04 -1.11234 6.93668 2.19412 0 -0.450784 0 7.35996 1.23 -2.04 -1.11234 6.93668 2.19412 110.7 
20170507174315 -0.154471 -0.039547 0.151387 0 0 0 0.999996 -0.00264032 -0.000697344 0.00264219 0.999993 0.00269419 0.000690226 -0.00269602 0.999996 -0.154471 -0.039547 0.151387 0.298114 -0.281333 -0.912129 0.999996 -0.00264032 -0.000697344 0.00264219 0.999993 0.00269419 0.000690226 -0.00269602 0.999996 1.66216 0.365825 0 1 1894 0 0 0 -0.450784 -0.000690226 7.35996 1.24 -2.05 -1.10219 6.96093 2.12123 0 -0.450784 0 7.35996 1.24 -2.05 -1.10219 6.96093 2.12123 110.9 
20170507174315 -0.159966 -0.0303002 0.175474 0 0 0 0.999995 -0.00306111 -0.000537385 0.0030626 0.999991 0.00279029 0.000528839 -0.00279193 0.999996 -0.159966 -0.0303002 0.175474 0.0731845 0.43806 0.895962 0.999995 -0.00306111 -0.000537385 0.0030626 0.999991 0.00279029 0.000528839 -0.00279193 0.999996 1.7584 0.382693 0 1 1894 0 0 0 -0.450784 -0.000528839 7.35996 1.25 -2.05 -1.07004 6.98449 2.05935 0 -0.450784 0 7.35996 1.25 -2.05 -1.07004 6.98449 2.05935 110.8 
20170507174315 -0.155889 -0.0707792 0.226381 0 0 0 0.999991 -0.0039477 -0.00124607 0.00395107 0.999989 0.00271588 0.00123533 -0.00272078 0.999996 -0.155889 -0.0707792 0.226381 -0.283278 0.287348 0.914978 0.999991 -0.0039477 -0.00124607 0.00395107 0.999989 0.00271588 0.00123533 -0.00272078 0.999996 1.71769 0.400806 0 1 1894 0 0 0 -0.450784 -0.00123533 7.35996 1.24 -2.05 -1.10219 6.96093 2.12123 0 -0.450784 0 7.35996 1.24 -2.05 -1.10219 6.96093 2.12123 110.8 
20170507174315 -0.163322 0.0461333 0.230976 0 0 0 0.999992 -0.00403355 0.000793678 0.00403127 0.999988 0.00285373 -0.000805179 -0.00285051 0.999996 -0.163322 0.0461333 0.230976 0.0758334 0.441936 0.893835 0.999992 -0.00403355 0.000793678 0.00403127 0.999988 0.00285373 -0.000805179 -0.00285051 0.999996 1.52542 0.365573 0 1 1894 0 0 0 -0.450346 0.000805179 7.35996 1.23 -2.06 -1.156 6.93668 2.17144 0 -0.450346 0 7.35996 1.23 -2.06 -1.156 6.93668 2.17144 110.9 
20170507174316 -0.0986743 0.19528 0.0530072 0 0 0 0.999994 -0.000931019 0.00340668 0.000925145 0.999998 0.00172534 -0.00340828 -0.00172218 0.999993 -0.0986743 0.19528 0.0530072 -0.52813 -0.196052 -0.826222 0.999994 -0.000931019 0.00340668 0.000925145 0.999998 0.00172534 -0.00340828 -0.00172218 0.999993 1.42593 0.453258 0 1 1894 0 0 0 -0.455027 0.00340828 7.35996 1.23 -2.06 -1.156 6.93668 2.17144 0 -0.455027 0 7.35996 1.23 -2.06 -1.156 6.93668 2.17144 110.8 
20170507174316 -0.120737 0.26669 0.155019 0 0 0 0.999986 -0.00271539 0.00464888 0.00270556 0.999994 0.00211984 -0.00465461 -0.00210723 0.999987 -0.120737 0.26669 0.155019 0.304657 0.315656 0.898635 0.999986 -0.00271539 0.00464888 0.00270556 0.999994 0.00211984 -0.00465461 -0.00210723 0.999987 1.83913 0.500478 0 1 1894 0 0 0 -0.455027 0.00465462 7.35996 1.23 -2.06 -1.156 6.93668 2.17144 0 -0.455027 0 7.35996 1.23 -2.06 -1.156 6.93668 2.17144 110.7 
20170507174316 -0.0555792 0.232444 0.055817 0 0 0 0.999991 -0.000978126 0.00405596 0.000974183 0.999999 0.000973992 -0.00405691 -0.000970033 0.999991 -0.0555792 0.232444 0.055817 0.118204 0.0581315 0.991286 0.999991 -0.000978126 0.00405596 0.000974183 0.999999 0.000973992 -0.00405691 -0.000970033 0.999991 1.92752 0.660728 0 1 1889 0 0 0 -0.455027 0.00405692 7.35996 1.21 -2.07 -1.24383 6.88609 2.28113 0 -0.455027 0 7.35996 1.21 -2.07 -1.24383 6.88609 2.28113 110.7 
20170507174316 -0.0218166 0.364957 0.0677089 0 0 0 0.999979 -0.00118417 0.00636921 0.00118172 0.999999 0.000388298 -0.00636966 -0.000380763 0.99998 -0.0218166 0.364957 0.0677089 -0.227499 -0.145719 -0.962814 0.999979 -0.00118417 0.00636921 0.00118172 0.999999 0.000388298 -0.00636966 -0.000380763 0.99998 2.28529 0.775826 0 1 1889 0 0 0 -0.455027 0.0063697 7.35996 1.21 -2.06 -1.22096 6.88609 2.29346 0 -0.455027 0 7.35996 1.21 -2.06 -1.22096 6.88609 2.29346 110.8 
20170507174316 -0.0025795 0.449178 -0.0377646 0 0 0 0.999969 0.000658764 0.00783958 -0.000659097 1 3.98536e-05 -0.00783956 -4.50194e-05 0.999969 -0.0025795 0.449178 -0.0377646 0.453761 0.143041 0.879568 0.999969 0.000658764 0.00783958 -0.000659097 1 3.98536e-05 -0.00783956 -4.50194e-05 0.999969 2.25173 0.821344 0 1 1889 0 0 0 -0.450346 0.00783964 7.35996 1.2 -2.05 -1.22965 6.85977 2.36654 0 -0.450346 0 7.35996 1.2 -2.05 -1.22965 6.85977 2.36654 110.7 
20170507174316 -0.0221253 0.259994 -0.0187266 0 0 0 0.99999 0.000325089 0.00453786 -0.000326837 1 0.000384677 -0.00453773 -0.000386156 0.99999 -0.0221253 0.259994 -0.0187266 0.246519 0.653896 0.715297 0.99999 0.000325089 0.00453786 -0.000326837 1 0.000384677 -0.00453773 -0.000386156 0.99999 1.82355 0.63393 0 1 1888 0 0 0 -0.450346 0.00453775 7.35996 1.21 -2.05 -1.19796 6.88609 2.30555 0 -0.450346 0 7.35996 1.21 -2.05 -1.19796 6.88609 2.30555 110.7 
20170507174317 -0.209719 0.164999 -0.0118883 0 0 0 0.999996 0.000196948 0.00288051 -0.00020749 0.999993 0.00365968 -0.00287977 -0.00366027 0.999989 -0.209719 0.164999 -0.0118883 0.044727 -0.777 -0.62791 0.999996 0.000196948 0.00288051 -0.00020749 0.999993 0.00365968 -0.00287977 -0.00366027 0.999989 1.31608 0.60175 0 1 1887 0 0 0 -0.450346 0.00287977 7.35996 1.2 -2.04 -1.20593 6.85977 2.37872 0 -0.450346 0 7.35996 1.2 -2.04 -1.20593 6.85977 2.37872 110.9 
20170507174317 0.00240152 0.0922605 -0.102218 0 0 0 0.999997 0.00178411 0.00161017 -0.00178404 0.999998 -4.47872e-05 -0.00161025 4.19144e-05 0.999999 0.00240152 0.0922605 -0.102218 0.140436 -0.257114 -0.956122 0.999997 0.00178411 0.00161017 -0.00178404 0.999998 -4.47872e-05 -0.00161025 4.19144e-05 0.999999 0.885337 0.464716 0 1 1887 0 0 0 -0.450346 0.00161025 7.35996 1.21 -2.03 -1.15161 6.88609 2.32905 0 -0.450346 0 7.35996 1.21 -2.03 -1.15161 6.88609 2.32905 110.7 
20170507174317 0.00240152 0.0922605 -0.102218 0 0 0 -0.0140336 -0.536644 -0.843692 -0.535053 -0.708779 0.45973 -0.844702 0.457872 -0.277186 121.19 57.64 -91.5024 0.702098 -0.381985 -0.600955 -0.0140336 -0.536644 -0.843692 -0.535053 -0.708779 0.45973 -0.844702 0.457872 -0.277186 0.885337 0.464716 0 1 1887 0 1 1 -0.450784 0.00161025 7.35996 1.21 -2.02 -1.12827 6.88609 2.34045 0 -0.450784 0 7.35996 1.21 -2.02 -1.12827 6.88609 2.34045 110.7 
20170507174317 0.0676685 0.108683 -0.185611 0 0 0 0.999993 0.00324176 0.00189304 -0.00323952 0.999994 -0.00118718 -0.00189687 0.00118104 0.999998 0.0676685 0.108683 -0.185611 0.441155 0.0298303 0.896935 0.999993 0.00324176 0.00189304 -0.00323952 0.999994 -0.00118718 -0.00189687 0.00118104 0.999998 0.510256 0.252368 0 1 1887 0 0 0 -0.477401 0.00189687 7.35996 1.22 -2.02 -1.09831 6.91173 2.2783 0 -0.477401 0 7.35996 1.22 -2.02 -1.09831 6.91173 2.2783 110.7 
20170507174317 -0.205483 -0.212356 -0.0274721 0 0 0 0.999993 0.000492768 -0.00370455 -0.000479476 0.999993 0.00358812 0.0037063 -0.00358632 0.999987 -0.205483 -0.212356 -0.0274721 0.566343 -0.769838 -0.294288 0.999993 0.000492768 -0.00370455 -0.000479476 0.999993 0.00358812 0.0037063 -0.00358632 0.999987 0.648572 0.308891 0 1 1887 0 0 0 -0.477401 -0.0037063 7.35996 1.21 -2.01 -1.10481 6.88609 2.35161 0 -0.477401 0 7.35996 1.21 -2.01 -1.10481 6.88609 2.35161 110.8 
20170507174317 0.0444606 -0.437412 -0.0584409 0 0 0 0.99997 0.00101406 -0.007635 -0.00101996 0.999999 -0.000768196 0.00763421 0.000775961 0.999971 0.0444606 -0.437412 -0.0584409 0.972819 0.00217073 -0.231558 0.99997 0.00101406 -0.007635 -0.00101996 0.999999 -0.000768196 0.00763421 0.000775961 0.999971 1.13912 0.427267 0 1 1887 0 0 0 -0.477401 -0.00763429 7.35996 1.21 -2 -1.08124 6.88609 2.36254 0 -0.477401 0 7.35996 1.21 -2 -1.08124 6.88609 2.36254 110.7 
20170507174318 0.00819976 -0.639763 -0.0779038 0 0 0 0.999937 0.00135808 -0.0111659 -0.00135959 0.999999 -0.000127931 0.0111657 0.000143104 0.999938 0.00819976 -0.639763 -0.0779038 0.991733 0.0631439 -0.111708 0.999937 0.00135808 -0.0111659 -0.00135959 0.999999 -0.000127931 0.0111657 0.000143104 0.999938 1.7735 0.485625 0 1 1887 0 0 0 -0.477401 -0.011166 7.35996 1.21 -1.99 -1.05756 6.88609 2.37324 0 -0.477401 0 7.35996 1.21 -1.99 -1.05756 6.88609 2.37324 110.9 
20170507174318 -0.0514868 -0.268822 -0.158271 0 0 0 0.999985 0.00276657 -0.00468931 -0.00276232 0.999996 0.000911572 0.00469182 -0.000898605 0.999989 -0.0514868 -0.268822 -0.158271 -0.502948 0.209164 -0.838626 0.999985 0.00276657 -0.00468931 -0.00276232 0.999996 0.000911572 0.00469182 -0.000898605 0.999989 1.98466 0.443179 0 1 1887 0 0 0 -0.477401 -0.00469183 7.35996 1.22 -2 -1.05253 6.91173 2.29981 0 -0.477401 0 7.35996 1.22 -2 -1.05253 6.91173 2.29981 110.9 
20170507174318 -0.0712091 -0.282486 -0.0784567 0 0 0 0.999987 0.00137545 -0.00492858 -0.00136931 0.999998 0.00124958 0.00493029 -0.00124282 0.999987 -0.0712091 -0.282486 -0.0784567 0.186278 0.0148139 0.982385 0.999987 0.00137545 -0.00492858 -0.00136931 0.999998 0.00124958 0.00493029 -0.00124282 0.999987 2.27597 0.452469 0 1 1887 0 0 0 -0.477401 -0.00493031 7.35996 1.21 -2 -1.08124 6.88609 2.36254 0 -0.477401 0 7.35996 1.21 -2 -1.08124 6.88609 2.36254 110.7 
20170507174318 -0.116358 -0.353475 -0.0492586 0 0 0 0.999981 0.000872252 -0.00616751 -0.000859709 0.999998 0.00203614 0.00616927 -0.0020308 0.999979 -0.116358 -0.353475 -0.0492586 0.193791 -0.156557 0.96847 0.999981 0.000872252 -0.00616751 -0.000859709 0.999998 0.00203614 0.00616927 -0.0020308 0.999979 2.6839 0.435507 0 1 1887 0 0 0 -0.477401 -0.00616931 7.35996 1.22 -2.01 -1.07547 6.91173 2.28917 0 -0.477401 0 7.35996 1.22 -2.01 -1.07547 6.91173 2.28917 110.8 
20170507174318 -0.119761 -0.400721 -0.0154347 0 0 0 0.999976 0.000284005 -0.00699327 -0.00026938 0.999998 0.0020921 0.00699385 -0.00209017 0.999973 -0.119761 -0.400721 -0.0154347 -0.036365 -0.0181714 0.999173 0.999976 0.000284005 -0.00699327 -0.00026938 0.999998 0.0020921 0.00699385 -0.00209017 0.999973 3.30562 0.515416 0 1 1887 0 0 0 -0.477401 -0.0069939 7.35996 1.21 -2.01 -1.10481 6.88609 2.35161 0 -0.477401 0 7.35996 1.21 -2.01 -1.10481 6.88609 2.35161 110.7 
20170507174318 -0.0434932 -0.43739 -0.0100741 0 0 0 0.999971 0.000181621 -0.00763368 -0.000175821 1 0.000760442 0.00763382 -0.000759077 0.999971 -0.0434932 -0.43739 -0.0100741 -0.0540059 -0.0333358 0.997984 0.999971 0.000181621 -0.00763368 -0.000175821 1 0.000760442 0.00763382 -0.000759077 0.999971 3.33177 0.506842 0 1 1887 0 0 0 -0.477401 -0.00763389 7.35996 1.24 -2.02 -1.03806 6.96093 2.15333 0 -0.477401 0 7.35996 1.24 -2.02 -1.03806 6.96093 2.15333 110.9 
20170507174319 -0.161283 -0.457844 -0.144183 0 0 0 0.999965 0.00253895 -0.00798366 -0.00251638 0.999993 0.00283501 0.0079908 -0.00281482 0.999964 -0.161283 -0.457844 -0.144183 -0.729287 0.673246 -0.121984 0.999965 0.00253895 -0.00798366 -0.00251638 0.999993 0.00283501 0.0079908 -0.00281482 0.999964 3.26272 0.436912 0 1 1887 0 0 0 -0.477401 -0.00799089 7.35996 1.22 -2.03 -1.12104 6.91173 2.26721 0 -0.477401 0 7.35996 1.22 -2.03 -1.12104 6.91173 2.26721 110.8 
20170507174319 -0.128272 -0.553346 -0.118522 0 0 0 0.999951 0.00209022 -0.00965289 -0.0020685 0.999995 0.00225874 0.00965757 -0.00223866 0.999951 -0.128272 -0.553346 -0.118522 0.955604 -0.238782 -0.172638 0.999951 0.00209022 -0.00965289 -0.0020685 0.999995 0.00225874 0.00965757 -0.00223866 0.999951 2.69228 0.346641 0 1 1887 0 0 0 -0.477401 -0.00965772 7.35996 1.23 -2.03 -1.09035 6.93668 2.20514 0 -0.477401 0 7.35996 1.23 -2.03 -1.09035 6.93668 2.20514 110.7 
20170507174319 -0.113352 -0.382493 -0.136765 0 0 0 0.999975 0.00240021 -0.00667096 -0.00238695 0.999995 0.00199429 0.00667572 -0.00197832 0.999976 -0.113352 -0.382493 -0.136765 0.87061 -0.355967 -0.339597 0.999975 0.00240021 -0.00667096 -0.00238695 0.999995 0.00199429 0.00667572 -0.00197832 0.999976 1.95936 0.337528 0 1 1887 0 0 0 -0.477401 -0.00667577 7.35996 1.22 -2.03 -1.12104 6.91173 2.26721 0 -0.477401 0 7.35996 1.22 -2.03 -1.12104 6.91173 2.26721 110.8 
20170507174319 -0.154826 -0.233733 -0.0587822 0 0 0 0.999991 0.00103696 -0.0040766 -0.00102593 0.999996 0.00270641 0.00407939 -0.00270221 0.999988 -0.154826 -0.233733 -0.0587822 0.0530862 -0.976747 -0.207721 0.999991 0.00103696 -0.0040766 -0.00102593 0.999996 0.00270641 0.00407939 -0.00270221 0.999988 1.78548 0.374615 0 1 1887 0 0 0 -0.477401 -0.0040794 7.35996 1.22 -2.02 -1.09831 6.91173 2.2783 0 -0.477401 0 7.35996 1.22 -2.02 -1.09831 6.91173 2.2783 110.9 
20170507174319 -0.154826 -0.233733 -0.0587822 0 0 0 0.499753 -0.73352 -0.460646 -0.733108 -0.641441 0.226067 -0.461302 0.224725 -0.858312 165.328 27.4711 -55.7181 0.865841 -0.424938 -0.264098 0.499753 -0.73352 -0.460646 -0.733108 -0.641441 0.226067 -0.461302 0.224725 -0.858312 1.78548 0.374615 0 1 1887 0 1 1 -0.477401 -0.0040794 7.35996 1.22 -2.04 -1.14365 6.91173 2.25588 0 -0.477401 0 7.35996 1.22 -2.04 -1.14365 6.91173 2.25588 110.7 
20170507174319 -0.154826 -0.233733 -0.0587822 0 0 0 0.885106 -0.369632 -0.28277 -0.369997 -0.92745 0.0542088 -0.282292 0.0566435 -0.957655 176.615 16.3971 -22.6862 0.970488 -0.192369 -0.145419 0.885106 -0.369632 -0.28277 -0.369997 -0.92745 0.0542088 -0.282292 0.0566435 -0.957655 1.78548 0.374615 0 1 1887 0 1 2 -0.450784 -0.0040794 7.35996 1.23 -2.03 -1.09035 6.93668 2.20514 0 -0.450784 0 7.35996 1.23 -2.03 -1.09035 6.93668 2.20514 110.9 
20170507174320 -0.135149 0.287585 -0.236624 0 0 0 0.999979 0.004118 0.00502898 -0.0041298 0.999989 0.00233804 -0.00501929 -0.00235876 0.999985 -0.135149 0.287585 -0.236624 -0.922741 0.0673698 0.379486 0.999979 0.004118 0.00502898 -0.0041298 0.999989 0.00233804 -0.00501929 -0.00235876 0.999985 1.72374 0.439119 0 1 1887 0 0 0 -0.450784 0.00501931 7.35996 1.23 -2.02 -1.06824 6.93668 2.21593 0 -0.450784 0 7.35996 1.23 -2.02 -1.06824 6.93668 2.21593 111 
20170507174320 -0.372588 0.264254 -0.215424 0 0 0 0.999982 0.00372978 0.00463641 -0.00375981 0.999972 0.00648545 -0.00461209 -0.00650277 0.999968 -0.372588 0.264254 -0.215424 0.390593 -0.858505 0.332275 0.999982 0.00372978 0.00463641 -0.00375981 0.999972 0.00648545 -0.00461209 -0.00650277 0.999968 2.88639 0.544203 0 1 1887 0 0 0 -0.450784 0.00461211 7.35996 1.22 -2.02 -1.09831 6.91173 2.2783 0 -0.450784 0 7.35996 1.22 -2.02 -1.09831 6.91173 2.2783 110.9 
20170507174320 -0.175773 0.65652 -0.261987 0 0 0 0.999924 0.00453734 0.011472 -0.00457221 0.999985 0.00301538 -0.0114582 -0.0030676 0.99993 -0.175773 0.65652 -0.261987 -0.82964 0.0570977 0.555372 0.999924 0.00453734 0.011472 -0.00457221 0.999985 0.00301538 -0.0114582 -0.0030676 0.99993 4.14413 0.645585 0 1 1887 0 0 0 -0.455027 0.0114584 7.35996 1.22 -2.02 -1.09831 6.91173 2.2783 0 -0.455027 0 7.35996 1.22 -2.02 -1.09831 6.91173 2.2783 110.8 
20170507174320 -0.140165 0.776743 -0.18049 0 0 0 0.999903 0.00311698 0.0135639 -0.00314986 0.999992 0.00240363 -0.0135563 -0.00244612 0.999905 -0.140165 0.776743 -0.18049 -0.0736396 0.325577 0.942644 0.999903 0.00311698 0.0135639 -0.00314986 0.999992 0.00240363 -0.0135563 -0.00244612 0.999905 5.56038 0.704822 0 1 1887 0 0 0 -0.455027 0.0135567 7.35996 1.23 -2.01 -1.04603 6.93668 2.2265 0 -0.455027 0 7.35996 1.23 -2.01 -1.04603 6.93668 2.2265 110.9 
20170507174320 -0.17868 0.917032 -0.186641 0 0 0 0.999867 0.00320756 0.0160145 -0.00325707 0.99999 0.0030664 -0.0160045 -0.00311816 0.999867 -0.17868 0.917032 -0.186641 0.753092 -0.635334 0.170892 0.999867 0.00320756 0.0160145 -0.00325707 0.99999 0.0030664 -0.0160045 -0.00311816 0.999867 6.81024 0.824273 0 1 1887 0 0 0 -0.455027 0.0160052 7.35996 1.23 -2.01 -1.04603 6.93668 2.2265 0 -0.455027 0 7.35996 1.23 -2.01 -1.04603 6.93668 2.2265 111 
20170507174321 -0.168892 0.927734 -0.437429 0 0 0 0.99984 0.00758674 0.0162133 -0.0076335 0.999967 0.00282401 -0.0161913 -0.00294733 0.999865 -0.168892 0.927734 -0.437429 0.272185 -0.0124588 0.962164 0.99984 0.00758674 0.0162133 -0.0076335 0.999967 0.00282401 -0.0161913 -0.00294733 0.999865 7.69039 0.915709 0 1 1887 0 0 0 -0.455473 0.016192 7.35996 1.23 -2.02 -1.06824 6.93668 2.21593 0 -0.455473 0 7.35996 1.23 -2.02 -1.06824 6.93668 2.21593 110.9 
20170507174321 -0.0957876 1.15202 -0.1738 0 0 0 0.999793 0.00299977 0.0201101 -0.00303277 0.999994 0.00161081 -0.0201052 -0.00167147 0.999796 -0.0957876 1.15202 -0.1738 -0.32401 0.321283 0.889829 0.999793 0.00299977 0.0201101 -0.00303277 0.999994 0.00161081 -0.0201052 -0.00167147 0.999796 8.02897 0.935455 0 1 1887 0 0 0 -0.455473 0.0201065 7.35996 1.22 -1.99 -1.02948 6.91173 2.31022 0 -0.455473 0 7.35996 1.22 -1.99 -1.02948 6.91173 2.31022 110.8 
20170507174321 -0.0764375 1.1272 -0.195347 0 0 0 0.999801 0.0033832 0.0196765 -0.00340879 0.999993 0.00126701 -0.0196721 -0.00133383 0.999806 -0.0764375 1.1272 -0.195347 -0.104445 0.415151 0.903737 0.999801 0.0033832 0.0196765 -0.00340879 0.999993 0.00126701 -0.0196721 -0.00133383 0.999806 7.89135 0.959857 0 1 1887 0 0 0 -0.455473 0.0196734 7.35996 1.2 -1.97 -1.0366 6.85977 2.45724 0 -0.455473 0 7.35996 1.2 -1.97 -1.0366 6.85977 2.45724 110.7 
20170507174321 -0.0502427 1.3956 -0.295655 0 0 0 0.99969 0.00513877 0.0243596 -0.00515859 0.999986 0.000751211 -0.0243555 -0.00087664 0.999703 -0.0502427 1.3956 -0.295655 -0.675198 0.143731 0.723498 0.99969 0.00513877 0.0243596 -0.00515859 0.999986 0.000751211 -0.0243555 -0.00087664 0.999703 7.80421 0.960332 0 1 1887 0 0 0 -0.455027 0.0243579 7.35996 1.21 -1.95 -0.961807 6.88609 2.41363 0 -0.455027 0 7.35996 1.21 -1.95 -0.961807 6.88609 2.41363 110.8 
20170507174321 -0.114564 0.998324 -0.300084 0 0 0 0.999834 0.00520258 0.0174334 -0.00523663 0.999984 0.00190823 -0.0174232 -0.00199921 0.999846 -0.114564 0.998324 -0.300084 0.399121 -0.420265 0.814911 0.999834 0.00520258 0.0174334 -0.00523663 0.999984 0.00190823 -0.0174232 -0.00199921 0.999846 7.60607 0.996331 0 1 1887 0 0 0 -0.455473 0.017424 7.35996 1.23 -1.94 -0.887738 6.93668 2.29421 0 -0.455473 0 7.35996 1.23 -1.94 -0.887738 6.93668 2.29421 110.9 
20170507174321 -0.0395127 1.38241 -0.267565 0 0 0 0.999698 0.00465324 0.0241282 -0.00466852 0.999989 0.000576958 -0.0241252 -0.000689426 0.999709 -0.0395127 1.38241 -0.267565 -0.625452 0.106213 0.773 0.999698 0.00465324 0.0241282 -0.00466852 0.999989 0.000576958 -0.0241252 -0.000689426 0.999709 6.89803 1.0411 0 1 1887 0 0 0 -0.455473 0.0241276 7.35996 1.23 -1.94 -0.887738 6.93668 2.29421 0 -0.455473 0 7.35996 1.23 -1.94 -0.887738 6.93668 2.29421 110.8 
20170507174322 -0.0959572 1.27868 -0.280985 0 0 0 0.999739 0.00486672 0.0223232 -0.00490287 0.999987 0.00156531 -0.0223153 -0.00167435 0.99975 -0.0959572 1.27868 -0.280985 -0.614687 0.0972128 0.782758 0.999739 0.00486672 0.0223232 -0.00490287 0.999987 0.00156531 -0.0223153 -0.00167435 0.99975 6.33706 1.11259 0 1 1887 0 0 0 -0.455473 0.0223171 7.35996 1.22 -1.94 -0.912726 6.91173 2.35879 0 -0.455473 0 7.35996 1.22 -1.94 -0.912726 6.91173 2.35879 110.7 
20170507174322 -0.119282 1.18715 -0.304985 0 0 0 0.999771 0.00527983 0.020729 -0.00532183 0.999984 0.00197154 -0.0207182 -0.00208141 0.999783 -0.119282 1.18715 -0.304985 -0.69299 0.0682962 0.717705 0.999771 0.00527983 0.020729 -0.00532183 0.999984 0.00197154 -0.0207182 -0.00208141 0.999783 5.57115 1.15944 0 1 1887 0 0 0 -0.455473 0.0207197 7.35996 1.22 -1.95 -0.936268 6.91173 2.34954 0 -0.455473 0 7.35996 1.22 -1.95 -0.936268 6.91173 2.34954 110.8 
20170507174322 0.00580115 0.570613 -0.128949 0 0 0 0.999948 0.00225159 0.00995865 -0.00225047 0.999997 -0.000123662 -0.00995891 0.000101244 0.99995 0.00580115 0.570613 -0.128949 0.0933416 0.358303 0.928928 0.999948 0.00225159 0.00995865 -0.00225047 0.999997 -0.000123662 -0.00995891 0.000101244 0.99995 4.74989 1.23641 0 1 1887 0 0 0 -0.455473 0.00995907 7.35996 1.23 -1.96 -0.933442 6.93668 2.276 0 -0.455473 0 7.35996 1.23 -1.96 -0.933442 6.93668 2.276 110.8 
20170507174322 -0.0825784 0.473349 -0.138319 0 0 0 0.999963 0.00240222 0.00826484 -0.00241404 0.999996 0.00142132 -0.0082614 -0.00144121 0.999965 -0.0825784 0.473349 -0.138319 -0.0125217 0.323121 0.946275 0.999963 0.00240222 0.00826484 -0.00241404 0.999996 0.00142132 -0.0082614 -0.00144121 0.999965 4.21011 1.27849 0 1 1887 0 0 0 -0.455027 0.00826149 7.35996 1.24 -1.97 -0.929146 6.96093 2.20252 0 -0.455027 0 7.35996 1.24 -1.97 -0.929146 6.96093 2.20252 110.8 
20170507174322 -0.0810802 0.302725 -0.085568 0 0 0 0.999985 0.00148596 0.00528562 -0.00149342 0.999998 0.00140722 -0.00528351 -0.0014151 0.999985 -0.0810802 0.302725 -0.085568 -0.0641881 0.238711 0.968967 0.999985 0.00148596 0.00528562 -0.00149342 0.999998 0.00140722 -0.00528351 -0.0014151 0.999985 3.52086 1.37776 0 1 1887 0 0 0 -0.455473 0.00528354 7.35996 1.24 -1.99 -0.973007 6.96093 2.1835 0 -0.455473 0 7.35996 1.24 -1.99 -0.973007 6.96093 2.1835 110.8 
20170507174322 0.0873718 0.312171 -0.141628 0 0 0 0.999982 0.00248018 0.00544459 -0.00247184 0.999996 -0.00153839 -0.00544839 0.0015249 0.999984 0.0873718 0.312171 -0.141628 -0.228528 -0.566306 -0.791879 0.999982 0.00248018 0.00544459 -0.00247184 0.999996 -0.00153839 -0.00544839 0.0015249 0.999984 3.00123 1.45626 0 1 1886 0 0 0 -0.455027 0.00544841 7.35996 1.24 -2 -0.994793 6.96093 2.17366 0 -0.455027 0 7.35996 1.24 -2 -0.994793 6.96093 2.17366 110.8 
20170507174323 0.0695756 0.181398 -0.174438 0 0 0 0.99999 0.00304836 0.00316227 -0.0030445 0.999995 -0.00122396 -0.00316598 0.00121432 0.999994 0.0695756 0.181398 -0.174438 -0.217034 -0.554115 -0.80365 0.99999 0.00304836 0.00316227 -0.0030445 0.999995 -0.00122396 -0.00316598 0.00121432 0.999994 2.3305 1.433 0 1 1886 0 0 0 -0.455027 0.00316599 7.35996 1.23 -2.02 -1.06824 6.93668 2.21593 0 -0.455027 0 7.35996 1.23 -2.02 -1.06824 6.93668 2.21593 110.7 
20170507174323 -1.00196 1.9347 -0.116443 0 0 0 0.999428 0.00144165 0.0337908 -0.00203116 0.999846 0.017418 -0.0337605 -0.0174767 0.999277 -1.00196 1.9347 -0.116443 -0.903501 -0.4137 0.111971 0.999428 0.00144165 0.0337908 -0.00203116 0.999846 0.017418 -0.0337605 -0.0174767 0.999277 1.90938 1.21298 0 1 1885 0 0 0 -0.455027 0.0337669 7.35996 1.23 -2.03 -1.09035 6.93668 2.20514 0 -0.455027 0 7.35996 1.23 -2.03 -1.09035 6.93668 2.20514 110.8 
20170507174323 -1.18629 2.02547 -0.0853092 0 0 0 0.999374 0.00075688 0.035367 -0.00148799 0.999786 0.0206505 -0.0353438 -0.0206902 0.999161 -1.18629 2.02547 -0.0853092 -0.88683 -0.453816 0.0870874 0.999374 0.00075688 0.035367 -0.00148799 0.999786 0.0206505 -0.0353438 -0.0206902 0.999161 1.83534 1.1361 0 1 1885 0 0 0 -0.455027 0.0353512 7.35996 1.23 -2.04 -1.11234 6.93668 2.19412 0 -0.455027 0 7.35996 1.23 -2.04 -1.11234 6.93668 2.19412 110.9 
20170507174323 -0.528467 1.34916 -0.14066 0 0 0 0.99972 0.0022377 0.0235667 -0.00245429 0.999955 0.00916553 -0.0235451 -0.0092208 0.99968 -0.528467 1.34916 -0.14066 -0.965801 -0.243783 0.0883131 0.99972 0.0022377 0.0235667 -0.00245429 0.999955 0.00916553 -0.0235451 -0.0092208 0.99968 2.17006 1.23054 0 1 1884 0 0 0 -0.455027 0.0235473 7.35996 1.21 -2.04 -1.17485 6.88609 2.31742 0 -0.455027 0 7.35996 1.21 -2.04 -1.17485 6.88609 2.31742 110.9 
20170507174323 0.373754 1.79837 -0.125427 0 0 0 0.999505 0.00239379 0.0313672 -0.00218804 0.999976 -0.00659187 -0.0313823 0.00651998 0.999486 0.373754 1.79837 -0.125427 -0.94023 0.240952 0.240644 0.999505 0.00239379 0.0313672 -0.00218804 0.999976 -0.00659187 -0.0313823 0.00651998 0.999486 2.62864 1.32239 0 1 1884 0 0 0 -0.455027 0.0313874 7.35996 1.23 -2.04 -1.11234 6.93668 2.19412 0 -0.455027 0 7.35996 1.23 -2.04 -1.11234 6.93668 2.19412 110.7 
20170507174323 0.28892 1.82955 -0.106705 0 0 0 0.999488 0.00202331 0.0319164 -0.0018614 0.999985 -0.00510203 -0.0319262 0.00504001 0.999478 0.28892 1.82955 -0.106705 -0.947537 0.20626 0.244193 0.999488 0.00202331 0.0319164 -0.0018614 0.999985 -0.00510203 -0.0319262 0.00504001 0.999478 2.64671 1.34854 0 1 1884 0 0 0 -0.455027 0.0319317 7.35996 1.22 -2.03 -1.12104 6.91173 2.26721 0 -0.455027 0 7.35996 1.22 -2.03 -1.12104 6.91173 2.26721 110.9 
20170507174324 -1.05486 1.52839 0.064914 0 0 0 0.999644 -0.0016238 0.0266468 0.00113256 0.999829 0.0184399 -0.0266722 -0.0184032 0.999475 -1.05486 1.52839 0.064914 -0.893403 -0.448332 0.0288122 0.999644 -0.0016238 0.0266468 0.00113256 0.999829 0.0184399 -0.0266722 -0.0184032 0.999475 2.63469 1.4029 0 1 1884 0 0 0 -0.455027 0.0266754 7.35996 1.24 -2.04 -1.08092 6.96093 2.13214 0 -0.455027 0 7.35996 1.24 -2.04 -1.08092 6.96093 2.13214 110.9 
20170507174324 0.0113898 1.62057 -0.170686 0 0 0 0.999596 0.00298465 0.0282799 -0.00297784 0.999996 -0.000283038 -0.0282806 0.00019871 0.9996 0.0113898 1.62057 -0.170686 -0.96029 0.0763858 0.268343 0.999596 0.00298465 0.0282799 -0.00297784 0.999996 -0.000283038 -0.0282806 0.00019871 0.9996 2.70446 1.51642 0 1 1884 0 0 0 -0.455027 0.0282844 7.35996 1.22 -2.04 -1.14365 6.91173 2.25588 0 -0.455027 0 7.35996 1.22 -2.04 -1.14365 6.91173 2.25588 110.9 
20170507174324 -1.28937 1.67311 0.0788021 0 0 0 0.999573 -0.00203199 0.0291587 0.00137477 0.999745 0.0225419 -0.0291971 -0.0224922 0.999321 -1.28937 1.67311 0.0788021 -0.857454 -0.51286 0.0418027 0.999573 -0.00203199 0.0291587 0.00137477 0.999745 0.0225419 -0.0291971 -0.0224922 0.999321 2.66781 1.52093 0 1 1884 0 0 0 -0.455027 0.0292012 7.35996 1.23 -2.04 -1.11234 6.93668 2.19412 0 -0.455027 0 7.35996 1.23 -2.04 -1.11234 6.93668 2.19412 110.8 
20170507174324 0.0923238 1.9347 -0.144686 0 0 0 0.999427 0.00257963 0.0337562 -0.0025238 0.999995 -0.0016966 -0.0337604 0.00161044 0.999429 0.0923238 1.9347 -0.144686 -0.95425 0.114649 0.276156 0.999427 0.00257963 0.0337562 -0.0025238 0.999995 -0.0016966 -0.0337604 0.00161044 0.999429 2.64872 1.49487 0 1 1884 0 0 0 -0.455027 0.0337668 7.35996 1.24 -2.02 -1.03806 6.96093 2.15333 0 -0.455027 0 7.35996 1.24 -2.02 -1.03806 6.96093 2.15333 111 
20170507174324 -1.03871 1.77447 -0.0511339 0 0 0 0.99952 0.000330969 0.0309766 -0.000892026 0.999836 0.0181002 -0.0309655 -0.0181192 0.999356 -1.03871 1.77447 -0.0511339 -0.903566 -0.4214 0.0773982 0.99952 0.000330969 0.0309766 -0.000892026 0.999836 0.0181002 -0.0309655 -0.0181192 0.999356 2.56799 1.5785 0 1 1884 0 0 0 -0.455027 0.0309704 7.35996 1.23 -2.02 -1.06824 6.93668 2.21593 0 -0.455027 0 7.35996 1.23 -2.02 -1.06824 6.93668 2.21593 110.9 
20170507174324 -0.721037 1.78567 -0.126852 0 0 0 0.999512 0.00182168 0.0311862 -0.00221291 0.999919 0.0125151 -0.0311608 -0.012578 0.999435 -0.721037 1.78567 -0.126852 -0.945041 -0.301216 0.12715 0.999512 0.00182168 0.0311862 -0.00221291 0.999919 0.0125151 -0.0311608 -0.012578 0.999435 2.53567 1.61703 0 1 1884 0 0 0 -0.455027 0.0311659 7.35996 1.22 -2.01 -1.07547 6.91173 2.28917 0 -0.455027 0 7.35996 1.22 -2.01 -1.07547 6.91173 2.28917 110.8 
20170507174325 -1.37687 2.06776 -0.0107219 0 0 0 0.999349 -0.000679909 0.0360755 -0.00018701 0.999711 0.0240219 -0.0360814 -0.024013 0.99906 -1.37687 2.06776 -0.0107219 -0.863788 -0.49979 0.0638814 0.999349 -0.000679909 0.0360755 -0.00018701 0.999711 0.0240219 -0.0360814 -0.024013 0.99906 2.56863 1.60261 0 1 1884 0 0 0 -0.455027 0.0360893 7.35996 1.21 -2.01 -1.10481 6.88609 2.35161 0 -0.455027 0 7.35996 1.21 -2.01 -1.10481 6.88609 2.35161 110.7 
20170507174325 -1.14506 2.16034 -0.0311459 0 0 0 0.999289 -0.000209821 0.0376994 -0.000543212 0.999801 0.0199633 -0.0376961 -0.0199696 0.99909 -1.14506 2.16034 -0.0311459 -0.902941 -0.418266 0.0987456 0.999289 -0.000209821 0.0376994 -0.000543212 0.999801 0.0199633 -0.0376961 -0.0199696 0.99909 2.75998 1.71324 0 1 1884 0 0 0 -0.455027 0.037705 7.35996 1.22 -2 -1.05253 6.91173 2.29981 0 -0.455027 0 7.35996 1.22 -2 -1.05253 6.91173 2.29981 110.8 
20170507174325 -1.25777 2.43579 -0.0219554 0 0 0 0.999096 -0.000549787 0.0424979 -0.000382847 0.999759 0.0219342 -0.0424997 -0.0219306 0.998856 -1.25777 2.43579 -0.0219554 -0.8931 -0.436998 0.106794 0.999096 -0.000549787 0.0424979 -0.000382847 0.999759 0.0219342 -0.0424997 -0.0219306 0.998856 3.02613 1.98229 0 1 1884 0 0 0 -0.428196 0.0425126 7.35996 1.23 -2 -1.02371 6.93668 2.23685 0 -0.428196 0 7.35996 1.23 -2 -1.02371 6.93668 2.23685 110.8 
20170507174325 -0.149976 2.52344 -0.19506 0 0 0 0.999025 0.00328918 0.0440365 -0.00340113 0.999991 0.00246766 -0.044028 -0.00261503 0.999027 -0.149976 2.52344 -0.19506 -0.950004 0.0117674 0.312015 0.999025 0.00328918 0.0440365 -0.00340113 0.999991 0.00246766 -0.044028 -0.00261503 0.999027 3.66378 2.3496 0 1 1884 0 0 0 -0.428196 0.0440423 7.35996 1.24 -1.99 -0.973007 6.96093 2.1835 0 -0.428196 0 7.35996 1.24 -1.99 -0.973007 6.96093 2.1835 110.9 
20170507174325 0.319906 3.13061 -0.210874 0 0 0 0.998501 0.00398529 0.0545905 -0.00367494 0.999977 -0.00578434 -0.0546123 0.00557506 0.998492 0.319906 3.13061 -0.210874 -0.924462 0.173694 0.339413 0.998501 0.00398529 0.0545905 -0.00367494 0.999977 -0.00578434 -0.0546123 0.00557506 0.998492 4.04944 2.63039 0 1 1884 0 0 0 -0.428615 0.0546394 7.35996 1.22 -2 -1.05253 6.91173 2.29981 0 -0.428615 0 7.35996 1.22 -2 -1.05253 6.91173 2.29981 110.9 
20170507174325 -1.47898 3.02852 -0.0345135 0 0 0 0.998603 -0.000761454 0.0528309 -0.000601532 0.999668 0.0257783 -0.052833 -0.0257741 0.998271 -1.47898 3.02852 -0.0345135 -0.891398 -0.427465 0.150613 0.998603 -0.000761454 0.0528309 -0.000601532 0.999668 0.0257783 -0.052833 -0.0257741 0.998271 4.40638 2.84542 0 1 1884 0 0 0 -0.428196 0.0528576 7.35996 1.22 -1.98 -1.00632 6.91173 2.3204 0 -0.428196 0 7.35996 1.22 -1.98 -1.00632 6.91173 2.3204 110.9 
20170507174326 -1.31938 3.0257 -0.0743581 0 0 0 0.998605 8.20728e-05 0.0527998 -0.00129598 0.999736 0.022957 -0.0527839 -0.0229934 0.998341 -1.31938 3.0257 -0.0743581 -0.905492 -0.385409 0.177607 0.998605 8.20728e-05 0.0527998 -0.00129598 0.999736 0.022957 -0.0527839 -0.0229934 0.998341 4.46187 2.92757 0 1 1884 0 0 0 -0.428196 0.0528085 7.35996 1.22 -1.97 -0.983068 6.91173 2.33035 0 -0.428196 0 7.35996 1.22 -1.97 -0.983068 6.91173 2.33035 110.8 
20170507174326 0.000718956 3.06304 -0.239578 0 0 0 0.998563 0.00418209 0.0534342 -0.00417544 0.999991 -0.000235981 -0.0534347 1.25302e-05 0.998571 0.000718956 3.06304 -0.239578 -0.929309 0.0638881 0.363736 0.998563 0.00418209 0.0534342 -0.00417544 0.999991 -0.000235981 -0.0534347 1.25302e-05 0.998571 4.41369 2.92198 0 1 1884 0 0 0 -0.428196 0.0534602 7.35996 1.23 -1.97 -0.956155 6.93668 2.26655 0 -0.428196 0 7.35996 1.23 -1.97 -0.956155 6.93668 2.26655 110.8 
20170507174326 0.413962 3.46474 -0.131936 0 0 0 0.99817 0.00273928 0.0604159 -0.0022985 0.99997 -0.00736408 -0.0604342 0.00721173 0.998146 0.413962 3.46474 -0.131936 -0.91376 0.173437 0.367371 0.99817 0.00273928 0.0604159 -0.0022985 0.99997 -0.00736408 -0.0604342 0.00721173 0.998146 4.42647 2.87445 0 1 1884 0 0 0 -0.428196 0.0604711 7.35996 1.23 -1.96 -0.933442 6.93668 2.276 0 -0.428196 0 7.35996 1.23 -1.96 -0.933442 6.93668 2.276 111 
20170507174326 -1.79369 3.26087 0.0524669 0 0 0 0.99838 -0.00269572 0.0568256 0.000914238 0.999508 0.0313527 -0.0568822 -0.03125 0.997892 -1.79369 3.26087 0.0524669 -0.876609 -0.453376 0.161264 0.99838 -0.00269572 0.0568256 0.000914238 0.999508 0.0313527 -0.0568822 -0.03125 0.997892 4.48503 2.86167 0 1 1884 0 0 0 -0.428196 0.0569129 7.35996 1.24 -1.96 -0.907074 6.96093 2.21171 0 -0.428196 0 7.35996 1.24 -1.96 -0.907074 6.96093 2.21171 110.9 
20170507174326 -1.96129 3.3632 0.0902353 0 0 0 0.998276 -0.00358175 0.0585769 0.00157219 0.99941 0.0343166 -0.0586652 -0.0341654 0.997693 -1.96129 3.3632 0.0902353 -0.867172 -0.474932 0.149843 0.998276 -0.00358175 0.0585769 0.00157219 0.99941 0.0343166 -0.0586652 -0.0341654 0.997693 4.48336 2.87015 0 1 1884 0 0 0 -0.428615 0.0586989 7.35996 1.24 -1.97 -0.929146 6.96093 2.20252 0 -0.428615 0 7.35996 1.24 -1.97 -0.929146 6.96093 2.20252 110.8 
20170507174326 -0.534109 3.18223 -0.218629 0 0 0 0.998451 0.00329815 0.0555445 -0.0038099 0.999951 0.00910995 -0.0555118 -0.00930746 0.998415 -0.534109 3.18223 -0.218629 -0.949659 -0.103914 0.29555 0.998451 0.00329815 0.0555445 -0.0038099 0.999951 0.00910995 -0.0555118 -0.00930746 0.998415 4.58358 2.93386 0 1 1884 0 0 0 -0.428615 0.0555403 7.35996 1.23 -1.97 -0.956155 6.93668 2.26655 0 -0.428615 0 7.35996 1.23 -1.97 -0.956155 6.93668 2.26655 111.1 
20170507174327 0.744414 4.1187 -0.106369 0 0 0 0.997416 0.00278947 0.0717927 -0.0018517 0.999912 -0.0131254 -0.071823 0.0129586 0.997333 0.744414 4.1187 -0.106369 -0.915186 0.204046 0.347563 0.997416 0.00278947 0.0717927 -0.0018517 0.999912 -0.0131254 -0.071823 0.0129586 0.997333 4.5676 2.9273 0 1 1884 0 0 0 -0.428615 0.0718849 7.35996 1.23 -1.97 -0.956155 6.93668 2.26655 0 -0.428615 0 7.35996 1.23 -1.97 -0.956155 6.93668 2.26655 111 
20170507174327 0.815658 4.26893 -0.110896 0 0 0 0.997224 0.00299496 0.0744027 -0.00193013 0.999895 -0.0143795 -0.074438 0.0141959 0.997125 0.815658 4.26893 -0.110896 -0.920421 0.209337 0.330157 0.997224 0.00299496 0.0744027 -0.00193013 0.999895 -0.0143795 -0.074438 0.0141959 0.997125 4.4571 2.8241 0 1 1884 0 0 0 -0.429427 0.0745069 7.35996 1.22 -1.97 -0.983068 6.91173 2.33035 0 -0.429427 0 7.35996 1.22 -1.97 -0.983068 6.91173 2.33035 110.8 
20170507174327 0.928667 4.39167 -0.101889 0 0 0 0.997062 0.00301915 0.0765351 -0.00177308 0.999865 -0.0163437 -0.0765741 0.01616 0.996933 0.928667 4.39167 -0.101889 -0.920396 0.211994 0.328525 0.997062 0.00301915 0.0765351 -0.00177308 0.999865 -0.0163437 -0.0765741 0.01616 0.996933 4.30184 2.78534 0 1 1884 0 0 0 -0.429427 0.0766491 7.35996 1.22 -1.97 -0.983068 6.91173 2.33035 0 -0.429427 0 7.35996 1.22 -1.97 -0.983068 6.91173 2.33035 110.8 
20170507174327 -0.260094 3.57029 -0.113554 0 0 0 0.998057 0.00169919 0.0622813 -0.00197805 0.999988 0.00441605 -0.0622731 -0.00453067 0.998049 -0.260094 3.57029 -0.113554 -0.975061 -0.0721249 0.209891 0.998057 0.00169919 0.0622813 -0.00197805 0.999988 0.00441605 -0.0622731 -0.00453067 0.998049 4.26717 2.87738 0 1 1883 0 0 0 -0.429427 0.0623134 7.35996 1.21 -1.99 -1.05756 6.88609 2.37324 0 -0.429427 0 7.35996 1.21 -1.99 -1.05756 6.88609 2.37324 110.9 
20170507174327 -0.0810375 3.57704 -0.0908424 0 0 0 0.998051 0.00149725 0.0623927 -0.00158241 0.999998 0.00131545 -0.0623906 -0.00141162 0.998051 -0.0810375 3.57704 -0.0908424 -0.978088 -0.0333478 0.205503 0.998051 0.00149725 0.0623927 -0.00158241 0.999998 0.00131545 -0.0623906 -0.00141162 0.998051 4.29974 2.96083 0 1 1883 0 0 0 -0.429427 0.0624311 7.35996 1.22 -1.98 -1.00632 6.91173 2.3204 0 -0.429427 0 7.35996 1.22 -1.98 -1.00632 6.91173 2.3204 111 
20170507174327 -0.175735 3.62829 -0.112734 0 0 0 0.997994 0.00177346 0.063289 -0.00196363 0.999994 0.00294263 -0.0632833 -0.003061 0.997991 -0.175735 3.62829 -0.112734 -0.979077 -0.0556528 0.195733 0.997994 0.00177346 0.063289 -0.00196363 0.999994 0.00294263 -0.0632833 -0.003061 0.997991 4.40137 3.06601 0 1 1883 0 0 0 -0.429427 0.0633257 7.35996 1.21 -1.99 -1.05756 6.88609 2.37324 0 -0.429427 0 7.35996 1.21 -1.99 -1.05756 6.88609 2.37324 110.8 
20170507174328 -0.22044 3.66565 -0.113577 0 0 0 0.997952 0.0017363 0.063941 -0.00197824 0.999991 0.00372065 -0.063934 -0.00383952 0.997947 -0.22044 3.66565 -0.113577 -0.97966 -0.0643201 0.190077 0.997952 0.0017363 0.063941 -0.00197824 0.999991 0.00372065 -0.063934 -0.00383952 0.997947 4.54397 3.18567 0 1 1883 0 0 0 -0.429427 0.0639777 7.35996 1.2 -1.99 -1.08553 6.85977 2.43602 0 -0.429427 0 7.35996 1.2 -1.99 -1.08553 6.85977 2.43602 110.8 
20170507174328 -0.163253 3.70059 -0.0928446 0 0 0 0.997914 0.00143654 0.0645468 -0.00161706 0.999995 0.00274471 -0.0645425 -0.00284336 0.997911 -0.163253 3.70059 -0.0928446 -0.978276 -0.0507245 0.201004 0.997914 0.00143654 0.0645468 -0.00161706 0.999995 0.00274471 -0.0645425 -0.00284336 0.997911 4.78308 3.32066 0 1 1883 0 0 0 -0.429427 0.0645874 7.35996 1.2 -1.98 -1.06112 6.85977 2.44675 0 -0.429427 0 7.35996 1.2 -1.98 -1.06112 6.85977 2.44675 110.8 
20170507174328 -0.355654 3.76596 -0.114154 0 0 0 0.997839 0.00158462 0.0656921 -0.00198806 0.99998 0.00607643 -0.0656811 -0.0061939 0.997821 -0.355654 3.76596 -0.114154 -0.974971 -0.0806682 0.207183 0.997839 0.00158462 0.0656921 -0.00198806 0.99998 0.00607643 -0.0656811 -0.0061939 0.997821 4.96273 3.3773 0 1 1883 0 0 0 -0.429427 0.0657284 7.35996 1.21 -1.98 -1.03377 6.88609 2.38369 0 -0.429427 0 7.35996 1.21 -1.98 -1.03377 6.88609 2.38369 110.9 
20170507174328 0.0499227 3.98932 -0.0523583 0 0 0 0.997577 0.000974443 0.0695697 -0.000911611 0.999999 -0.000934891 -0.0695705 0.000869205 0.997577 0.0499227 3.98932 -0.0523583 -0.971685 0.0179031 0.235601 0.997577 0.000974443 0.0695697 -0.000911611 0.999999 -0.000934891 -0.0695705 0.000869205 0.997577 5.1586 3.41935 0 1 1883 0 0 0 -0.428196 0.0696268 7.35996 1.21 -1.99 -1.05756 6.88609 2.37324 0 -0.428196 0 7.35996 1.21 -1.99 -1.05756 6.88609 2.37324 110.8 
