20170507010611 0.144195 1.18426 -0.287329 0 0 0 0.999774 0.00506681 0.0206549 -0.00501374 0.999984 -0.00262028 -0.0206678 0.00251613 0.999783 0.144195 1.18426 -0.287329 -0.0733097 -0.400802 -0.913227 0.999774 0.00506681 0.0206549 -0.00501374 0.999984 -0.00262028 -0.0206678 0.00251613 0.999783 6.95575 1.58159 0 1 1977 0 0 0 
20170507010611 0.201616 1.14813 -0.276345 0 0 0 0.999788 0.0048936 0.02002 -0.00482215 0.999982 -0.00361545 -0.0200373 0.00351815 0.999793 0.201616 1.14813 -0.276345 -0.0320299 0.0624179 -0.997536 0.999788 0.0048936 0.02002 -0.00482215 0.999982 -0.00361545 -0.0200373 0.00351815 0.999793 8.77751 1.7258 0 1 1976 0 0 0 
20170507010611 -0.0171845 1.55769 0.194182 0 0 0 0.999625 -0.00339727 0.0271822 0.00338786 0.999994 0.000392051 -0.0271834 -0.000299815 0.99963 -0.0171845 1.55769 0.194182 -0.196811 0.474012 -0.858242 0.999625 -0.00339727 0.0271822 0.00338786 0.999994 0.000392051 -0.0271834 -0.000299815 0.99963 9.89711 1.70684 0 1 1976 0 0 0 
20170507010612 -0.0467689 1.57558 -0.410601 0 0 0 0.999596 0.00714383 0.0275008 -0.00716357 0.999974 0.000619209 -0.0274956 -0.000815963 0.999622 -0.0467689 1.57558 -0.410601 -0.476044 0.269181 0.837212 0.999596 0.00714383 0.0275008 -0.00716357 0.999974 0.000619209 -0.0274956 -0.000815963 0.999622 11.4018 1.66513 0 1 1974 0 0 0 
20170507010612 -0.10388 2.1375 -0.142182 0 0 0 0.999301 0.00241392 0.037302 -0.00247982 0.999995 0.00172049 -0.0372977 -0.00181179 0.999303 -0.10388 2.1375 -0.142182 0.112085 -0.0847928 -0.990074 0.999301 0.00241392 0.037302 -0.00247982 0.999995 0.00172049 -0.0372977 -0.00181179 0.999303 12.5621 1.79044 0 1 1972 0 0 0 
20170507010612 -0.109002 2.14767 -0.740886 0 0 0 0.999214 0.0128592 0.0374965 -0.0129214 0.999916 0.00141772 -0.0374751 -0.00190111 0.999296 -0.109002 2.14767 -0.740886 -0.341623 0.313778 0.88591 0.999214 0.0128592 0.0374965 -0.0129214 0.999916 0.00141772 -0.0374751 -0.00190111 0.999296 13.627 1.87714 0 1 1971 0 0 0 
20170507010612 -0.0473313 2.56574 -0.187858 0 0 0 0.998992 0.00324175 0.0447682 -0.00327545 0.999994 0.000679308 -0.0447657 -0.000825259 0.998997 -0.0473313 2.56574 -0.187858 0.307145 -0.0924799 -0.947159 0.998992 0.00324175 0.0447682 -0.00327545 0.999994 0.000679308 -0.0447657 -0.000825259 0.998997 15.1766 1.80024 0 1 1971 0 0 0 
20170507010612 0.0265675 2.49164 -0.228991 0 0 0 0.999047 0.00401679 0.0434713 -0.00399285 0.999992 -0.000637435 -0.0434735 0.000463253 0.999054 0.0265675 2.49164 -0.228991 0.33551 -0.100187 -0.936694 0.999047 0.00401679 0.0434713 -0.00399285 0.999992 -0.000637435 -0.0434735 0.000463253 0.999054 16.3754 1.59111 0 1 1971 0 0 0 
20170507010613 0.123222 2.15955 -0.317165 0 0 0 0.999274 0.00561657 0.0376698 -0.00553161 0.999982 -0.00235918 -0.0376823 0.0021491 0.999287 0.123222 2.15955 -0.317165 -0.453602 0.200701 0.868311 0.999274 0.00561657 0.0376698 -0.00553161 0.999982 -0.00235918 -0.0376823 0.0021491 0.999287 16.5499 1.41568 0 1 1971 0 0 0 
20170507010613 0.373644 2.56136 -0.0762573 0 0 0 0.999 0.00162234 0.0446797 -0.00132961 0.999977 -0.00658074 -0.0446894 0.00651475 0.99898 0.373644 2.56136 -0.0762573 0.118146 0.0460012 -0.99193 0.999 0.00162234 0.0446797 -0.00132961 0.999977 -0.00658074 -0.0446894 0.00651475 0.99898 16.3879 1.27585 0 1 1970 0 0 0 
20170507010613 0.364497 2.30099 -0.0298412 0 0 0 0.999194 0.000776229 0.0401449 -0.000520407 0.999979 -0.00638254 -0.040149 0.0063565 0.999173 0.364497 2.30099 -0.0298412 -0.469719 0.196724 -0.860618 0.999194 0.000776229 0.0401449 -0.000520407 0.999979 -0.00638254 -0.040149 0.0063565 0.999173 15.951 1.16629 0 1 1969 0 0 0 
20170507010613 0.597255 2.44179 0.223787 0 0 0 0.999084 -0.0034615 0.0426425 0.00390227 0.99994 -0.0102574 -0.0426045 0.0104144 0.999038 0.597255 2.44179 0.223787 -0.433768 0.376824 -0.818443 0.999084 -0.0034615 0.0426425 0.00390227 0.99994 -0.0102574 -0.0426045 0.0104144 0.999038 14.7765 1.3612 0 1 1968 0 0 0 
20170507010613 0.286048 2.22408 0.179265 0 0 0 0.999242 -0.00293498 0.0388227 0.00312641 0.999983 -0.00487101 -0.0388078 0.00498869 0.999234 0.286048 2.22408 0.179265 -0.661131 0.244137 -0.709438 0.999242 -0.00293498 0.0388227 0.00312641 0.999983 -0.00487101 -0.0388078 0.00498869 0.999234 15.0764 1.21945 0 1 1968 0 0 0 
20170507010614 0.232761 2.5697 0.175206 0 0 0 0.99899 -0.00287575 0.0448466 0.00305484 0.999988 -0.00392531 -0.0448348 0.00405834 0.998986 0.232761 2.5697 0.175206 -0.377621 0.421441 -0.824494 0.99899 -0.00287575 0.0448466 0.00305484 0.999988 -0.00392531 -0.0448348 0.00405834 0.998986 17.1541 0.989299 0 1 1968 0 0 0 
20170507010614 0.188914 2.67703 -0.152508 0 0 0 0.998905 0.00281575 0.0466967 -0.00265886 0.999991 -0.00342148 -0.0467059 0.00329357 0.998903 0.188914 2.67703 -0.152508 0.306869 0.147899 -0.94019 0.998905 0.00281575 0.0466967 -0.00265886 0.999991 -0.00342148 -0.0467059 0.00329357 0.998903 18.7521 1.14406 0 1 1968 0 0 0 
20170507010614 -0.155857 2.55184 -0.0338352 0 0 0 0.999008 0.000469421 0.0445247 -0.00058995 0.999996 0.00269391 -0.0445232 -0.00271751 0.999005 -0.155857 2.55184 -0.0338352 0.0334527 0.244884 -0.968975 0.999008 0.000469421 0.0445247 -0.00058995 0.999996 0.00269391 -0.0445232 -0.00271751 0.999005 18.3091 2.13558 0 1 1967 0 0 0 
20170507010614 0.147987 2.15591 -0.100856 0 0 0 0.999291 0.00185742 0.0376142 -0.00175902 0.999995 -0.00264907 -0.0376189 0.00258103 0.999289 0.147987 2.15591 -0.100856 0.182401 -0.0196476 -0.983028 0.999291 0.00185742 0.0376142 -0.00175902 0.999995 -0.00264907 -0.0376189 0.00258103 0.999289 16.0522 3.30248 0 1 1967 0 0 0 
20170507010614 0.371481 1.54536 -0.163256 0 0 0 0.999632 0.00302414 0.0269493 -0.00284831 0.999974 -0.00656034 -0.0269684 0.00648117 0.999615 0.371481 1.54536 -0.163256 0.192475 -0.0296174 -0.980855 0.999632 0.00302414 0.0269493 -0.00284831 0.999974 -0.00656034 -0.0269684 0.00648117 0.999615 13.7913 4.43886 0 1 1967 0 0 0 
20170507010614 0.45315 1.63589 -0.112398 0 0 0 0.999591 0.00218744 0.0285313 -0.00196092 0.999966 -0.00796486 -0.0285477 0.00790565 0.999561 0.45315 1.63589 -0.112398 -0.364108 -0.0680182 0.92887 0.999591 0.00218744 0.0285313 -0.00196092 0.999966 -0.00796486 -0.0285477 0.00790565 0.999561 12.5595 5.26383 0 1 1967 0 0 0 
20170507010615 0.56632 1.5361 -0.146698 0 0 0 0.999637 0.00282519 0.0267801 -0.00255944 0.999947 -0.00995259 -0.0268068 0.00988044 0.999592 0.56632 1.5361 -0.146698 -0.375975 -0.0830214 0.922903 0.999637 0.00282519 0.0267801 -0.00255944 0.999947 -0.00995259 -0.0268068 0.00988044 0.999592 13.0264 5.47716 0 1 1967 0 0 0 
20170507010615 0.610171 1.55025 -0.14017 0 0 0 0.999631 0.00273439 0.027026 -0.00244554 0.99994 -0.0107154 -0.0270537 0.0106454 0.999577 0.610171 1.55025 -0.14017 -0.325358 -0.123999 0.937426 0.999631 0.00273439 0.027026 -0.00244554 0.99994 -0.0107154 -0.0270537 0.0106454 0.999577 14.2904 6.00661 0 1 1967 0 0 0 
20170507010615 0.7121 1.54171 -0.12575 0 0 0 0.999636 0.00252896 0.0268753 -0.00219396 0.99992 -0.0124872 -0.0269047 0.0124237 0.999561 0.7121 1.54171 -0.12575 -0.171999 -0.121116 0.977623 0.999636 0.00252896 0.0268753 -0.00219396 0.99992 -0.0124872 -0.0269047 0.0124237 0.999561 17.5065 7.30444 0 1 1967 0 0 0 
20170507010615 0.7339 1.55749 -0.20394 0 0 0 0.999624 0.00390727 0.027132 -0.00355811 0.99991 -0.0129053 -0.02718 0.0128039 0.999549 0.7339 1.55749 -0.20394 0.0545417 0.115296 -0.991833 0.999624 0.00390727 0.027132 -0.00355811 0.99991 -0.0129053 -0.02718 0.0128039 0.999549 19.6852 8.47538 0 1 1967 0 0 0 
20170507010615 0.709976 1.66323 -0.226156 -0.0375675 0.0891221 -0.995312 0.999571 0.0043065 0.0289734 -0.00394549 0.999914 -0.0125056 -0.0290248 0.0123859 0.999502 0.709976 1.66323 -0.226156 -0.0375675 0.0891221 -0.995312 0.999571 0.0043065 0.0289734 -0.00394549 0.999914 -0.0125056 -0.0290248 0.0123859 0.999502 21.9805 10.035 1 1 1967 0 0 0 
20170507010616 0.0105476 1.9771 -0.0723993 -0.121246 0.198905 -0.97249 0.999404 0.00126996 0.0344999 -0.00126285 0.999999 -0.000227686 -0.0345001 0.000183982 0.999405 0.0105476 1.9771 -0.0723993 -0.121246 0.198905 -0.97249 0.999404 0.00126996 0.0344999 -0.00126285 0.999999 -0.000227686 -0.0345001 0.000183982 0.999405 24.3605 11.4708 1 1 1967 0 0 0 
20170507010616 0.642656 1.77289 -0.247457 -0.112974 0.0462708 -0.99252 0.999512 0.00466565 0.0308871 -0.00431686 0.999926 -0.0113497 -0.0309378 0.0112109 0.999458 0.642656 1.77289 -0.247457 -0.112974 0.0462708 -0.99252 0.999512 0.00466565 0.0308871 -0.00431686 0.999926 -0.0113497 -0.0309378 0.0112109 0.999458 25.3992 12.5246 1 1 1967 0 0 0 
20170507010616 0.533405 1.81983 -0.186838 -0.0904524 0.0125451 -0.995822 0.99949 0.00355642 0.0317248 -0.00325928 0.99995 -0.00941305 -0.0317567 0.00930485 0.999452 0.533405 1.81983 -0.186838 -0.0904524 0.0125451 -0.995822 0.99949 0.00355642 0.0317248 -0.00325928 0.99995 -0.00941305 -0.0317567 0.00930485 0.999452 25.3429 12.9058 1 1 1967 0 0 0 
20170507010616 0.598352 1.53508 -0.0636391 -0.0250984 -0.0610472 -0.997819 0.99964 0.00139041 0.0267758 -0.00111031 0.999945 -0.0104728 -0.0267889 0.0104393 0.999587 0.598352 1.53508 -0.0636391 -0.0250984 -0.0610472 -0.997819 0.99964 0.00139041 0.0267758 -0.00111031 0.999945 -0.0104728 -0.0267889 0.0104393 0.999587 23.7537 12.0729 1 1 1967 0 0 0 
20170507010617 -0.678249 0.84693 -0.116977 0.00935883 -0.149495 0.988718 0.999889 0.00186652 0.0148043 -0.00204141 0.999928 0.0118072 -0.0147812 -0.0118361 0.999821 -0.678249 0.84693 -0.116977 0.00935883 -0.149495 0.988718 0.999889 0.00186652 0.0148043 -0.00204141 0.999928 0.0118072 -0.0147812 -0.0118361 0.999821 23.3188 10.3069 1 1 1967 0 0 0 
20170507010617 -0.726267 0.157955 -0.15297 -0.0605003 -0.138781 0.988473 0.999993 0.00263467 0.00279044 -0.00266982 0.999916 0.012668 -0.00275683 -0.0126754 0.999916 -0.726267 0.157955 -0.15297 -0.0605003 -0.138781 0.988473 0.999993 0.00263467 0.00279044 -0.00266982 0.999916 0.012668 -0.00275683 -0.0126754 0.999916 23.4868 9.50831 1 1 1967 0 0 0 
20170507010617 -0.308116 -0.0982421 -0.0321912 -0.144844 -0.0764468 0.986497 0.999998 0.000571055 -0.0017116 -0.000561842 0.999985 0.00537857 0.00171465 -0.0053776 0.999984 -0.308116 -0.0982421 -0.0321912 -0.144844 -0.0764468 0.986497 0.999998 0.000571055 -0.0017116 -0.000561842 0.999985 0.00537857 0.00171465 -0.0053776 0.999984 23.3011 9.5918 1 1 1967 0 0 0 
20170507010617 0.245325 -0.0439802 0.303845 -0.218776 0.0432006 0.974818 0.999986 -0.0053063 -0.000744876 0.00530306 0.999977 -0.00428573 0.0007676 0.00428172 0.999991 0.245325 -0.0439802 0.303845 -0.218776 0.0432006 0.974818 0.999986 -0.0053063 -0.000744876 0.00530306 0.999977 -0.00428573 0.0007676 0.00428172 0.999991 23.479 10.0707 1 1 1967 0 0 0 
20170507010617 0.290713 -0.222519 0.263649 -0.231146 0.0542581 0.971405 0.999982 -0.00462117 -0.00386025 0.00460149 0.999976 -0.00509169 0.00388369 0.00507384 0.99998 0.290713 -0.222519 0.263649 -0.231146 0.0542581 0.971405 0.999982 -0.00462117 -0.00386025 0.00460149 0.999976 -0.00509169 0.00388369 0.00507384 0.99998 24.2106 10.4906 1 1 1967 0 0 0 
20170507010618 0.290249 0.0749048 0.381039 -0.226608 0.0522489 0.972584 0.999977 -0.00664362 0.00134098 0.00665032 0.999965 -0.00505698 -0.00130733 0.00506578 0.999986 0.290249 0.0749048 0.381039 -0.226608 0.0522489 0.972584 0.999977 -0.00664362 0.00134098 0.00665032 0.999965 -0.00505698 -0.00130733 0.00506578 0.999986 24.9949 10.4231 1 1 1967 0 0 0 
20170507010618 -0.255797 0.703453 0.0346068 -0.201403 -0.0221444 0.979258 0.999924 -0.000658808 0.0122744 0.000603957 0.99999 0.0044719 -0.0122773 -0.00446415 0.999915 -0.255797 0.703453 0.0346068 -0.201403 -0.0221444 0.979258 0.999924 -0.000658808 0.0122744 0.000603957 0.99999 0.0044719 -0.0122773 -0.00446415 0.999915 25.5271 10.3194 1 1 1967 0 0 0 
20170507010618 1.24815 1.85952 -0.0288868 -0.249234 0.180051 0.951559 0.999473 0.00121087 0.0324304 -0.000503904 0.999762 -0.0217989 -0.0324491 0.0217711 0.999236 1.24815 1.85952 -0.0288868 -0.249234 0.180051 0.951559 0.999473 0.00121087 0.0324304 -0.000503904 0.999762 -0.0217989 -0.0324491 0.0217711 0.999236 26.7525 11.1368 1 1 1966 0 0 0 
20170507010618 0.933102 2.03594 0.108052 -0.181012 0.161173 0.970185 0.999367 -0.00130706 0.0355524 0.00188467 0.999867 -0.016218 -0.0355264 0.0162747 0.999236 0.933102 2.03594 0.108052 -0.181012 0.161173 0.970185 0.999367 -0.00130706 0.0355524 0.00188467 0.999867 -0.016218 -0.0355264 0.0162747 0.999236 28.0801 12.4902 1 1 1966 0 0 0 
20170507010618 0.0203144 -0.154399 0.0843366 0.0828696 0.0565518 0.994955 0.999995 -0.00147291 -0.00269424 0.00147195 0.999999 -0.000358519 0.00269476 0.000354552 0.999996 0.0203144 -0.154399 0.0843366 0.0828696 0.0565518 0.994955 0.999995 -0.00147291 -0.00269424 0.00147195 0.999999 -0.000358519 0.00269476 0.000354552 0.999996 28.4581 13.3492 1 1 1966 0 0 0 
20170507010619 -0.137038 0.123623 0.0502105 0.0987671 0.050789 0.993814 0.999997 -0.000881496 0.00215552 0.000876336 0.999997 0.00239366 -0.00215763 -0.00239176 0.999995 -0.137038 0.123623 0.0502105 0.0987671 0.050789 0.993814 0.999997 -0.000881496 0.00215552 0.000876336 0.999997 0.00239366 -0.00215763 -0.00239176 0.999995 29.0359 14.1065 1 1 1966 0 0 0 
20170507010619 -0.0205936 0.246179 0.0620594 0.0784078 0.0373738 0.996221 0.99999 -0.00108468 0.00429622 0.00108313 0.999999 0.00036408 -0.00429662 -0.000359423 0.999991 -0.0205936 0.246179 0.0620594 0.0784078 0.0373738 0.996221 0.99999 -0.00108468 0.00429622 0.00108313 0.999999 0.00036408 -0.00429662 -0.000359423 0.999991 30.4917 14.5235 1 1 1966 0 0 0 
20170507010619 -0.0192329 0.10803 -0.120313 0.0459599 0.00556348 0.998928 0.999996 0.00209922 0.00188618 -0.00209985 0.999998 0.000331717 -0.00188548 -0.000335676 0.999998 -0.0192329 0.10803 -0.120313 0.0459599 0.00556348 0.998928 0.999996 0.00209922 0.00188618 -0.00209985 0.999998 0.000331717 -0.00188548 -0.000335676 0.999998 31.7707 14.3561 1 1 1966 0 0 0 
20170507010619 -0.189437 1.50513 0.152991 -0.0627787 -0.00423634 0.998018 0.999651 -0.00275702 0.0262573 0.00266927 0.999991 0.00337642 -0.0262664 -0.00330515 0.99965 -0.189437 1.50513 0.152991 -0.0627787 -0.00423634 0.998018 0.999651 -0.00275702 0.0262573 0.00266927 0.999991 0.00337642 -0.0262664 -0.00330515 0.99965 31.3054 13.4492 1 1 1966 0 0 0 
20170507010619 0.472139 1.4292 -0.0275604 -0.133775 0.0667834 0.988759 0.999689 0.000686529 0.0249369 -0.000480869 0.999966 -0.00825229 -0.0249417 0.00823773 0.999655 0.472139 1.4292 -0.0275604 -0.133775 0.0667834 0.988759 0.999689 0.000686529 0.0249369 -0.000480869 0.999966 -0.00825229 -0.0249417 0.00823773 0.999655 30.5908 12.8746 1 1 1966 0 0 0 
20170507010620 0.912549 1.20297 -0.126433 -0.146663 0.123409 0.981458 0.999777 0.00254076 0.0209564 -0.00220619 0.99987 -0.0159726 -0.0209942 0.0159228 0.999653 0.912549 1.20297 -0.126433 -0.146663 0.123409 0.981458 0.999777 0.00254076 0.0209564 -0.00220619 0.99987 -0.0159726 -0.0209942 0.0159228 0.999653 30.6892 13.0526 1 1 1966 0 0 0 
20170507010620 0.871868 1.65451 -0.070398 -0.13942 0.135511 0.980917 0.999582 0.00166787 0.0288505 -0.00122816 0.999883 -0.0152518 -0.0288726 0.01521 0.999467 0.871868 1.65451 -0.070398 -0.13942 0.135511 0.980917 0.999582 0.00166787 0.0288505 -0.00122816 0.999883 -0.0152518 -0.0288726 0.01521 0.999467 31.5217 13.7342 1 1 1966 0 0 0 
20170507010620 0.652189 1.8838 0.0625699 -0.0585532 0.131974 0.989522 0.999459 -0.000717806 0.0328828 0.00109146 0.999935 -0.0113467 -0.0328725 0.0113764 0.999395 0.652189 1.8838 0.0625699 -0.0585532 0.131974 0.989522 0.999459 -0.000717806 0.0328828 0.00109146 0.999935 -0.0113467 -0.0328725 0.0113764 0.999395 32.3735 14.7556 1 1 1966 0 0 0 
20170507010620 0.216695 3.09567 -0.060157 -0.10717 0.139527 0.984402 0.99854 0.00125417 0.0539989 -0.00104841 0.999992 -0.00383874 -0.0540033 0.00377652 0.998534 0.216695 3.09567 -0.060157 -0.10717 0.139527 0.984402 0.99854 0.00125417 0.0539989 -0.00104841 0.999992 -0.00383874 -0.0540033 0.00377652 0.998534 33.4633 16.6072 1 1 1955 0 0 0 
20170507010620 -0.628627 0.798696 0.0441216 0.112522 0.060389 0.991812 0.999903 -0.000922956 0.0139301 0.000769992 0.999939 0.0109821 -0.0139394 -0.0109703 0.999843 -0.628627 0.798696 0.0441216 0.112522 0.060389 0.991812 0.999903 -0.000922956 0.0139301 0.000769992 0.999939 0.0109821 -0.0139394 -0.0109703 0.999843 34.2903 17.6178 1 1 1949 0 0 0 
20170507010621 -0.858282 0.275366 0.0339571 0.154775 0.0502779 0.98667 0.999988 -0.000664587 0.00479661 0.000592656 0.999888 0.0149821 -0.00480602 -0.0149791 0.999876 -0.858282 0.275366 0.0339571 0.154775 0.0502779 0.98667 0.999988 -0.000664587 0.00479661 0.000592656 0.999888 0.0149821 -0.00480602 -0.0149791 0.999876 35.1327 18.0398 1 1 1949 0 0 0 
20170507010621 0.122703 1.66302 0.181564 0.0333465 0.167769 0.985262 0.999574 -0.00310672 0.0290276 0.00316754 0.999993 -0.00204959 -0.029021 0.00214066 0.999577 0.122703 1.66302 0.181564 0.0333465 0.167769 0.985262 0.999574 -0.00310672 0.0290276 0.00316754 0.999993 -0.00204959 -0.029021 0.00214066 0.999577 35.22 17.6616 1 1 1949 0 0 0 
20170507010621 0.303016 1.02882 -0.085663 0.0270353 0.195363 0.980358 0.999838 0.00159004 0.0179472 -0.00149486 0.999985 -0.00531544 -0.0179554 0.00528775 0.999825 0.303016 1.02882 -0.085663 0.0270353 0.195363 0.980358 0.999838 0.00159004 0.0179472 -0.00149486 0.999985 -0.00531544 -0.0179554 0.00528775 0.999825 35.3097 17.6686 1 1 1949 0 0 0 
20170507010621 -0.0520719 1.38983 -0.28462 -0.00412769 0.193634 0.981065 0.999693 0.00494549 0.024259 -0.00496607 0.999987 0.000788328 -0.0242548 -0.000908558 0.999705 -0.0520719 1.38983 -0.28462 -0.00412769 0.193634 0.981065 0.999693 0.00494549 0.024259 -0.00496607 0.999987 0.000788328 -0.0242548 -0.000908558 0.999705 35.1093 17.6356 1 1 1948 0 0 0 
20170507010621 -0.0039006 1.17339 -0.215927 -0.00739689 0.199712 0.979827 0.999783 0.00376723 0.0204783 -0.00376783 0.999993 -9.09663e-06 -0.0204782 -6.8064e-05 0.99979 -0.0039006 1.17339 -0.215927 -0.00739689 0.199712 0.979827 0.999783 0.00376723 0.0204783 -0.00376783 0.999993 -9.09663e-06 -0.0204782 -6.8064e-05 0.99979 35.2949 17.4755 1 1 1948 0 0 0 
20170507010622 0.641945 1.01485 -0.286711 0.0136039 0.243138 0.969896 0.999831 0.00520214 0.0176541 -0.00500324 0.999924 -0.0112923 -0.0177115 0.0112021 0.99978 0.641945 1.01485 -0.286711 0.0136039 0.243138 0.969896 0.999831 0.00520214 0.0176541 -0.00500324 0.999924 -0.0112923 -0.0177115 0.0112021 0.99978 35.2818 17.231 1 1 1947 0 0 0 
20170507010622 0.320397 0.102895 -0.0215663 0.0980836 0.234515 0.967152 0.999998 0.000386439 0.00179372 -0.000376402 0.999984 -0.00559263 -0.00179586 0.00559195 0.999983 0.320397 0.102895 -0.0215663 0.0980836 0.234515 0.967152 0.999998 0.000386439 0.00179372 -0.000376402 0.999984 -0.00559263 -0.00179586 0.00559195 0.999983 35.0464 17.0644 1 1 1947 0 0 0 
20170507010622 -0.0675388 -0.578616 0.00115714 0.127359 0.217225 0.967777 0.999949 -8.29191e-06 -0.0100986 2.01948e-05 0.999999 0.00117857 0.0100986 -0.00117871 0.999948 -0.0675388 -0.578616 0.00115714 0.127359 0.217225 0.967777 0.999949 -8.29191e-06 -0.0100986 2.01948e-05 0.999999 0.00117857 0.0100986 -0.00117871 0.999948 35.7278 17.6623 1 1 1947 0 0 0 
20170507010622 -1.07731 -1.86466 0.29766 0.254878 0.123947 0.958996 0.999457 -0.00458244 -0.0326302 0.00519238 0.999813 0.0186322 0.0325387 -0.0187915 0.999294 -1.07731 -1.86466 0.29766 0.254878 0.123947 0.958996 0.999457 -0.00458244 -0.0326302 0.00519238 0.999813 0.0186322 0.0325387 -0.0187915 0.999294 36.9658 18.6638 1 1 1947 0 0 0 
20170507010622 -1.3577 -2.03066 0.0454962 0.264628 0.132276 0.955235 0.999372 4.57499e-05 -0.0354432 0.000793559 0.99972 0.023666 0.0354343 -0.0236792 0.999091 -1.3577 -2.03066 0.0454962 0.264628 0.132276 0.955235 0.999372 4.57499e-05 -0.0354432 0.000793559 0.99972 0.023666 0.0354343 -0.0236792 0.999091 37.6612 19.2604 1 1 1944 0 0 0 
20170507010623 0.561592 -0.340102 0.261092 0.129334 0.295782 0.94646 0.999972 -0.00461486 -0.00589085 0.00455682 0.999941 -0.00982842 0.00593586 0.0098013 0.999934 0.561592 -0.340102 0.261092 0.129334 0.295782 0.94646 0.999972 -0.00461486 -0.00589085 0.00455682 0.999941 -0.00982842 0.00593586 0.0098013 0.999934 38.4004 19.7109 1 1 1939 0 0 0 
20170507010623 -0.73277 0.123214 0.207997 0.118549 0.246891 0.961764 0.999991 -0.00365742 0.00210388 0.00363021 0.999912 0.0127966 -0.00215049 -0.0127889 0.999916 -0.73277 0.123214 0.207997 0.118549 0.246891 0.961764 0.999991 -0.00365742 0.00210388 0.00363021 0.999912 0.0127966 -0.00215049 -0.0127889 0.999916 38.9549 19.8287 1 1 1935 0 0 0 
20170507010623 -0.819659 -0.131826 0.243696 0.127899 0.241396 0.961961 0.999988 -0.00421993 -0.00236139 0.00425327 0.999889 0.0142954 0.0023008 -0.0143052 0.999895 -0.819659 -0.131826 0.243696 0.127899 0.241396 0.961961 0.999988 -0.00421993 -0.00236139 0.00425327 0.999889 0.0142954 0.0023008 -0.0143052 0.999895 39.9199 20.3895 1 1 1935 0 0 0 
20170507010623 0.0729169 -0.713924 0.354197 0.140853 0.259827 0.955327 0.999903 -0.00619771 -0.0124519 0.00618138 0.99998 -0.00134964 0.01246 0.00127254 0.999922 0.0729169 -0.713924 0.354197 0.140853 0.259827 0.955327 0.999903 -0.00619771 -0.0124519 0.00618138 0.99998 -0.00134964 0.01246 0.00127254 0.999922 41.202 21.6863 1 1 1928 0 0 0 
20170507010624 0.0403305 0.0280665 -0.0224959 0.114989 0.251495 0.961004 1 0.000392973 0.000489576 -0.000392628 1 -0.000704092 -0.000489852 0.0007039 1 0.0403305 0.0280665 -0.0224959 0.114989 0.251495 0.961004 1 0.000392973 0.000489576 -0.000392628 1 -0.000704092 -0.000489852 0.0007039 1 42.5093 22.802 1 1 1928 0 0 0 
20170507010624 -0.400113 1.47423 -0.529465 0.0520882 0.22691 0.972522 0.999626 0.0090609 0.0257902 -0.00923771 0.999935 0.0067452 -0.0257274 -0.00698092 0.999645 -0.400113 1.47423 -0.529465 0.0520882 0.22691 0.972522 0.999626 0.0090609 0.0257902 -0.00923771 0.999935 0.0067452 -0.0257274 -0.00698092 0.999645 43.2126 23.4627 1 1 1928 0 0 0 
20170507010624 -0.0125531 0.476959 -0.474334 0.134095 0.246038 0.95994 0.999931 0.00827677 0.00832595 -0.00827831 0.999966 0.000150171 -0.00832442 -0.000219085 0.999965 -0.0125531 0.476959 -0.474334 0.134095 0.246038 0.95994 0.999931 0.00827677 0.00832595 -0.00827831 0.999966 0.000150171 -0.00832442 -0.000219085 0.999965 43.5776 23.836 1 1 1927 0 0 0 
20170507010624 -0.0143801 0.340762 -0.385579 0.149881 0.25215 0.956011 0.99996 0.00672808 0.00594893 -0.00672945 0.999977 0.000210951 -0.00594738 -0.000250976 0.999982 -0.0143801 0.340762 -0.385579 0.149881 0.25215 0.956011 0.99996 0.00672808 0.00594893 -0.00672945 0.999977 0.000210951 -0.00594738 -0.000250976 0.999982 43.5732 23.8577 1 1 1927 0 0 0 
20170507010625 1.15036 0.0890673 -0.104754 0.0965103 0.318915 0.942857 0.999997 0.00185914 0.0015175 -0.0018283 0.999797 -0.020079 -0.00155452 0.0200762 0.999797 1.15036 0.0890673 -0.104754 0.0965103 0.318915 0.942857 0.999997 0.00185914 0.0015175 -0.0018283 0.999797 -0.020079 -0.00155452 0.0200762 0.999797 43.2761 23.4279 1 1 1926 0 0 0 
20170507010625 -1.47894 0.440367 -0.206364 0.139914 0.184865 0.972753 0.999964 0.00340215 0.00777612 -0.00360161 0.999661 0.0257817 -0.00768577 -0.0258088 0.999637 -1.47894 0.440367 -0.206364 0.139914 0.184865 0.972753 0.999964 0.00340215 0.00777612 -0.00360161 0.999661 0.0257817 -0.00768577 -0.0258088 0.999637 43.2838 23.2565 1 1 1926 0 0 0 
20170507010625 1.11348 0.837738 -0.879388 0.0257048 0.315821 0.948471 0.999775 0.0156288 0.014318 -0.015346 0.999689 -0.0196547 -0.0146208 0.0194305 0.999704 1.11348 0.837738 -0.879388 0.0257048 0.315821 0.948471 0.999775 0.0156288 0.014318 -0.015346 0.999689 -0.0196547 -0.0146208 0.0194305 0.999704 43.5578 23.1425 1 1 1926 0 0 0 
20170507010625 -0.533267 0.290699 -0.36271 0.0709913 0.231937 0.970137 0.999967 0.00628295 0.00513222 -0.00633037 0.999937 0.00927482 -0.00507363 -0.00930701 0.999944 -0.533267 0.290699 -0.36271 0.0709913 0.231937 0.970137 0.999967 0.00628295 0.00513222 -0.00633037 0.999937 0.00927482 -0.00507363 -0.00930701 0.999944 44.4463 23.693 1 1 1925 0 0 0 
20170507010626 0.580189 -0.319251 -0.258058 0.0725374 0.290534 0.954111 0.999974 0.0044473 -0.00561723 -0.00450388 0.999939 -0.0101008 0.00557196 0.0101259 0.999933 0.580189 -0.319251 -0.258058 0.0725374 0.290534 0.954111 0.999974 0.0044473 -0.00561723 -0.00450388 0.999939 -0.0101008 0.00557196 0.0101259 0.999933 45.0423 24.1808 1 1 1924 0 0 0 
20170507010626 0.777409 0.274159 -0.682828 0.0424379 0.28578 0.957355 0.999918 0.0119811 0.00462248 -0.0119172 0.999836 -0.013624 -0.00478496 0.0135678 0.999897 0.777409 0.274159 -0.682828 0.0424379 0.28578 0.957355 0.999918 0.0119811 0.00462248 -0.0119172 0.999836 -0.013624 -0.00478496 0.0135678 0.999897 45.9602 24.9925 1 1 1923 0 0 0 
20170507010626 -0.102947 -0.85588 0.0408799 0.143677 0.231891 0.962073 0.999888 -0.000686648 -0.0149386 0.000713409 0.999998 0.00178611 0.0149374 -0.00179657 0.999887 -0.102947 -0.85588 0.0408799 0.143677 0.231891 0.962073 0.999888 -0.000686648 -0.0149386 0.000713409 0.999998 0.00178611 0.0149374 -0.00179657 0.999887 47.2627 26.0562 1 1 1922 0 0 0 
20170507010626 -2.65257 -6.19564 -0.261722 0 0 0 0.994149 0.00955761 -0.107596 -0.00454122 0.998895 0.0467714 0.107924 -0.0460092 0.993094 -2.65257 -6.19564 -0.261722 0 0 0 0.994149 0.00955761 -0.107596 -0.00454122 0.998895 0.0467714 0.107924 -0.0460092 0.993094 47.2627 26.0562 1 0 1917 0 0 0 
20170507010627 1.10502 -0.440863 -0.499707 0.0831055 0.269255 0.959477 0.999932 0.00857141 -0.0078609 -0.00872116 0.999777 -0.0192172 0.00769443 0.0192844 0.999784 1.10502 -0.440863 -0.499707 0.0831055 0.269255 0.959477 0.999932 0.00857141 -0.0078609 -0.00872116 0.999777 -0.0192172 0.00769443 0.0192844 0.999784 49.1531 27.8876 1 1 1917 0 0 0 
20170507010627 0.578455 -1.82212 -0.489679 0.145106 0.222249 0.964132 0.999458 0.00822496 -0.0318802 -0.00854208 0.999915 -0.00982368 0.0317967 0.0100907 0.999443 0.578455 -1.82212 -0.489679 0.145106 0.222249 0.964132 0.999458 0.00822496 -0.0318802 -0.00854208 0.999915 -0.00982368 0.0317967 0.0100907 0.999443 49.8531 28.1224 1 1 1916 0 0 0 
20170507010627 0.969944 -1.12322 -0.427054 0.102214 0.244565 0.96423 0.99978 0.00712055 -0.0197254 -0.00745201 0.999831 -0.0167814 0.0196026 0.0169247 0.999665 0.969944 -1.12322 -0.427054 0.102214 0.244565 0.96423 0.99978 0.00712055 -0.0197254 -0.00745201 0.999831 -0.0167814 0.0196026 0.0169247 0.999665 50.801 27.9971 1 1 1908 0 0 0 
20170507010628 1.12575 -2.53322 -0.3658 0.219366 0.228174 0.948586 0.999002 0.0055148 -0.0443147 -0.00637814 0.999792 -0.0193642 0.0441987 0.0196276 0.99883 1.12575 -2.53322 -0.3658 0.219366 0.228174 0.948586 0.999002 0.0055148 -0.0443147 -0.00637814 0.999792 -0.0193642 0.0441987 0.0196276 0.99883 51.2179 28.1422 1 1 1895 0 0 0 
20170507010628 1.64392 -2.77752 0.0729683 0.233186 0.228318 0.945249 0.998824 -0.00266317 -0.0484014 0.00127204 0.999586 -0.0287495 0.0484579 0.0286542 0.998414 1.64392 -2.77752 0.0729683 0.233186 0.228318 0.945249 0.998824 -0.00266317 -0.0484014 0.00127204 0.999586 -0.0287495 0.0484579 0.0286542 0.998414 51.1909 28.4532 1 1 1875 0 0 0 
20170507010628 1.85087 1.16024 -0.931209 0.0551321 0.2063 0.976934 0.999663 0.0168974 0.0197104 -0.0162486 0.999336 -0.0326228 -0.0202485 0.0322916 0.999273 1.85087 1.16024 -0.931209 0.0551321 0.2063 0.976934 0.999663 0.0168974 0.0197104 -0.0162486 0.999336 -0.0326228 -0.0202485 0.0322916 0.999273 52.2694 29.4668 1 1 1854 0 0 0 
20170507010629 -2.10641 -5.92085 -0.762981 0 0 0 0.994577 0.0170983 -0.102586 -0.0132451 0.999185 0.0381249 0.103154 -0.0365594 0.993993 -2.10641 -5.92085 -0.762981 0 0 0 0.994577 0.0170983 -0.102586 -0.0132451 0.999185 0.0381249 0.103154 -0.0365594 0.993993 52.2694 29.4668 1 0 1841 0 0 0 
20170507010629 -0.30375 -2.38181 0.0638589 0.28383 0.0926671 0.954386 0.999135 -0.000894215 -0.0415638 0.00111359 0.999986 0.00525508 0.0415585 -0.00529683 0.999122 -0.30375 -2.38181 0.0638589 0.28383 0.0926671 0.954386 0.999135 -0.000894215 -0.0415638 0.00111359 0.999986 0.00525508 0.0415585 -0.00529683 0.999122 52.3861 28.8787 1 1 1839 0 0 0 
20170507010630 0.302666 -0.992363 -0.0489595 0.271232 0.121937 0.954759 0.99985 0.000763005 -0.0173234 -0.000854376 0.999986 -0.00526768 0.0173191 0.00528169 0.999836 0.302666 -0.992363 -0.0489595 0.271232 0.121937 0.954759 0.99985 0.000763005 -0.0173234 -0.000854376 0.999986 -0.00526768 0.0173191 0.00528169 0.999836 52.7122 28.9602 1 1 1834 0 0 0 
20170507010630 1.00516 2.76982 -0.719162 0.091726 0.173964 0.980471 0.998753 0.0133971 0.0480923 -0.0125368 0.999757 -0.0181475 -0.0483237 0.0175219 0.998678 1.00516 2.76982 -0.719162 0.091726 0.173964 0.980471 0.998753 0.0133971 0.0480923 -0.0125368 0.999757 -0.0181475 -0.0483237 0.0175219 0.998678 53.6235 29.6274 1 1 1826 0 0 0 
20170507010631 -2.09191 -5.36876 0.530987 0 0 0 0.99557 -0.00584593 -0.0938373 0.00922668 0.999322 0.0356344 0.0935654 -0.0363424 0.99495 -2.09191 -5.36876 0.530987 0 0 0 0.99557 -0.00584593 -0.0938373 0.00922668 0.999322 0.0356344 0.0935654 -0.0363424 0.99495 53.6235 29.6274 1 0 1817 0 0 0 
20170507010632 -3.79643 -4.91288 -0.685715 0.424655 -0.059745 0.903382 0.996255 0.0176115 -0.0846545 -0.0119237 0.997666 0.0672297 0.0856409 -0.0659685 0.99414 -3.79643 -4.91288 -0.685715 0.424655 -0.059745 0.903382 0.996255 0.0176115 -0.0846545 -0.0119237 0.997666 0.0672297 0.0856409 -0.0659685 0.99414 53.5353 29.2333 1 1 1810 0 0 0 
20170507010632 -0.474353 -2.28189 0.316903 0.299116 0.0629246 0.95214 0.999192 -0.00520116 -0.0398598 0.00552659 0.999952 0.00805859 0.039816 -0.00827236 0.999173 -0.474353 -2.28189 0.316903 0.299116 0.0629246 0.95214 0.999192 -0.00520116 -0.0398598 0.00552659 0.999952 0.00805859 0.039816 -0.00827236 0.999173 54.271 27.811 1 1 1808 0 0 0 
20170507010633 -1.30651 -5.06689 0.049215 0 0 0 0.996092 0.00115501 -0.0883152 0.000855608 0.999741 0.0227251 0.0883187 -0.0227119 0.995833 -1.30651 -5.06689 0.049215 0 0 0 0.996092 0.00115501 -0.0883152 0.000855608 0.999741 0.0227251 0.0883187 -0.0227119 0.995833 54.271 27.811 1 0 1807 0 0 0 
20170507010634 -0.583389 0.772704 -0.195047 0.0711623 0.0837291 0.993944 0.999903 0.00326672 0.0135197 -0.0034039 0.999943 0.0101359 -0.0134858 -0.010181 0.999857 -0.583389 0.772704 -0.195047 0.0711623 0.0837291 0.993944 0.999903 0.00326672 0.0135197 -0.0034039 0.999943 0.0101359 -0.0134858 -0.010181 0.999857 54.9476 27.6086 1 1 1804 0 0 0 
20170507010634 -1.21751 -6.66677 0.279262 0 0 0 0.993226 -0.00240617 -0.116171 0.00484106 0.999774 0.020682 0.116095 -0.0211043 0.993014 -1.21751 -6.66677 0.279262 0 0 0 0.993226 -0.00240617 -0.116171 0.00484106 0.999774 0.020682 0.116095 -0.0211043 0.993014 54.9476 27.6086 1 0 1804 0 0 0 
20170507010635 -3.22505 -6.68628 0.175377 0 0 0 0.993194 0.0034942 -0.11642 0.00304008 0.998432 0.0559019 0.116433 -0.0558753 0.991626 -3.22505 -6.68628 0.175377 0 0 0 0.993194 0.0034942 -0.11642 0.00304008 0.998432 0.0559019 0.116433 -0.0558753 0.991626 54.9476 27.6086 1 0 1803 0 0 0 
20170507010636 -0.21452 -0.65842 -0.447798 0.05812 0.146347 0.987525 0.999903 0.00785843 -0.0114617 -0.00781495 0.999962 0.00383377 0.0114913 -0.00374383 0.999927 -0.21452 -0.65842 -0.447798 0.05812 0.146347 0.987525 0.999903 0.00785843 -0.0114617 -0.00781495 0.999962 0.00383377 0.0114913 -0.00374383 0.999927 57.2906 28.5953 1 1 1799 0 0 0 
20170507010636 -4.20997 -0.448007 -0.0409903 0.0901711 0.018447 0.995755 0.999969 0.0012875 -0.00774549 -0.000715393 0.997301 0.0734172 0.00781911 -0.0734094 0.997271 -4.20997 -0.448007 -0.0409903 0.0901711 0.018447 0.995755 0.999969 0.0012875 -0.00774549 -0.000715393 0.997301 0.0734172 0.00781911 -0.0734094 0.997271 57.205 28.6717 1 1 1792 0 0 0 
20170507010637 -2.37508 -0.841733 -0.716569 0.12671 0.0741174 0.989167 0.999814 0.0131042 -0.0141584 -0.0125048 0.999055 0.0416214 0.0146905 -0.0414366 0.999033 -2.37508 -0.841733 -0.716569 0.12671 0.0741174 0.989167 0.999814 0.0131042 -0.0141584 -0.0125048 0.999055 0.0416214 0.0146905 -0.0414366 0.999033 56.1204 28.2319 1 1 1774 0 0 0 
20170507010638 -5.70345 3.07428 1.67269 0 0 0 0.998135 -0.0343729 0.0504415 0.0291478 0.99447 0.100895 -0.0536306 -0.0992367 0.993618 -5.70345 3.07428 1.67269 0 0 0 0.998135 -0.0343729 0.0504415 0.0291478 0.99447 0.100895 -0.0536306 -0.0992367 0.993618 56.1204 28.2319 1 0 1773 0 0 0 
20170507010638 -0.879013 1.0033 -0.111328 0.101297 0.113757 0.988331 0.999845 0.00167418 0.0175377 -0.00194273 0.999881 0.015307 -0.01751 -0.0153387 0.999729 -0.879013 1.0033 -0.111328 0.101297 0.113757 0.988331 0.999845 0.00167418 0.0175377 -0.00194273 0.999881 0.015307 -0.01751 -0.0153387 0.999729 56.2655 28.0091 1 1 1771 0 0 0 
20170507010639 -1.13652 0.911935 -0.0330576 0.0977969 0.095829 0.990582 0.999873 0.000261169 0.0159239 -0.00057689 0.999803 0.0198255 -0.0159156 -0.0198322 0.999677 -1.13652 0.911935 -0.0330576 0.0977969 0.095829 0.990582 0.999873 0.000261169 0.0159239 -0.00057689 0.999803 0.0198255 -0.0159156 -0.0198322 0.999677 56.3345 27.6999 1 1 1771 0 0 0 
20170507010640 -3.4237 -1.60222 -0.227258 0.120707 0.0283314 0.992284 0.999601 0.00562907 -0.0276734 -0.00396484 0.998201 0.0598295 0.0279604 -0.0596959 0.997825 -3.4237 -1.60222 -0.227258 0.120707 0.0283314 0.992284 0.999601 0.00562907 -0.0276734 -0.00396484 0.998201 0.0598295 0.0279604 -0.0596959 0.997825 57.1139 28.5911 1 1 1771 0 0 0 
20170507010640 -2.83389 0.483462 0.360988 0.117107 0.0781684 0.990038 0.999945 -0.00670985 0.00811593 0.00630017 0.998755 0.0494926 -0.00843791 -0.0494387 0.998742 -2.83389 0.483462 0.360988 0.117107 0.0781684 0.990038 0.999945 -0.00670985 0.00811593 0.00630017 0.998755 0.0494926 -0.00843791 -0.0494387 0.998742 55.799 28.1486 1 1 1770 0 0 0 
20170507010641 -2.11913 0.645559 0.103624 0.108069 0.0923442 0.989845 0.999935 -0.00222397 0.0111923 0.00180847 0.999314 0.0369976 -0.0112669 -0.0369749 0.999253 -2.11913 0.645559 0.103624 0.108069 0.0923442 0.989845 0.999935 -0.00222397 0.0111923 0.00180847 0.999314 0.0369976 -0.0112669 -0.0369749 0.999253 55.6531 28.1002 1 1 1770 0 0 0 
20170507010642 -2.11913 0.645559 0.103624 -0.481745 0.175032 0.858653 0.978373 0.0363903 0.203623 -0.0331714 0.999265 -0.0192005 -0.204172 0.0120308 0.978861 0.704166 11.781 -1.94185 -0.481745 0.175032 0.858653 0.978373 0.0363903 0.203623 -0.0331714 0.999265 -0.0192005 -0.204172 0.0120308 0.978861 55.6531 28.1002 1 1 1770 0 1 1 
20170507010642 -2.11913 0.645559 0.103624 0.549877 0.20418 0.809904 -0.47972 -0.541089 -0.690718 0.0614842 0.764548 -0.641628 0.875265 -0.35027 -0.333501 -133.595 -61.0763 172.696 0.549877 0.20418 0.809904 -0.47972 -0.541089 -0.690718 0.0614842 0.764548 -0.641628 0.875265 -0.35027 -0.333501 55.6531 28.1002 1 1 697 0 1 2 
20170507010643 -2.11913 0.645559 0.103624 0.559231 -0.238413 0.79399 0.972775 0.0979291 -0.210045 -0.0625138 0.983619 0.169074 0.223161 -0.15134 0.962962 -8.93162 -12.8948 -3.67696 0.559231 -0.238413 0.79399 0.972775 0.0979291 -0.210045 -0.0625138 0.983619 0.169074 0.223161 -0.15134 0.962962 55.6531 28.1002 1 1 696 0 1 3 
20170507010643 -9.28466 -12.2508 -4.13917 0 0 0 0.974679 0.105379 -0.197219 -0.0705357 0.981854 0.176034 0.21219 -0.157666 0.964426 -9.28466 -12.2508 -4.13917 0 0 0 0.974679 0.105379 -0.197219 -0.0705357 0.981854 0.176034 0.21219 -0.157666 0.964426 55.6531 28.1002 1 0 696 0 0 0 
20170507010643 -9.94504 -10.0692 -3.89697 0 0 0 0.982321 0.0970663 -0.160074 -0.0669157 0.980644 0.184008 0.174837 -0.170043 0.969803 -9.94504 -10.0692 -3.89697 0 0 0 0.982321 0.0970663 -0.160074 -0.0669157 0.980644 0.184008 0.174837 -0.170043 0.969803 55.6531 28.1002 1 0 695 0 0 0 
20170507010644 -8.90565 -9.24088 -4.4003 0 0 0 0.984113 0.100586 -0.146304 -0.0757285 0.983125 0.166524 0.160585 -0.152799 0.975123 -8.90565 -9.24088 -4.4003 0 0 0 0.984113 0.100586 -0.146304 -0.0757285 0.983125 0.166524 0.160585 -0.152799 0.975123 55.6531 28.1002 1 0 695 0 0 0 
20170507010644 -9.46168 -6.93335 -3.69919 0 0 0 0.990619 0.0834432 -0.108218 -0.0640464 0.98306 0.171728 0.120715 -0.163186 0.979182 -9.46168 -6.93335 -3.69919 0 0 0 0.990619 0.0834432 -0.108218 -0.0640464 0.98306 0.171728 0.120715 -0.163186 0.979182 55.6531 28.1002 1 0 695 0 0 0 
20170507010645 -8.66979 -6.63684 -4.27334 0 0 0 0.990537 0.0910367 -0.102705 -0.0740154 0.984527 0.158834 0.115576 -0.149729 0.981949 -8.66979 -6.63684 -4.27334 0 0 0 0.990537 0.0910367 -0.102705 -0.0740154 0.984527 0.158834 0.115576 -0.149729 0.981949 55.6531 28.1002 1 0 695 0 0 0 
20170507010645 -8.66979 -6.63684 -4.27334 -0.0857828 -0.0849489 0.992686 0.993266 0.0180846 0.114432 -0.0341546 0.989552 0.140074 -0.110703 -0.143039 0.983506 -8.27498 6.35585 -1.96941 -0.0857828 -0.0849489 0.992686 0.993266 0.0180846 0.114432 -0.0341546 0.989552 0.140074 -0.110703 -0.143039 0.983506 55.6531 28.1002 1 0 695 0 1 1 
20170507010646 -9.57117 -9.88401 -4.13309 0 0 0 0.982595 0.0995374 -0.156841 -0.0710038 0.981458 0.17804 0.171654 -0.163805 0.971444 -9.57117 -9.88401 -4.13309 0 0 0 0.982595 0.0995374 -0.156841 -0.0710038 0.981458 0.17804 0.171654 -0.163805 0.971444 55.6531 28.1002 1 0 695 0 0 0 
20170507010646 -7.98331 -6.82606 -4.08686 0 0 0 0.990387 0.0870432 -0.107506 -0.0707635 0.986614 0.14692 0.118856 -0.1379 0.983289 -7.98331 -6.82606 -4.08686 0 0 0 0.990387 0.0870432 -0.107506 -0.0707635 0.986614 0.14692 0.118856 -0.1379 0.983289 55.6531 28.1002 1 0 695 0 0 0 
20170507010647 -9.12014 -11.203 -4.86336 0 0 0 0.977413 0.114392 -0.177701 -0.0831643 0.981193 0.174198 0.194286 -0.155485 0.968544 -9.12014 -11.203 -4.86336 0 0 0 0.977413 0.114392 -0.177701 -0.0831643 0.981193 0.174198 0.194286 -0.155485 0.968544 55.6531 28.1002 1 0 694 0 0 0 
20170507010647 -7.63917 -11.3266 -5.17068 0 0 0 0.976533 0.115325 -0.181886 -0.0883676 0.984739 0.149936 0.196402 -0.130345 0.971821 -7.63917 -11.3266 -5.17068 0 0 0 0.976533 0.115325 -0.181886 -0.0883676 0.984739 0.149936 0.196402 -0.130345 0.971821 55.6531 28.1002 1 0 692 0 0 0 
20170507010648 -7.48376 -7.21484 -3.91229 0 0 0 0.98977 0.0839674 -0.115344 -0.067689 0.988055 0.138438 0.12559 -0.129214 0.983631 -7.48376 -7.21484 -3.91229 0 0 0 0.98977 0.0839674 -0.115344 -0.067689 0.988055 0.138438 0.12559 -0.129214 0.983631 55.6531 28.1002 1 0 691 0 0 0 
20170507010648 -10.483 -7.4038 -2.81453 0 0 0 0.990466 0.0717006 -0.117624 -0.0486936 0.980972 0.187945 0.128861 -0.180426 0.975111 -10.483 -7.4038 -2.81453 0 0 0 0.990466 0.0717006 -0.117624 -0.0486936 0.980972 0.187945 0.128861 -0.180426 0.975111 55.6531 28.1002 1 0 691 0 0 0 
20170507010649 -6.9743 -5.77953 -3.9183 0 0 0 0.992591 0.0800273 -0.0914248 -0.0679866 0.989445 0.127971 0.100701 -0.120807 0.987555 -6.9743 -5.77953 -3.9183 0 0 0 0.992591 0.0800273 -0.0914248 -0.0679866 0.989445 0.127971 0.100701 -0.120807 0.987555 55.6531 28.1002 1 0 691 0 0 0 
20170507010649 -7.82403 -7.24539 -5.05127 0 0 0 0.988162 0.10433 -0.112474 -0.0873441 0.985332 0.146603 0.126119 -0.135044 0.98278 -7.82403 -7.24539 -5.05127 0 0 0 0.988162 0.10433 -0.112474 -0.0873441 0.985332 0.146603 0.126119 -0.135044 0.98278 55.6531 28.1002 1 0 691 0 0 0 
20170507010650 -9.35775 -5.01567 -3.76437 0 0 0 0.994022 0.0789647 -0.0754034 -0.065402 0.98363 0.167911 0.0874282 -0.161976 0.982914 -9.35775 -5.01567 -3.76437 0 0 0 0.994022 0.0789647 -0.0754034 -0.065402 0.98363 0.167911 0.0874282 -0.161976 0.982914 55.6531 28.1002 1 0 691 0 0 0 
20170507010650 -9.9212 -9.19593 -3.69293 0 0 0 0.985098 0.0909231 -0.145997 -0.0635813 0.981227 0.182075 0.159811 -0.170079 0.972385 -9.9212 -9.19593 -3.69293 0 0 0 0.985098 0.0909231 -0.145997 -0.0635813 0.981227 0.182075 0.159811 -0.170079 0.972385 55.6531 28.1002 1 0 691 0 0 0 
20170507010651 -9.9212 -9.19593 -3.69293 0.100926 -0.0993488 0.989921 0.99856 0.0208026 0.0494486 -0.0297391 0.981813 0.187508 -0.0446486 -0.188708 0.981018 -10.8884 2.55903 -1.70588 0.100926 -0.0993488 0.989921 0.99856 0.0208026 0.0494486 -0.0297391 0.981813 0.187508 -0.0446486 -0.188708 0.981018 55.6531 28.1002 1 0 691 0 1 1 
20170507010651 -9.9212 -9.19593 -3.69293 0.0810457 -0.128971 0.988331 0.996067 -0.0282985 0.0839667 0.00902467 0.975102 0.221573 -0.0881463 -0.219944 0.971522 -12.7562 5.05697 0.519103 0.0810457 -0.128971 0.988331 0.996067 -0.0282985 0.0839667 0.00902467 0.975102 0.221573 -0.0881463 -0.219944 0.971522 55.6531 28.1002 1 0 691 0 1 2 
