20170507014231 -0.166622 -0.997298 -0.0926289 0 0 0 0.999847 0.00166729 -0.0174005 -0.00161643 0.999994 0.00293623 0.0174053 -0.00290766 0.999844 -0.166622 -0.997298 -0.0926289 0.89436 -0.422155 -0.148002 0.999847 0.00166729 -0.0174005 -0.00161643 0.999994 0.00293623 0.0174053 -0.00290766 0.999844 8.91228 0.727067 0 1 1988 0 0 0 
20170507014231 -0.511475 -1.33794 0.00956031 0 0 0 0.999727 4.15828e-05 -0.0233499 0.000166813 0.99996 0.00892291 0.0233493 -0.00892437 0.999688 -0.511475 -1.33794 0.00956031 0.502293 -0.185982 -0.84446 0.999727 4.15828e-05 -0.0233499 0.000166813 0.99996 0.00892291 0.0233493 -0.00892437 0.999688 11.1212 1.2096 0 1 1987 0 0 0 
20170507014231 -0.168836 -1.35557 -0.257445 0 0 0 0.99971 0.00456294 -0.0236434 -0.00449199 0.999985 0.003053 0.023657 -0.00294591 0.999716 -0.168836 -1.35557 -0.257445 0.74198 -0.653294 -0.150575 0.99971 0.00456294 -0.0236434 -0.00449199 0.999985 0.003053 0.023657 -0.00294591 0.999716 12.5825 1.56337 0 1 1979 0 0 0 
20170507014231 -0.131166 -1.59054 -0.196986 0 0 0 0.999609 0.00350157 -0.0277485 -0.00343671 0.999991 0.00238469 0.0277567 -0.00228839 0.999612 -0.131166 -1.59054 -0.196986 0.471162 -0.762311 -0.443721 0.999609 0.00350157 -0.0277485 -0.00343671 0.999991 0.00238469 0.0277567 -0.00228839 0.999612 14.0698 1.84633 0 1 1969 0 0 0 
20170507014232 -0.443944 -1.74926 -0.129557 0 0 0 0.999531 0.00249764 -0.0305071 -0.00226013 0.999967 0.0078172 0.0305256 -0.00774459 0.999504 -0.443944 -1.74926 -0.129557 0.435852 -0.626229 -0.646428 0.999531 0.00249764 -0.0305071 -0.00226013 0.999967 0.0078172 0.0305256 -0.00774459 0.999504 15.1777 2.16959 0 1 1964 0 0 0 
20170507014232 0.274827 -1.65854 0.376426 0 0 0 0.999559 -0.00670858 -0.0289105 0.00656708 0.999966 -0.00498665 0.0289429 0.0047946 0.99957 0.274827 -1.65854 0.376426 0.195082 -0.911888 -0.361113 0.999559 -0.00670858 -0.0289105 0.00656708 0.999966 -0.00498665 0.0289429 0.0047946 0.99957 15.2101 2.6226 0 1 1954 0 0 0 
20170507014232 -0.104205 -1.60659 0.0870704 0 0 0 0.999606 -0.00146867 -0.0280393 0.00151907 0.999997 0.00177612 0.0280367 -0.00181801 0.999605 -0.104205 -1.60659 0.0870704 0.271227 -0.83871 -0.47223 0.999606 -0.00146867 -0.0280393 0.00151907 0.999997 0.00177612 0.0280367 -0.00181801 0.999605 15.3417 2.70265 0 1 1952 0 0 0 
20170507014232 -0.346205 -1.66494 -0.0184429 0 0 0 0.999578 0.000497443 -0.0290522 -0.000321753 0.999982 0.00605173 0.0290547 -0.00603983 0.99956 -0.346205 -1.66494 -0.0184429 0.280036 -0.747755 -0.602031 0.999578 0.000497443 -0.0290522 -0.000321753 0.999982 0.00605173 0.0290547 -0.00603983 0.99956 15.724 2.78987 0 1 1952 0 0 0 
20170507014232 -0.352676 -1.69427 -0.0362623 0 0 0 0.999563 0.000814874 -0.0295619 -0.000632619 0.999981 0.00617403 0.0295663 -0.00615263 0.999544 -0.352676 -1.69427 -0.0362623 0.239866 -0.773359 -0.586839 0.999563 0.000814874 -0.0295619 -0.000632619 0.999981 0.00617403 0.0295663 -0.00615263 0.999544 15.9294 2.79167 0 1 1952 0 0 0 
20170507014233 -0.384313 -1.68453 -0.0658462 0 0 0 0.999567 0.00134638 -0.029388 -0.00114874 0.999977 0.00674125 0.0293964 -0.00670457 0.999545 -0.384313 -1.68453 -0.0658462 0.243939 -0.772469 -0.586332 0.999567 0.00134638 -0.029388 -0.00114874 0.999977 0.00674125 0.0293964 -0.00670457 0.999545 15.9941 2.80533 0 1 1952 0 0 0 
20170507014233 -0.358179 -1.7081 -0.105528 0 0 0 0.999554 0.00202812 -0.0297954 -0.001841 0.999978 0.00630624 0.0298076 -0.00624858 0.999536 -0.358179 -1.7081 -0.105528 0.179391 -0.771398 -0.610544 0.999554 0.00202812 -0.0297954 -0.001841 0.999978 0.00630624 0.0298076 -0.00624858 0.999536 15.6708 2.75995 0 1 1952 0 0 0 
20170507014233 -0.291621 -1.74929 0.00106941 0 0 0 0.999534 0.000136705 -0.0305259 1.86561e-05 0.999987 0.00508916 0.0305262 -0.00508736 0.999521 -0.291621 -1.74929 0.00106941 0.0585829 -0.776848 -0.626957 0.999534 0.000136705 -0.0305259 1.86561e-05 0.999987 0.00508916 0.0305262 -0.00508736 0.999521 15.0415 2.91173 0 1 1952 0 0 0 
20170507014233 -0.193962 -1.74463 -0.0195651 0 0 0 0.999536 0.000444537 -0.0304435 -0.000341317 0.999994 0.00339567 0.0304449 -0.0033837 0.999531 -0.193962 -1.74463 -0.0195651 0.0362326 -0.771604 -0.63507 0.999536 0.000444537 -0.0304435 -0.000341317 0.999994 0.00339567 0.0304449 -0.0033837 0.999531 14.7655 3.1475 0 1 1952 0 0 0 
20170507014233 -0.242198 -1.8907 0.0216584 0 0 0 0.999456 -0.000238541 -0.0329943 0.000377805 0.999991 0.00421467 0.032993 -0.00422484 0.999447 -0.242198 -1.8907 0.0216584 -0.0458871 -0.785481 -0.617182 0.999456 -0.000238541 -0.0329943 0.000377805 0.999991 0.00421467 0.032993 -0.00422484 0.999447 15.4294 3.17664 0 1 1952 0 0 0 
20170507014234 -0.253287 -1.94204 -0.0282155 0 0 0 0.999426 0.000642259 -0.0338859 -0.000492171 0.99999 0.00443737 0.0338884 -0.00441815 0.999416 -0.253287 -1.94204 -0.0282155 -0.0562548 -0.784043 -0.618153 0.999426 0.000642259 -0.0338859 -0.000492171 0.99999 0.00443737 0.0338884 -0.00441815 0.999416 15.9233 3.3388 0 1 1952 0 0 0 
20170507014234 -0.262316 -2.00245 -0.0780245 0 0 0 0.999388 0.00152174 -0.0349357 -0.00136095 0.999988 0.00462585 0.0349423 -0.00457547 0.999379 -0.262316 -2.00245 -0.0780245 -0.0903384 -0.793207 -0.602215 0.999388 0.00152174 -0.0349357 -0.00136095 0.999988 0.00462585 0.0349423 -0.00457547 0.999379 16.3757 3.36999 0 1 1952 0 0 0 
20170507014234 -0.267681 -1.95082 -0.0500865 0 0 0 0.99942 0.0010332 -0.0340371 -0.000873668 0.999989 0.00470165 0.0340416 -0.00466919 0.99941 -0.267681 -1.95082 -0.0500865 -0.093505 -0.763945 -0.638471 0.99942 0.0010332 -0.0340371 -0.000873668 0.999989 0.00470165 0.0340416 -0.00466919 0.99941 16.214 3.3996 0 1 1951 0 0 0 
20170507014234 -0.355407 -1.95343 0.00207107 0 0 0 0.999419 0.000175296 -0.0340868 3.6126e-05 0.999981 0.00620175 0.0340872 -0.00619938 0.9994 -0.355407 -1.95343 0.00207107 -0.11245 -0.733258 -0.670587 0.999419 0.000175296 -0.0340868 3.6126e-05 0.999981 0.00620175 0.0340872 -0.00619938 0.9994 16.2541 3.53492 0 1 1951 0 0 0 
20170507014234 0.688358 -1.80952 -0.0488081 0 0 0 0.999501 0.000472442 -0.0315848 -0.000851437 0.999928 -0.0119869 0.0315769 0.0120078 0.999429 0.688358 -1.80952 -0.0488081 -0.060824 -0.888466 -0.454894 0.999501 0.000472442 -0.0315848 -0.000851437 0.999928 -0.0119869 0.0315769 0.0120078 0.999429 15.7339 3.62486 0 1 1951 0 0 0 
20170507014234 0.636223 -1.77014 0.0138677 0 0 0 0.999523 -0.000585023 -0.0308853 0.000241922 0.999938 -0.0111114 0.0308899 0.0110987 0.999461 0.636223 -1.77014 0.0138677 -0.0990778 -0.874061 -0.475606 0.999523 -0.000585023 -0.0308853 0.000241922 0.999938 -0.0111114 0.0308899 0.0110987 0.999461 14.8074 3.60786 0 1 1951 0 0 0 
20170507014235 0.511928 -1.80072 0.15801 0 0 0 0.999502 -0.00303843 -0.0313974 0.00275642 0.999956 -0.00902133 0.0314234 0.0089303 0.999466 0.511928 -1.80072 0.15801 -0.15502 -0.866585 -0.474341 0.999502 -0.00303843 -0.0313974 0.00275642 0.999956 -0.00902133 0.0314234 0.0089303 0.999466 14.4521 3.41619 0 1 1951 0 0 0 
20170507014235 -0.0448678 -1.48406 -0.292184 0 0 0 0.999652 0.00511984 -0.0258944 -0.00509785 0.999987 0.000915153 0.0258988 -0.000782828 0.999664 -0.0448678 -1.48406 -0.292184 0.0912894 -0.816398 -0.570228 0.999652 0.00511984 -0.0258944 -0.00509785 0.999987 0.000915153 0.0258988 -0.000782828 0.999664 14.3924 3.23645 0 1 1951 0 0 0 
20170507014235 0.570849 -1.9795 -0.00171154 0 0 0 0.999403 -0.000314272 -0.0345406 -2.98541e-05 0.99995 -0.00996199 0.034542 0.00995708 0.999354 0.570849 -1.9795 -0.00171154 -0.0998869 -0.876684 -0.470582 0.999403 -0.000314272 -0.0345406 -2.98541e-05 0.99995 -0.00996199 0.034542 0.00995708 0.999354 15.0718 3.13576 0 1 1951 0 0 0 
20170507014235 -0.119643 -1.96526 -0.320836 0 0 0 0.999396 0.00567122 -0.0342813 -0.00559633 0.999982 0.00228017 0.0342936 -0.00208694 0.99941 -0.119643 -1.96526 -0.320836 0.137545 -0.753899 -0.642431 0.999396 0.00567122 -0.0342813 -0.00559633 0.999982 0.00228017 0.0342936 -0.00208694 0.99941 16.3095 3.17488 0 1 1951 0 0 0 
20170507014235 -0.728164 -2.76772 0.243771 0 0 0 0.998824 -0.00364059 -0.0483367 0.00424962 0.999913 0.012503 0.048287 -0.0126937 0.998753 -0.728164 -2.76772 0.243771 0.373212 0.359036 0.855457 0.998824 -0.00364059 -0.0483367 0.00424962 0.999913 0.012503 0.048287 -0.0126937 0.998753 16.8358 3.46373 0 1 1950 0 0 0 
20170507014235 -0.525369 -2.77954 0.106705 0 0 0 0.998822 -0.00141763 -0.0485081 0.00186016 0.999957 0.00907896 0.0484932 -0.0091585 0.998782 -0.525369 -2.77954 0.106705 0.41262 0.286199 0.864775 0.998822 -0.00141763 -0.0485081 0.00186016 0.999957 0.00907896 0.0484932 -0.0091585 0.998782 16.4366 3.81689 0 1 1950 0 0 0 
20170507014236 -0.489983 -2.66107 -0.0159331 0 0 0 0.998922 0.000675112 -0.0464236 -0.000277786 0.999963 0.00856462 0.0464277 -0.00854249 0.998885 -0.489983 -2.66107 -0.0159331 0.420985 0.269134 0.866221 0.998922 0.000675112 -0.0464236 -0.000277786 0.999963 0.00856462 0.0464277 -0.00854249 0.998885 15.7808 3.51343 0 1 1950 0 0 0 
20170507014236 -0.361192 -2.56876 -0.000481837 0 0 0 0.998995 0.000290942 -0.0448173 -8.40118e-06 0.99998 0.00630433 0.0448183 -0.00629762 0.998975 -0.361192 -2.56876 -0.000481837 0.423732 0.25597 0.868868 0.998995 0.000290942 -0.0448173 -8.40118e-06 0.99998 0.00630433 0.0448183 -0.00629762 0.998975 15.221 3.41096 0 1 1950 0 0 0 
20170507014236 -0.368816 -2.52018 0.026349 0 0 0 0.999033 -0.000176824 -0.0439734 0.000459433 0.999979 0.00641679 0.0439713 -0.00643079 0.999012 -0.368816 -2.52018 0.026349 0.42669 0.261124 0.865881 0.999033 -0.000176824 -0.0439734 0.000459433 0.999979 0.00641679 0.0439713 -0.00643079 0.999012 14.968 3.34143 0 1 1950 0 0 0 
20170507014236 -0.411766 -2.35676 0.0687177 0 0 0 0.999153 -0.000903795 -0.0411291 0.00119834 0.999974 0.0071373 0.0411216 -0.00718054 0.999128 -0.411766 -2.35676 0.0687177 0.426238 0.265773 0.864688 0.999153 -0.000903795 -0.0411291 0.00119834 0.999974 0.0071373 0.0411216 -0.00718054 0.999128 14.2266 3.01221 0 1 1950 0 0 0 
20170507014236 -0.46081 -2.32312 0.0499235 0 0 0 0.999178 -0.000545295 -0.0405407 0.000870612 0.999968 0.00800725 0.0405351 -0.00803596 0.999146 -0.46081 -2.32312 0.0499235 0.427015 0.272416 0.862234 0.999178 -0.000545295 -0.0405407 0.000870612 0.999968 0.00800725 0.0405351 -0.00803596 0.999146 14.1893 2.83864 0 1 1950 0 0 0 
20170507014236 -0.606155 -2.26481 0.0923975 0 0 0 0.999218 -0.00119448 -0.0395329 0.00161138 0.999943 0.0105155 0.0395181 -0.0105709 0.999163 -0.606155 -2.26481 0.0923975 0.423618 0.29966 0.854841 0.999218 -0.00119448 -0.0395329 0.00161138 0.999943 0.0105155 0.0395181 -0.0105709 0.999163 14.4174 2.30709 0 1 1950 0 0 0 
20170507014237 -0.269 -1.88025 -0.0193579 0 0 0 0.999462 0.000491899 -0.0328088 -0.000337677 0.999989 0.00470601 0.0328107 -0.0046924 0.999451 -0.269 -1.88025 -0.0193579 0.183792 -0.815708 -0.54849 0.999462 0.000491899 -0.0328088 -0.000337677 0.999989 0.00470601 0.0328107 -0.0046924 0.999451 15.0175 1.60958 0 1 1949 0 0 0 
20170507014237 -0.173456 -1.60878 -0.330521 0 0 0 0.999589 0.00585362 -0.0280568 -0.00576638 0.999978 0.00318927 0.0280748 -0.00302617 0.999601 -0.173456 -1.60878 -0.330521 0.502702 -0.845632 -0.179434 0.999589 0.00585362 -0.0280568 -0.00576638 0.999978 0.00318927 0.0280748 -0.00302617 0.999601 15.8798 1.45221 0 1 1946 0 0 0 
20170507014237 0.0339556 -1.60337 0.159188 0 0 0 0.999605 -0.00279493 -0.0279786 0.00277726 0.999996 -0.000670374 0.0279804 0.000592405 0.999608 0.0339556 -1.60337 0.159188 -0.393362 0.90316 -0.171956 0.999605 -0.00279493 -0.0279786 0.00277726 0.999996 -0.000670374 0.0279804 0.000592405 0.999608 16.9113 1.79802 0 1 1937 0 0 0 
20170507014237 -0.117511 -1.5769 0.279984 0 0 0 0.999609 -0.00483018 -0.0275283 0.00488478 0.999986 0.00191645 0.0275187 -0.00205018 0.999619 -0.117511 -1.5769 0.279984 -0.497785 0.816772 -0.291707 0.999609 -0.00483018 -0.0275283 0.00488478 0.999986 0.00191645 0.0275187 -0.00205018 0.999619 18.297 2.29049 0 1 1937 0 0 0 
20170507014237 -0.0986153 -1.81265 -0.130032 0 0 0 0.999497 0.00232393 -0.0316274 -0.00226836 0.999996 0.00179294 0.0316315 -0.0017203 0.999498 -0.0986153 -1.81265 -0.130032 -0.564333 0.745419 -0.354794 0.999497 0.00232393 -0.0316274 -0.00226836 0.999996 0.00179294 0.0316315 -0.0017203 0.999498 19.5072 2.51068 0 1 1934 0 0 0 
20170507014237 -0.620929 -0.767012 -0.157813 0.937298 -0.262529 0.229241 0.999907 0.00289926 -0.0133558 -0.0027541 0.999937 0.0108739 0.0133865 -0.0108361 0.999852 -0.620929 -0.767012 -0.157813 0.937298 -0.262529 0.229241 0.999907 0.00289926 -0.0133558 -0.0027541 0.999937 0.0108739 0.0133865 -0.0108361 0.999852 21.0921 2.914 1 1 1929 0 0 0 
20170507014238 -0.0239798 -1.78578 -0.197482 -0.630958 0.620241 -0.46604 0.999508 0.00345975 -0.0311611 -0.00344504 0.999994 0.000525932 0.0311627 -0.000418323 0.999514 -0.0239798 -1.78578 -0.197482 -0.630958 0.620241 -0.46604 0.999508 0.00345975 -0.0311611 -0.00344504 0.999994 0.000525932 0.0311627 -0.000418323 0.999514 22.2124 3.24668 1 1 1920 0 0 0 
20170507014238 -0.419459 -2.12441 -0.166101 -0.618546 0.524537 -0.585032 0.999308 0.00317032 -0.0370472 -0.00289702 0.999968 0.00742831 0.0370695 -0.00731585 0.999286 -0.419459 -2.12441 -0.166101 -0.618546 0.524537 -0.585032 0.999308 0.00317032 -0.0370472 -0.00289702 0.999968 0.00742831 0.0370695 -0.00731585 0.999286 23.3934 3.83762 1 1 1919 0 0 0 
20170507014238 -0.124406 -1.54702 -0.370615 -0.704434 0.480756 -0.522156 0.999615 0.00652702 -0.0269826 -0.00646606 0.999976 0.00234587 0.0269973 -0.00217049 0.999633 -0.124406 -1.54702 -0.370615 -0.704434 0.480756 -0.522156 0.999615 0.00652702 -0.0269826 -0.00646606 0.999976 0.00234587 0.0269973 -0.00217049 0.999633 25.1547 5.20318 1 1 1910 0 0 0 
20170507014238 -0.497931 -2.17046 -0.250051 0.491586 -0.353734 0.795748 0.999273 0.00469316 -0.0378328 -0.00436106 0.999951 0.00885563 0.0378726 -0.0086842 0.999245 -0.497931 -2.17046 -0.250051 0.491586 -0.353734 0.795748 0.999273 0.00469316 -0.0378328 -0.00436106 0.999951 0.00885563 0.0378726 -0.0086842 0.999245 27.2616 7.04715 1 1 1886 0 0 0 
20170507014238 0.462493 -1.15228 -0.112519 -0.56326 0.45197 -0.691709 0.999796 0.00180143 -0.020125 -0.00196343 0.999966 -0.00803244 0.0201098 0.00807031 0.999765 0.462493 -1.15228 -0.112519 -0.56326 0.45197 -0.691709 0.999796 0.00180143 -0.020125 -0.00196343 0.999966 -0.00803244 0.0201098 0.00807031 0.999765 30.2935 9.07632 1 1 1871 0 0 0 
20170507014238 0.153533 -1.98181 -0.352011 -0.460135 0.386068 -0.799517 0.999383 0.00605103 -0.034598 -0.00614004 0.999978 -0.00246715 0.0345823 0.00267806 0.999398 0.153533 -1.98181 -0.352011 -0.460135 0.386068 -0.799517 0.999383 0.00605103 -0.034598 -0.00614004 0.999978 -0.00246715 0.0345823 0.00267806 0.999398 33.2789 10.8036 1 1 1774 0 0 0 
20170507014239 -0.151062 -1.80988 -0.0775317 0.448085 -0.303749 0.840807 0.9995 0.00143645 -0.0315795 -0.00135251 0.999995 0.00267926 0.0315832 -0.00263521 0.999498 -0.151062 -1.80988 -0.0775317 0.448085 -0.303749 0.840807 0.9995 0.00143645 -0.0315795 -0.00135251 0.999995 0.00267926 0.0315832 -0.00263521 0.999498 35.9115 12.5895 1 1 1741 0 0 0 
20170507014239 0.480127 -1.09204 -0.280595 -0.450236 0.313689 -0.835994 0.999806 0.00473741 -0.0190986 -0.0048964 0.999954 -0.00828627 0.0190585 0.00837818 0.999783 0.480127 -1.09204 -0.280595 -0.450236 0.313689 -0.835994 0.999806 0.00473741 -0.0190986 -0.0048964 0.999954 -0.00828627 0.0190585 0.00837818 0.999783 36.2193 13.2627 1 1 1711 0 0 0 
20170507014239 -0.504734 -2.01666 0.0309073 0.307 -0.164875 0.937319 0.99938 -0.000229418 -0.0351935 0.0005391 0.999961 0.00879016 0.0351901 -0.00880369 0.999342 -0.504734 -2.01666 0.0309073 0.307 -0.164875 0.937319 0.99938 -0.000229418 -0.0351935 0.0005391 0.999961 0.00879016 0.0351901 -0.00880369 0.999342 35.859 13.9572 1 1 1707 0 0 0 
20170507014239 -0.0608889 0.175032 0.0571346 -0.5241 0.175991 -0.833274 0.999995 -0.00100043 0.00305381 0.000997183 0.999999 0.00106576 -0.00305487 -0.00106271 0.999995 -0.0608889 0.175032 0.0571346 -0.5241 0.175991 -0.833274 0.999995 -0.00100043 0.00305381 0.000997183 0.999999 0.00106576 -0.00305487 -0.00106271 0.999995 35.5637 14.4028 1 1 1700 0 0 0 
20170507014239 0.0836777 -1.24407 -0.0488016 -0.305342 0.163554 -0.938092 0.999764 0.000820039 -0.0217126 -0.000851548 0.999999 -0.00144196 0.0217114 0.00146011 0.999763 0.0836777 -1.24407 -0.0488016 -0.305342 0.163554 -0.938092 0.999764 0.000820039 -0.0217126 -0.000851548 0.999999 -0.00144196 0.0217114 0.00146011 0.999763 35.6667 14.7039 1 1 1690 0 0 0 
20170507014239 -0.0755055 -2.11286 -0.355424 0.185891 -0.111793 0.97619 0.999301 0.00625187 -0.0368591 -0.00619907 0.99998 0.0015465 0.036868 -0.00131692 0.999319 -0.0755055 -2.11286 -0.355424 0.185891 -0.111793 0.97619 0.999301 0.00625187 -0.0368591 -0.00619907 0.99998 0.0015465 0.036868 -0.00131692 0.999319 35.8411 15.0565 1 1 1674 0 0 0 
20170507014240 0.35089 -0.0012159 0.270343 -0.306069 0.160402 -0.938399 0.999989 -0.0047184 7.67515e-06 0.00471836 0.99997 -0.00612418 2.12214e-05 0.00612415 0.999981 0.35089 -0.0012159 0.270343 -0.306069 0.160402 -0.938399 0.999989 -0.0047184 7.67515e-06 0.00471836 0.99997 -0.00612418 2.12214e-05 0.00612415 0.999981 37.4259 15.4684 1 1 1664 0 0 0 
20170507014240 0.704411 -1.90406 -0.0912125 -0.0752628 0.149735 -0.985858 0.999447 0.00118336 -0.0332431 -0.00159108 0.999924 -0.0122411 0.0332261 0.0122872 0.999372 0.704411 -1.90406 -0.0912125 -0.0752628 0.149735 -0.985858 0.999447 0.00118336 -0.0332431 -0.00159108 0.999924 -0.0122411 0.0332261 0.0122872 0.999372 40.1027 16.1092 1 1 1619 0 0 0 
20170507014240 -0.176932 -1.58242 -0.0548681 -0.0327273 0.0579701 -0.997782 0.999618 0.0010429 -0.0276118 -0.000957264 0.999995 0.00311449 0.0276149 -0.00308687 0.999614 -0.176932 -1.58242 -0.0548681 -0.0327273 0.0579701 -0.997782 0.999618 0.0010429 -0.0276118 -0.000957264 0.999995 0.00311449 0.0276149 -0.00308687 0.999614 41.4868 17.0368 1 1 1609 0 0 0 
20170507014240 -1.58139 -0.278941 -0.303467 -0.0374123 -0.0858929 -0.995602 0.999974 0.00542881 -0.00472033 -0.00529641 0.999604 0.0276224 0.00486842 -0.0275967 0.999607 -1.58139 -0.278941 -0.303467 -0.0374123 -0.0858929 -0.995602 0.999974 0.00542881 -0.00472033 -0.00529641 0.999604 0.0276224 0.00486842 -0.0275967 0.999607 42.1995 17.0354 1 1 1594 0 0 0 
20170507014240 -1.82246 0.591425 -0.415924 -0.0225224 -0.121797 -0.992299 0.99992 0.00692724 0.0105475 -0.00725879 0.99947 0.0317269 -0.0103221 -0.0318009 0.999441 -1.82246 0.591425 -0.415924 -0.0225224 -0.121797 -0.992299 0.99992 0.00692724 0.0105475 -0.00725879 0.99947 0.0317269 -0.0103221 -0.0318009 0.999441 42.5618 17.0818 1 1 1594 0 0 0 
20170507014241 -0.910727 -1.04205 -0.401569 0.169743 -0.0848983 -0.981825 0.99981 0.00729681 -0.0180721 -0.00700748 0.999847 0.0160216 0.0181862 -0.0158919 0.999708 -0.910727 -1.04205 -0.401569 0.169743 -0.0848983 -0.981825 0.99981 0.00729681 -0.0180721 -0.00700748 0.999847 0.0160216 0.0181862 -0.0158919 0.999708 41.862 17.1508 1 1 1587 0 0 0 
20170507014241 -0.801055 -0.921971 -0.288931 0.23223 -0.0710561 -0.970062 0.999858 0.00526724 -0.0160185 -0.00504213 0.999888 0.0140615 0.0160907 -0.0139788 0.999773 -0.801055 -0.921971 -0.288931 0.23223 -0.0710561 -0.970062 0.999858 0.00526724 -0.0160185 -0.00504213 0.999888 0.0140615 0.0160907 -0.0139788 0.999773 42.1683 18.0923 1 1 1587 0 0 0 
20170507014241 -1.62194 -1.1324 -0.238971 0.317904 -0.121772 -0.94027 0.999796 0.00472851 -0.0196366 -0.00417 0.999588 0.0283866 0.0197628 -0.0282989 0.999404 -1.62194 -1.1324 -0.238971 0.317904 -0.121772 -0.94027 0.999796 0.00472851 -0.0196366 -0.00417 0.999588 0.0283866 0.0197628 -0.0282989 0.999404 45.0906 20.0492 1 1 1586 0 0 0 
20170507014241 -1.30127 -1.02789 -0.695335 0.273084 -0.0791274 -0.95873 0.999765 0.0125398 -0.0176576 -0.0121336 0.999664 0.0229255 0.0179391 -0.0227059 0.999581 -1.30127 -1.02789 -0.695335 0.273084 -0.0791274 -0.95873 0.999765 0.0125398 -0.0176576 -0.0121336 0.999664 0.0229255 0.0179391 -0.0227059 0.999581 49.1911 21.8255 1 1 1582 0 0 0 
20170507014241 -0.295806 -1.74039 -0.464682 0.389372 0.0267792 -0.920691 0.999506 0.00826683 -0.0303276 -0.0081064 0.999953 0.00540891 0.0303709 -0.00516039 0.999525 -0.295806 -1.74039 -0.464682 0.389372 0.0267792 -0.920691 0.999506 0.00826683 -0.0303276 -0.0081064 0.999953 0.00540891 0.0303709 -0.00516039 0.999525 51.5184 23.001 1 1 1565 0 0 0 
20170507014242 -1.3165 1.50235 -0.48105 0.135073 -0.0557097 -0.989268 0.999621 0.00779126 0.0264029 -0.00839293 0.999706 0.0227544 -0.0262179 -0.0229674 0.999392 -1.3165 1.50235 -0.48105 0.135073 -0.0557097 -0.989268 0.999621 0.00779126 0.0264029 -0.00839293 0.999706 0.0227544 -0.0262179 -0.0229674 0.999392 53.1244 23.4224 1 1 1557 0 0 0 
20170507014242 -0.241956 -1.64896 -0.397682 0.284321 0.0174928 -0.95857 0.999562 0.00706226 -0.0287455 -0.00693793 0.999966 0.00442254 0.0287758 -0.00422117 0.999577 -0.241956 -1.64896 -0.397682 0.284321 0.0174928 -0.95857 0.999562 0.00706226 -0.0287455 -0.00693793 0.999966 0.00442254 0.0287758 -0.00422117 0.999577 54.3039 22.3102 1 1 1548 0 0 0 
20170507014242 -1.95921 -1.42039 -0.194849 0.20389 -0.101641 -0.973703 0.999687 0.0042462 -0.024657 -0.00339971 0.999407 0.034272 0.0247879 -0.0341774 0.999108 -1.95921 -1.42039 -0.194849 0.20389 -0.101641 -0.973703 0.999687 0.0042462 -0.024657 -0.00339971 0.999407 0.034272 0.0247879 -0.0341774 0.999108 53.8319 21.2385 1 1 1539 0 0 0 
20170507014242 -0.19011 -0.84101 -0.189721 0.102175 0.0376663 -0.994053 0.999887 0.00335994 -0.0146667 -0.0033109 0.999989 0.00336662 0.0146779 -0.00331768 0.999887 -0.19011 -0.84101 -0.189721 0.102175 0.0376663 -0.994053 0.999887 0.00335994 -0.0146667 -0.0033109 0.999989 0.00336662 0.0146779 -0.00331768 0.999887 52.623 19.7317 1 1 1529 0 0 0 
20170507014242 -0.974376 -2.54077 -0.490859 0.0568198 -0.0200231 -0.998184 0.99898 0.00931958 -0.0441765 -0.00855858 0.999812 0.0173843 0.0443302 -0.0169885 0.998872 -0.974376 -2.54077 -0.490859 0.0568198 -0.0200231 -0.998184 0.99898 0.00931958 -0.0441765 -0.00855858 0.999812 0.0173843 0.0443302 -0.0169885 0.998872 51.5784 17.8616 1 1 1520 0 0 0 
20170507014243 -0.127409 0.140427 0.298848 -0.220152 0.0712059 -0.972863 0.999983 -0.00522129 0.00243927 0.00521584 0.999984 0.00223646 -0.0024509 -0.0022237 0.999995 -0.127409 0.140427 0.298848 -0.220152 0.0712059 -0.972863 0.999983 -0.00522129 0.00243927 0.00521584 0.999984 0.00223646 -0.0024509 -0.0022237 0.999995 53.351 19.8828 1 1 1514 0 0 0 
20170507014243 -0.0407558 -2.32514 -0.44312 0.257517 -0.105582 0.960488 0.999147 0.00776268 -0.0405636 -0.00772746 0.99997 0.00102507 0.0405703 -0.000710737 0.999176 -0.0407558 -2.32514 -0.44312 0.257517 -0.105582 0.960488 0.999147 0.00776268 -0.0405636 -0.00772746 0.99997 0.00102507 0.0405703 -0.000710737 0.999176 57.1334 23.7041 1 1 1506 0 0 0 
20170507014243 -1.24778 -2.12493 0.350567 0.412913 -0.00492672 0.910757 0.999294 -0.00530964 -0.0372022 0.00611429 0.999749 0.0215489 0.0370785 -0.0217611 0.999075 -1.24778 -2.12493 0.350567 0.412913 -0.00492672 0.910757 0.999294 -0.00530964 -0.0372022 0.00611429 0.999749 0.0215489 0.0370785 -0.0217611 0.999075 64.5102 26.6215 1 1 1500 0 0 0 
20170507014243 -0.617449 -2.65705 -0.221841 0.522428 -0.0133251 0.852579 0.998917 0.00437119 -0.0463129 -0.00386769 0.999933 0.0109557 0.0463577 -0.0107647 0.998867 -0.617449 -2.65705 -0.221841 0.522428 -0.0133251 0.852579 0.998917 0.00437119 -0.0463129 -0.00386769 0.999933 0.0109557 0.0463577 -0.0107647 0.998867 73.0099 26.5687 1 1 1497 0 0 0 
20170507014243 -1.08819 -2.10162 -0.67862 0.626539 0.0285425 0.778867 0.999257 0.0125381 -0.0364378 -0.0118359 0.999741 0.0194243 0.0366719 -0.0189786 0.999147 -1.08819 -2.10162 -0.67862 0.626539 0.0285425 0.778867 0.999257 0.0125381 -0.0364378 -0.0118359 0.999741 0.0194243 0.0366719 -0.0189786 0.999147 83.5833 26.825 1 1 1482 0 0 0 
20170507014244 0.371301 1.39885 -0.34951 -0.807399 0.0906225 -0.583005 0.999683 0.00625814 0.0243716 -0.00609825 0.999959 -0.00662917 -0.0244121 0.00647845 0.999681 0.371301 1.39885 -0.34951 -0.807399 0.0906225 -0.583005 0.999683 0.00625814 0.0243716 -0.00609825 0.999959 -0.00662917 -0.0244121 0.00647845 0.999681 90.1836 28.2197 1 1 1477 0 0 0 
20170507014244 -0.734856 0.18729 -0.207121 -0.78876 0.04136 -0.613308 0.999988 0.00357272 0.00331489 -0.00361492 0.999911 0.0128134 -0.00326882 -0.0128252 0.999912 -0.734856 0.18729 -0.207121 -0.78876 0.04136 -0.613308 0.999988 0.00357272 0.00331489 -0.00361492 0.999911 0.0128134 -0.00326882 -0.0128252 0.999912 90.8105 32.2686 1 1 1465 0 0 0 
20170507014244 1.14429 1.58613 0.707714 -0.860197 0.159472 -0.484386 0.999541 -0.0117964 0.0279187 0.0123469 0.999731 -0.0196269 -0.0276796 0.0199626 0.999417 1.14429 1.58613 0.707714 -0.860197 0.159472 -0.484386 0.999541 -0.0117964 0.0279187 0.0123469 0.999731 -0.0196269 -0.0276796 0.0199626 0.999417 91.549 35.1974 1 1 1450 0 0 0 
20170507014244 -0.575741 1.39456 -0.547203 -0.834646 0.0166986 -0.550534 0.999658 0.00930532 0.0244308 -0.00954751 0.999906 0.00981554 -0.0243372 -0.0100454 0.999653 -0.575741 1.39456 -0.547203 -0.834646 0.0166986 -0.550534 0.999658 0.00930532 0.0244308 -0.00954751 0.999906 0.00981554 -0.0243372 -0.0100454 0.999653 88.1342 37.804 1 1 1442 0 0 0 
20170507014245 0.0288373 1.96027 0.407599 -0.881024 0.101578 -0.462038 0.999389 -0.00709668 0.0342092 0.00710973 0.999975 -0.000259951 -0.0342065 0.000503011 0.999415 0.0288373 1.96027 0.407599 -0.881024 0.101578 -0.462038 0.999389 -0.00709668 0.0342092 0.00710973 0.999975 -0.000259951 -0.0342065 0.000503011 0.999415 79.8953 41.2533 1 1 1440 0 0 0 
20170507014245 -0.0996521 2.10242 0.0300413 -0.866487 0.0898105 -0.491054 0.999327 -0.000588125 0.036685 0.000523966 0.999998 0.00175849 -0.0366859 -0.00173809 0.999325 -0.0996521 2.10242 0.0300413 -0.866487 0.0898105 -0.491054 0.999327 -0.000588125 0.036685 0.000523966 0.999998 0.00175849 -0.0366859 -0.00173809 0.999325 79.1852 40.2329 1 1 1440 0 0 0 
20170507014245 -0.193539 0.253827 0.287803 -0.795875 0.0821259 -0.599865 0.999978 -0.00503802 0.00441305 0.00502303 0.999982 0.00340009 -0.0044301 -0.00337785 0.999984 -0.193539 0.253827 0.287803 -0.795875 0.0821259 -0.599865 0.999978 -0.00503802 0.00441305 0.00502303 0.999982 0.00340009 -0.0044301 -0.00337785 0.999984 85.3614 38.0305 1 1 1433 0 0 0 
20170507014246 -2.07361 -0.00506626 0.267524 -0.733401 -0.0398963 -0.678625 0.999989 -0.0046629 -0.00025731 0.00466916 0.999334 0.0361826 8.84229e-05 -0.0361834 0.999345 -2.07361 -0.00506626 0.267524 -0.733401 -0.0398963 -0.678625 0.999989 -0.0046629 -0.00025731 0.00466916 0.999334 0.0361826 8.84229e-05 -0.0361834 0.999345 86.5182 36.5132 1 1 1431 0 0 0 
20170507014246 -1.85428 1.67233 -0.375806 -0.701973 -0.0384444 -0.711165 0.999553 0.00561129 0.0293799 -0.00655622 0.999461 0.0321656 -0.0291836 -0.0323438 0.999051 -1.85428 1.67233 -0.375806 -0.701973 -0.0384444 -0.711165 0.999553 0.00561129 0.0293799 -0.00655622 0.999461 0.0321656 -0.0291836 -0.0323438 0.999051 83.2548 31.1001 1 1 1426 0 0 0 
20170507014246 -2.90536 -2.53404 0.841639 0.424848 0.0933086 0.900443 0.998914 -0.0124292 -0.0448958 0.0146745 0.99864 0.0500323 0.0442129 -0.0506368 0.997738 -2.90536 -2.53404 0.841639 0.424848 0.0933086 0.900443 0.998914 -0.0124292 -0.0448958 0.0146745 0.99864 0.0500323 0.0442129 -0.0506368 0.997738 75.4154 29.7704 1 1 1426 0 0 0 
20170507014246 -0.126644 -1.90456 -0.174476 0.292393 -0.0430585 0.955329 0.999443 0.00311863 -0.0332278 -0.0030435 0.999993 0.00231155 0.0332348 -0.00220913 0.999445 -0.126644 -1.90456 -0.174476 0.292393 -0.0430585 0.955329 0.999443 0.00311863 -0.0332278 -0.0030435 0.999993 0.00231155 0.0332348 -0.00220913 0.999445 66.599 27.3271 1 1 1421 0 0 0 
20170507014247 -2.07061 -3.36712 0.155144 -0.0531452 -0.0847612 -0.994983 0.99827 -0.00058391 -0.0587927 0.0027031 0.999349 0.035972 0.0587335 -0.0360687 0.997622 -2.07061 -3.36712 0.155144 -0.0531452 -0.0847612 -0.994983 0.99827 -0.00058391 -0.0587927 0.0027031 0.999349 0.035972 0.0587335 -0.0360687 0.997622 62.9361 22.4778 1 1 1415 0 0 0 
20170507014247 -0.107601 -3.13986 -0.0847004 0.0662941 0.0235492 -0.997522 0.998498 0.00158116 -0.0547705 -0.00147608 0.999997 0.00195896 0.0547734 -0.00187517 0.998497 -0.107601 -3.13986 -0.0847004 0.0662941 0.0235492 -0.997522 0.998498 0.00158116 -0.0547705 -0.00147608 0.999997 0.00195896 0.0547734 -0.00187517 0.998497 63.5669 20.8278 1 1 1408 0 0 0 
20170507014247 -2.5443 0.108373 0.319577 0.0323736 -0.104474 -0.994001 0.999983 -0.00565611 0.00164197 0.00557763 0.998998 0.0444016 -0.00189146 -0.0443917 0.999012 -2.5443 0.108373 0.319577 0.0323736 -0.104474 -0.994001 0.999983 -0.00565611 0.00164197 0.00557763 0.998998 0.0444016 -0.00189146 -0.0443917 0.999012 63.685 22.789 1 1 1396 0 0 0 
20170507014248 0.0741341 -1.56995 -0.254637 0.397839 0.0435869 -0.916419 0.999615 0.00440879 -0.0274029 -0.00444257 0.999989 -0.00117211 0.0273974 0.0012934 0.999624 0.0741341 -1.56995 -0.254637 0.397839 0.0435869 -0.916419 0.999615 0.00440879 -0.0274029 -0.00444257 0.999989 -0.00117211 0.0273974 0.0012934 0.999624 69.7594 31.4526 1 1 1392 0 0 0 
20170507014248 0.952544 -4.22878 -0.550443 0.622994 0.104632 -0.775197 0.997232 0.00837977 -0.0738853 -0.00958074 0.999827 -0.0159152 0.0737391 0.016579 0.99714 0.952544 -4.22878 -0.550443 0.622994 0.104632 -0.775197 0.997232 0.00837977 -0.0738853 -0.00958074 0.999827 -0.0159152 0.0737391 0.016579 0.99714 75.2292 36.019 1 1 1388 0 0 0 
20170507014249 -0.740797 -5.24596 0.62789 0 0 0 0.995752 -0.00977557 -0.09156 0.0109126 0.999869 0.0119263 0.0914315 -0.0128748 0.995728 -0.740797 -5.24596 0.62789 0 0 0 0.995752 -0.00977557 -0.09156 0.0109126 0.999869 0.0119263 0.0914315 -0.0128748 0.995728 75.2292 36.019 1 0 1383 0 0 0 
20170507014249 0.464961 -3.01833 -0.322769 0.442341 0.192136 -0.876024 0.998597 0.00520588 -0.0526986 -0.00562554 0.999954 -0.00781827 0.0526555 0.00810376 0.99858 0.464961 -3.01833 -0.322769 0.442341 0.192136 -0.876024 0.998597 0.00520588 -0.0526986 -0.00562554 0.999954 -0.00781827 0.0526555 0.00810376 0.99858 71.6851 27.2687 1 1 1367 0 0 0 
20170507014249 -2.16407 -1.48365 -0.306498 0.14043 0.0354559 -0.989456 0.99965 0.00632325 -0.0256709 -0.00534759 0.999267 0.0378991 0.0258917 -0.0377486 0.998952 -2.16407 -1.48365 -0.306498 0.14043 0.0354559 -0.989456 0.99965 0.00632325 -0.0256709 -0.00534759 0.999267 0.0378991 0.0258917 -0.0377486 0.998952 69.3025 22.4917 1 1 1364 0 0 0 
20170507014250 2.12155 -0.892135 -0.363535 -0.107813 0.284053 -0.952728 0.999859 0.0057641 -0.015794 -0.00634407 0.999298 -0.0369202 0.0155701 0.0370151 0.999193 2.12155 -0.892135 -0.363535 -0.107813 0.284053 -0.952728 0.999859 0.0057641 -0.015794 -0.00634407 0.999298 -0.0369202 0.0155701 0.0370151 0.999193 68.4877 20.6258 1 1 1353 0 0 0 
20170507014250 -2.9844 -1.21428 0.000287082 0.28027 0.0486003 0.95869 0.999775 0.00109831 -0.0211631 5.0094e-06 0.998644 0.0520639 0.0211915 -0.0520523 0.998419 -2.9844 -1.21428 0.000287082 0.28027 0.0486003 0.95869 0.999775 0.00109831 -0.0211631 5.0094e-06 0.998644 0.0520639 0.0211915 -0.0520523 0.998419 68.4675 22.9471 1 1 1353 0 0 0 
20170507014250 -2.89206 -2.24358 0.256252 0.386242 0.0721566 0.919571 0.999223 -0.00249157 -0.0393233 0.004469 0.998725 0.0502792 0.0391479 -0.0504159 0.997961 -2.89206 -2.24358 0.256252 0.386242 0.0721566 0.919571 0.999223 -0.00249157 -0.0393233 0.004469 0.998725 0.0502792 0.0391479 -0.0504159 0.997961 72.1586 26.1102 1 1 1349 0 0 0 
20170507014250 2.25306 3.28309 0.546476 -0.723389 0.220368 -0.654329 0.998313 -0.00727894 0.0575975 0.009522 0.999203 -0.0387657 -0.0572694 0.0392487 0.997587 2.25306 3.28309 0.546476 -0.723389 0.220368 -0.654329 0.998313 -0.00727894 0.0575975 0.009522 0.999203 -0.0387657 -0.0572694 0.0392487 0.997587 79.9214 26.6293 1 1 1349 0 0 0 
20170507014251 -2.4513 3.72687 -0.38505 -0.791966 -0.0643281 -0.607166 0.997863 0.00393418 0.0652268 -0.00670613 0.999081 0.0423328 -0.0650003 -0.0426797 0.996972 -2.4513 3.72687 -0.38505 -0.791966 -0.0643281 -0.607166 0.997863 0.00393418 0.0652268 -0.00670613 0.999081 0.0423328 -0.0650003 -0.0426797 0.996972 87.15 31.4373 1 1 1349 0 0 0 
20170507014251 -1.06017 2.02778 -0.230438 -0.786585 -0.0125697 -0.617354 0.999366 0.00336653 0.035452 -0.00401938 0.999823 0.0183599 -0.035384 -0.0184908 0.999203 -1.06017 2.02778 -0.230438 -0.786585 -0.0125697 -0.617354 0.999366 0.00336653 0.035452 -0.00401938 0.999823 0.0183599 -0.035384 -0.0184908 0.999203 89.192 38.0628 1 1 1349 0 0 0 
20170507014251 -1.55687 2.38075 -0.71715 -0.826749 -0.0725975 -0.557867 0.999059 0.0113832 0.0418615 -0.0125055 0.999567 0.0266473 -0.04154 -0.0271457 0.998768 -1.55687 2.38075 -0.71715 -0.826749 -0.0725975 -0.557867 0.999059 0.0113832 0.0418615 -0.0125055 0.999567 0.0266473 -0.04154 -0.0271457 0.998768 93.5942 36.0852 1 1 1336 0 0 0 
20170507014252 -0.0446549 2.84344 -0.641199 -0.873605 0.00826973 -0.486565 0.998706 0.0111521 0.0496126 -0.011177 0.999938 0.000224183 -0.049607 -0.000778415 0.998769 -0.0446549 2.84344 -0.641199 -0.873605 0.00826973 -0.486565 0.998706 0.0111521 0.0496126 -0.011177 0.999938 0.000224183 -0.049607 -0.000778415 0.998769 88.2618 41.0016 1 1 1336 0 0 0 
20170507014252 -1.77337 -1.46 0.625985 -0.809775 -0.0781964 -0.581507 0.999616 -0.0101316 -0.0258035 0.0109217 0.99947 0.0306661 0.0254791 -0.0309361 0.999197 -1.77337 -1.46 0.625985 -0.809775 -0.0781964 -0.581507 0.999616 -0.0101316 -0.0258035 0.0109217 0.99947 0.0306661 0.0254791 -0.0309361 0.999197 90.109 41.1085 1 1 1335 0 0 0 
20170507014252 -1.03659 -0.0753259 1.00761 -0.927009 0.0308059 -0.373772 0.999845 -0.0175586 -0.0016324 0.0175853 0.999682 0.018065 0.00131468 -0.0180909 0.999835 -1.03659 -0.0753259 1.00761 -0.927009 0.0308059 -0.373772 0.999845 -0.0175586 -0.0016324 0.0175853 0.999682 0.018065 0.00131468 -0.0180909 0.999835 83.2565 43.2079 1 1 1335 0 0 0 
20170507014253 -1.19303 0.107698 0.305611 -0.804394 -0.00785598 -0.594044 0.999984 -0.00537187 0.00176819 0.00533389 0.999769 0.0208305 -0.00187968 -0.0208207 0.999781 -1.19303 0.107698 0.305611 -0.804394 -0.00785598 -0.594044 0.999984 -0.00537187 0.00176819 0.00533389 0.999769 0.0208305 -0.00187968 -0.0208207 0.999781 78.0474 43.9212 1 1 1335 0 0 0 
20170507014253 -2.68217 1.71079 1.22186 -0.821143 -0.0143241 -0.570543 0.999327 -0.0226972 0.0288171 0.0213143 0.998648 0.0474208 -0.0298545 -0.0467747 0.998459 -2.68217 1.71079 1.22186 -0.821143 -0.0143241 -0.570543 0.999327 -0.0226972 0.0288171 0.0213143 0.998648 0.0474208 -0.0298545 -0.0467747 0.998459 86.3326 38.803 1 1 1333 0 0 0 
20170507014254 -2.68217 1.71079 1.22186 0.0452242 0.176104 0.983332 0.986687 -0.0239574 -0.160854 0.0353027 0.997057 0.0680481 0.15875 -0.0728207 0.98463 -4.22975 -9.13437 2.04911 0.0452242 0.176104 0.983332 0.986687 -0.0239574 -0.160854 0.0353027 0.997057 0.0680481 0.15875 -0.0728207 0.98463 86.3326 38.803 1 1 1330 0 1 1 
20170507014254 0.363556 -0.456337 -0.00180914 -0.187528 0.0786192 -0.979108 0.999968 -1.89616e-05 -0.00796454 -3.15745e-05 0.99998 -0.00634495 0.0079645 0.006345 0.999948 0.363556 -0.456337 -0.00180914 -0.187528 0.0786192 -0.979108 0.999968 -1.89616e-05 -0.00796454 -3.15745e-05 0.99998 -0.00634495 0.0079645 0.006345 0.999948 70.3911 22.6779 1 1 1326 0 0 0 
20170507014254 0.0952418 -0.0786718 -0.0955441 -0.0178059 0.0468468 -0.998743 0.999998 0.00166527 -0.00137585 -0.00166756 0.999997 -0.00165999 0.00137308 0.00166228 0.999998 0.0952418 -0.0786718 -0.0955441 -0.0178059 0.0468468 -0.998743 0.999998 0.00166527 -0.00137585 -0.00166756 0.999997 -0.00165999 0.00137308 0.00166228 0.999998 67.5423 23.4093 1 1 1325 0 0 0 
20170507014255 -2.08657 -3.21456 -0.653145 0.335627 -0.0882732 -0.93785 0.998362 0.0134333 -0.0556194 -0.0113813 0.999249 0.0370459 0.0560753 -0.0363522 0.997765 -2.08657 -3.21456 -0.653145 0.335627 -0.0882732 -0.93785 0.998362 0.0134333 -0.0556194 -0.0113813 0.999249 0.0370459 0.0560753 -0.0363522 0.997765 70.356 31.7654 1 1 1324 0 0 0 
20170507014255 0.354467 0.205135 -0.260677 0.420953 0.00895134 -0.907038 0.999983 0.00457171 0.00355202 -0.00454962 0.99997 -0.0062028 -0.00358028 0.00618654 0.999974 0.354467 0.205135 -0.260677 0.420953 0.00895134 -0.907038 0.999983 0.00457171 0.00355202 -0.00454962 0.99997 -0.0062028 -0.00358028 0.00618654 0.999974 74.469 39.4117 1 1 1307 0 0 0 
20170507014255 0.731618 -2.07569 -0.387738 0.611571 0.0766677 -0.787466 0.999321 0.00630423 -0.0363023 -0.00676281 0.999899 -0.0125234 0.0362197 0.0127604 0.999262 0.731618 -2.07569 -0.387738 0.611571 0.0766677 -0.787466 0.999321 0.00630423 -0.0363023 -0.00676281 0.999899 -0.0125234 0.0362197 0.0127604 0.999262 80.2362 41.5395 1 1 1305 0 0 0 
20170507014256 0.47222 -2.88895 0.0993203 0.610715 0.0649858 -0.789179 0.998728 -0.00214879 -0.0503842 0.00173126 0.999964 -0.00832905 0.0504003 0.00823123 0.998695 0.47222 -2.88895 0.0993203 0.610715 0.0649858 -0.789179 0.998728 -0.00214879 -0.0503842 0.00173126 0.999964 -0.00832905 0.0504003 0.00823123 0.998695 76.9072 37.7472 1 1 1304 0 0 0 
20170507014256 1.13748 -4.25318 0.24446 0.618859 0.153187 -0.77042 0.997237 -0.00573804 -0.0740639 0.00425488 0.999788 -0.0201677 0.0741638 0.0197968 0.99705 1.13748 -4.25318 0.24446 0.618859 0.153187 -0.77042 0.997237 -0.00573804 -0.0740639 0.00425488 0.999788 -0.0201677 0.0741638 0.0197968 0.99705 70.6463 32.7756 1 1 1304 0 0 0 
20170507014257 -0.166308 -1.76286 -0.340925 0.337747 0.0603639 -0.939299 0.999509 0.00603949 -0.0307449 -0.00594741 0.999978 0.00308561 0.0307628 -0.00290124 0.999523 -0.166308 -1.76286 -0.340925 0.337747 0.0603639 -0.939299 0.999509 0.00603949 -0.0307449 -0.00594741 0.999978 0.00308561 0.0307628 -0.00290124 0.999523 66.4015 26.5957 1 1 1304 0 0 0 
20170507014257 0.885259 1.27876 -0.284347 -0.0686659 0.133609 -0.988652 0.999739 0.00530698 0.0222372 -0.00496154 0.999867 -0.0155606 -0.0223168 0.0154462 0.999632 0.885259 1.27876 -0.284347 -0.0686659 0.133609 -0.988652 0.999739 0.00530698 0.0222372 -0.00496154 0.999867 -0.0155606 -0.0223168 0.0154462 0.999632 64.1621 21.4372 1 1 1303 0 0 0 
20170507014257 1.56622 0.795206 -0.0448622 -0.172111 0.173314 -0.969711 0.999903 0.00116203 0.0138519 -0.000782918 0.999626 -0.0273431 -0.0138785 0.0273296 0.99953 1.56622 0.795206 -0.0448622 -0.172111 0.173314 -0.969711 0.999903 0.00116203 0.0138519 -0.000782918 0.999626 -0.0273431 -0.0138785 0.0273296 0.99953 61.5059 19.181 1 1 1301 0 0 0 
20170507014257 1.14072 3.20843 -0.31182 -0.483989 0.110239 -0.868103 0.998418 0.00655539 0.0558482 -0.00543374 0.999781 -0.0202122 -0.0559684 0.0198768 0.998235 1.14072 3.20843 -0.31182 -0.483989 0.110239 -0.868103 0.998418 0.00655539 0.0558482 -0.00543374 0.999781 -0.0202122 -0.0559684 0.0198768 0.998235 59.5456 21.3322 1 1 1301 0 0 0 
20170507014257 0.444362 3.31714 0.0293894 -0.620393 0.0526545 -0.782522 0.998324 -6.4173e-05 0.0578649 0.000512082 0.99997 -0.00772581 -0.0578627 0.0077425 0.998295 0.444362 3.31714 0.0293894 -0.620393 0.0526545 -0.782522 0.998324 -6.4173e-05 0.0578649 0.000512082 0.99997 -0.00772581 -0.0578627 0.0077425 0.998295 64.622 26.3238 1 1 1301 0 0 0 
20170507014258 0.714082 3.50027 -0.0394204 -0.736036 0.0407943 -0.675712 0.998134 0.00144885 0.0610399 -0.000686733 0.999922 -0.0125048 -0.0610532 0.0124395 0.998057 0.714082 3.50027 -0.0394204 -0.736036 0.0407943 -0.675712 0.998134 0.00144885 0.0610399 -0.000686733 0.999922 -0.0125048 -0.0610532 0.0124395 0.998057 72.7415 27.6484 1 1 1301 0 0 0 
20170507014258 -1.50638 0.780604 0.729273 -0.787682 -0.126206 -0.603017 0.999826 -0.0130816 0.0132833 0.0127267 0.999569 0.0264595 -0.0136237 -0.0262858 0.999562 -1.50638 0.780604 0.729273 -0.787682 -0.126206 -0.603017 0.999826 -0.0130816 0.0132833 0.0127267 0.999569 0.0264595 -0.0136237 -0.0262858 0.999562 79.6917 27.4632 1 1 1301 0 0 0 
20170507014258 -1.12577 4.2627 -0.297215 -0.867638 -0.101279 -0.486772 0.99722 0.00372602 0.0744161 -0.00517301 0.999801 0.0192614 -0.0743295 -0.0195928 0.997041 -1.12577 4.2627 -0.297215 -0.867638 -0.101279 -0.486772 0.99722 0.00372602 0.0744161 -0.00517301 0.999801 0.0192614 -0.0743295 -0.0195928 0.997041 93.1638 29.3814 1 1 1301 0 0 0 
