20170507011124 0.196033 -0.749068 -0.184883 0 0 0 0.999909 0.00318207 -0.0130842 -0.00322654 0.999989 -0.00337921 0.0130733 0.00342112 0.999909 0.196033 -0.749068 -0.184883 0.222706 0.117961 0.967723 0.999909 0.00318207 -0.0130842 -0.00322654 0.999989 -0.00337921 0.0130733 0.00342112 0.999909 5.80339 0.839448 0 1 1985 0 0 0 
20170507011124 0.0390343 -0.539103 -0.0832708 0 0 0 0.999955 0.00144694 -0.00940996 -0.00145329 0.999999 -0.000667601 0.00940898 0.000681246 0.999956 0.0390343 -0.539103 -0.0832708 -0.0636161 -0.0146205 0.997867 0.999955 0.00144694 -0.00940996 -0.00145329 0.999999 -0.000667601 0.00940898 0.000681246 0.999956 3.89167 0.500681 0 1 1985 0 0 0 
20170507011125 0.0390343 -0.539103 -0.0832708 0 0 0 -0.146038 -0.82087 -0.552128 -0.507808 0.541174 -0.67027 0.849002 0.18249 -0.495876 159.796 -58.1033 -106.044 0.704556 0.579168 0.41008 -0.146038 -0.82087 -0.552128 -0.507808 0.541174 -0.67027 0.849002 0.18249 -0.495876 3.89167 0.500681 0 1 751 0 1 1 
20170507011125 0.0528279 -0.068605 0.00725404 0 0 0 0.999999 -0.000127711 -0.00119727 0.000126607 1 -0.000922172 0.00119738 0.00092202 0.999999 0.0528279 -0.068605 0.00725404 -0.158619 -0.0298639 0.986888 0.999999 -0.000127711 -0.00119727 0.000126607 1 -0.000922172 0.00119738 0.00092202 0.999999 1.08838 0.285632 0 1 751 0 0 0 
20170507011125 -0.746255 -0.138452 0.0885994 0 0 0 0.999996 -0.00151475 -0.00243638 0.00154635 0.999914 0.0130205 0.00241645 -0.0130242 0.999912 -0.746255 -0.138452 0.0885994 -0.0676596 0.9854 0.156235 0.999996 -0.00151475 -0.00243638 0.00154635 0.999914 0.0130205 0.00241645 -0.0130242 0.999912 1.62949 0.333079 0 1 751 0 0 0 
20170507011125 0.430217 -0.411253 -0.0753154 0 0 0 0.999973 0.00126057 -0.00718732 -0.00131447 0.999971 -0.00749919 0.00717766 0.00750843 0.999946 0.430217 -0.411253 -0.0753154 0.0434066 0.0268784 -0.998696 0.999973 0.00126057 -0.00718732 -0.00131447 0.999971 -0.00749919 0.00717766 0.00750843 0.999946 2.2494 0.560218 0 1 750 0 0 0 
20170507011125 0.504081 -0.47151 -0.091149 0 0 0 0.999965 0.00151839 -0.00824297 -0.0015908 0.99996 -0.00878466 0.00822931 0.00879746 0.999927 0.504081 -0.47151 -0.091149 0.0773041 0.0463139 -0.995931 0.999965 0.00151839 -0.00824297 -0.0015908 0.99996 -0.00878466 0.00822931 0.00879746 0.999927 2.71416 0.667195 0 1 750 0 0 0 
20170507011125 0.569169 -0.616145 -0.139629 0 0 0 0.999939 0.00233004 -0.0107772 -0.00243684 0.999948 -0.00990748 0.0107535 0.00993314 0.999893 0.569169 -0.616145 -0.139629 -0.131618 -0.0866557 0.987506 0.999939 0.00233004 -0.0107772 -0.00243684 0.999948 -0.00990748 0.0107535 0.00993314 0.999893 3.41336 0.780047 0 1 750 0 0 0 
20170507011126 0.574129 -0.692585 -0.163441 0 0 0 0.999923 0.00273132 -0.0121155 -0.00285237 0.999946 -0.00998575 0.0120876 0.0100195 0.999877 0.574129 -0.692585 -0.163441 -0.144867 -0.097534 0.984632 0.999923 0.00273132 -0.0121155 -0.00285237 0.999946 -0.00998575 0.0120876 0.0100195 0.999877 3.70283 0.795908 0 1 750 0 0 0 
20170507011126 0.563345 -0.715457 -0.174856 0 0 0 0.999917 0.00292889 -0.0125161 -0.00305157 0.999947 -0.00979392 0.0124868 0.0098313 0.999874 0.563345 -0.715457 -0.174856 -0.122292 -0.0772727 0.989481 0.999917 0.00292889 -0.0125161 -0.00305157 0.999947 -0.00979392 0.0124868 0.0098313 0.999874 3.71948 0.704153 0 1 750 0 0 0 
20170507011126 0.52875 -0.675527 -0.1318 0 0 0 0.999928 0.00219144 -0.0118106 -0.00230018 0.999955 -0.00920115 0.0117899 0.00922766 0.999888 0.52875 -0.675527 -0.1318 -0.0939798 -0.0499902 0.994318 0.999928 0.00219144 -0.0118106 -0.00230018 0.999955 -0.00920115 0.0117899 0.00922766 0.999888 3.64981 0.670942 0 1 750 0 0 0 
20170507011126 0.477535 -0.743419 -0.134721 0 0 0 0.999913 0.0022431 -0.0129939 -0.00235112 0.999963 -0.00830394 0.0129748 0.00833376 0.999881 0.477535 -0.743419 -0.134721 -0.0951567 -0.0477203 0.994318 0.999913 0.0022431 -0.0129939 -0.00235112 0.999963 -0.00830394 0.0129748 0.00833376 0.999881 3.82361 0.727576 0 1 750 0 0 0 
20170507011126 0.15666 -0.534973 0.00291934 0 0 0 0.999956 -7.64811e-05 -0.00933674 5.09498e-05 0.999996 -0.0027347 0.00933691 0.00273411 0.999953 0.15666 -0.534973 0.00291934 0.0181355 -0.547906 -0.836343 0.999956 -7.64811e-05 -0.00933674 5.09498e-05 0.999996 -0.0027347 0.00933691 0.00273411 0.999953 4.38064 0.823166 0 1 750 0 0 0 
20170507011126 0.457051 -0.999801 -0.159734 0 0 0 0.999844 0.0026486 -0.0174705 -0.00278745 0.999965 -0.00792829 0.0174489 0.00797575 0.999816 0.457051 -0.999801 -0.159734 -0.0888586 -0.0356108 0.995407 0.999844 0.0026486 -0.0174705 -0.00278745 0.999965 -0.00792829 0.0174489 0.00797575 0.999816 5.30182 0.839478 0 1 750 0 0 0 
20170507011126 0.458902 -1.16963 -0.132592 0 0 0 0.999789 0.0021506 -0.0204303 -0.00231368 0.999966 -0.00796201 0.0204124 0.0080076 0.99976 0.458902 -1.16963 -0.132592 -0.0905416 -0.039692 0.995101 0.999789 0.0021506 -0.0204303 -0.00231368 0.999966 -0.00796201 0.0204124 0.0080076 0.99976 6.44062 0.938212 0 1 750 0 0 0 
20170507011127 0.470938 -1.29891 -0.126755 0 0 0 0.999741 0.0020259 -0.0226857 -0.00221173 0.999964 -0.00816916 0.0226683 0.00821722 0.999709 0.470938 -1.29891 -0.126755 -0.0990544 -0.0427159 0.994165 0.999741 0.0020259 -0.0226857 -0.00221173 0.999964 -0.00816916 0.0226683 0.00821722 0.999709 7.2938 0.982981 0 1 750 0 0 0 
20170507011127 0.527689 -1.43065 -0.175932 0 0 0 0.999684 0.00284052 -0.0249941 -0.00306963 0.999954 -0.00913308 0.024967 0.00920691 0.999646 0.527689 -1.43065 -0.175932 -0.142406 -0.0818275 0.98642 0.999684 0.00284052 -0.0249941 -0.00306963 0.999954 -0.00913308 0.024967 0.00920691 0.999646 8.30145 0.869907 0 1 750 0 0 0 
20170507011127 0.908526 -2.61145 0.36268 0 0 0 0.998941 -0.00705155 -0.0454557 0.00632334 0.99985 -0.0161442 0.0455627 0.0158396 0.998836 0.908526 -2.61145 0.36268 0.956873 0.289412 0.0252099 0.998941 -0.00705155 -0.0454557 0.00632334 0.99985 -0.0161442 0.0455627 0.0158396 0.998836 9.01719 0.857346 0 1 749 0 0 0 
20170507011127 0.90621 -2.67003 0.333928 0 0 0 0.998897 -0.00656412 -0.0464852 0.00582177 0.999854 -0.0160869 0.046584 0.0157985 0.998789 0.90621 -2.67003 0.333928 -0.950526 -0.296006 -0.0942431 0.998897 -0.00656412 -0.0464852 0.00582177 0.999854 -0.0160869 0.046584 0.0157985 0.998789 9.68894 0.860216 0 1 749 0 0 0 
20170507011127 0.930894 -2.77065 0.35894 0 0 0 0.998811 -0.00704912 -0.048229 0.00625732 0.999843 -0.0165489 0.0483381 0.0162275 0.998699 0.930894 -2.77065 0.35894 -0.94613 -0.299223 -0.123707 0.998811 -0.00704912 -0.048229 0.00625732 0.999843 -0.0165489 0.0483381 0.0162275 0.998699 10.5354 0.968014 0 1 749 0 0 0 
20170507011127 1.05239 -2.99726 0.385756 0 0 0 0.998609 -0.00769187 -0.0521545 0.00672346 0.999802 -0.0187181 0.0522882 0.0183415 0.998464 1.05239 -2.99726 0.385756 -0.944706 -0.309895 -0.107222 0.998609 -0.00769187 -0.0521545 0.00672346 0.999802 -0.0187181 0.0522882 0.0183415 0.998464 11.1167 0.977301 0 1 749 0 0 0 
20170507011127 1.01271 -2.90374 0.37455 0 0 0 0.998695 -0.00743139 -0.0505336 0.0065287 0.999817 -0.018005 0.0506581 0.0176516 0.99856 1.01271 -2.90374 0.37455 -0.945097 -0.309869 -0.103798 0.998695 -0.00743139 -0.0505336 0.0065287 0.999817 -0.018005 0.0506581 0.0176516 0.99856 11.8872 1.02193 0 1 749 0 0 0 
20170507011127 0.931037 -2.98388 0.359214 0 0 0 0.998625 -0.00711443 -0.0519451 0.00626093 0.999843 -0.0165749 0.0520549 0.0162269 0.998512 0.931037 -2.98388 0.359214 -0.944834 -0.307104 -0.113915 0.998625 -0.00711443 -0.0519451 0.00626093 0.999843 -0.0165749 0.0520549 0.0162269 0.998512 12.9245 0.948903 0 1 749 0 0 0 
20170507011128 0.876188 -2.9725 0.345661 0 0 0 0.998636 -0.00682515 -0.0517573 0.00602477 0.99986 -0.0156043 0.0518566 0.0152712 0.998538 0.876188 -2.9725 0.345661 -0.941081 -0.31247 -0.129344 0.998636 -0.00682515 -0.0517573 0.00602477 0.99986 -0.0156043 0.0518566 0.0152712 0.998538 13.687 0.846286 0 1 749 0 0 0 
20170507011128 0.731404 -2.73526 0.258555 0 0 0 0.998851 -0.00512142 -0.0476593 0.00450749 0.999906 -0.0129803 0.0477212 0.0127505 0.998779 0.731404 -2.73526 0.258555 -0.913007 -0.332614 -0.236193 0.998851 -0.00512142 -0.0476593 0.00450749 0.999906 -0.0129803 0.0477212 0.0127505 0.998779 14.3257 0.705379 0 1 749 0 0 0 
20170507011128 0.698219 -2.80894 0.302584 0 0 0 0.998785 -0.00587783 -0.0489369 0.00527471 0.999909 -0.0124445 0.0490055 0.0121713 0.998724 0.698219 -2.80894 0.302584 -0.928612 -0.327873 -0.17372 0.998785 -0.00587783 -0.0489369 0.00527471 0.999909 -0.0124445 0.0490055 0.0121713 0.998724 14.4771 0.644164 0 1 749 0 0 0 
20170507011128 0.179114 -1.87356 0.198657 0 0 0 0.999459 -0.0035694 -0.0326828 0.00346536 0.999989 -0.00323946 0.032694 0.00312446 0.999461 0.179114 -1.87356 0.198657 -0.3474 -0.759816 -0.54954 0.999459 -0.0035694 -0.0326828 0.00346536 0.999989 -0.00323946 0.032694 0.00312446 0.999461 14.147 0.60685 0 1 749 0 0 0 
20170507011128 0.565957 -2.48979 0.189801 0 0 0 0.99905 -0.00374159 -0.0434064 0.00330953 0.999944 -0.0100215 0.0434414 0.00986833 0.999007 0.565957 -2.48979 0.189801 -0.888109 -0.328066 -0.321924 0.99905 -0.00374159 -0.0434064 0.00330953 0.999944 -0.0100215 0.0434414 0.00986833 0.999007 13.7422 0.634981 0 1 749 0 0 0 
20170507011128 0.736152 -2.78497 0.269234 0 0 0 0.998808 -0.00532285 -0.0485229 0.00469345 0.999903 -0.0130761 0.0485878 0.0128327 0.998736 0.736152 -2.78497 0.269234 -0.931197 -0.30516 -0.199372 0.998808 -0.00532285 -0.0485229 0.00469345 0.999903 -0.0130761 0.0485878 0.0128327 0.998736 13.535 0.707252 0 1 749 0 0 0 
20170507011128 0.797073 -2.90718 0.304576 0 0 0 0.998699 -0.00602086 -0.0506385 0.005309 0.999885 -0.0141805 0.050718 0.0138932 0.998616 0.797073 -2.90718 0.304576 -0.929632 -0.298525 -0.216026 0.998699 -0.00602086 -0.0506385 0.005309 0.999885 -0.0141805 0.050718 0.0138932 0.998616 13.4859 0.923873 0 1 749 0 0 0 
20170507011129 1.1261 -3.5275 0.485207 0 0 0 0.99807 -0.00967588 -0.0613471 0.00845232 0.999761 -0.0201731 0.0615276 0.0196157 0.997913 1.1261 -3.5275 0.485207 -0.942967 -0.302006 -0.140021 0.99807 -0.00967588 -0.0613471 0.00845232 0.999761 -0.0201731 0.0615276 0.0196157 0.997913 14.0023 1.17312 0 1 749 0 0 0 
20170507011129 0.644779 -2.00228 0.0259968 0 0 0 0.999389 -0.000846883 -0.034932 0.000453453 0.999936 -0.0112691 0.0349393 0.0112464 0.999326 0.644779 -2.00228 0.0259968 -0.121393 -0.660053 -0.741346 0.999389 -0.000846883 -0.034932 0.000453453 0.999936 -0.0112691 0.0349393 0.0112464 0.999326 15.6296 1.25658 0 1 749 0 0 0 
20170507011129 0.860764 -2.30681 -0.390488 0 0 0 0.999166 0.00620983 -0.0403475 -0.00680973 0.999868 -0.014748 0.0402505 0.0150104 0.999077 0.860764 -2.30681 -0.390488 -0.043928 -0.7491 -0.660999 0.999166 0.00620983 -0.0403475 -0.00680973 0.999868 -0.014748 0.0402505 0.0150104 0.999077 17.416 1.12706 0 1 748 0 0 0 
20170507011129 1.14398 -2.48663 0.0146774 0 0 0 0.999058 -0.00112232 -0.0433725 0.000255929 0.9998 -0.019976 0.0433863 0.0199461 0.998859 1.14398 -2.48663 0.0146774 0.206794 -0.576475 -0.790514 0.999058 -0.00112232 -0.0433725 0.000255929 0.9998 -0.019976 0.0433863 0.0199461 0.998859 19.5195 0.928243 0 1 745 0 0 0 
20170507011129 -0.173006 -2.74213 0.0734548 0.0470013 0.934523 -0.352785 0.998854 -0.00113757 -0.0478446 0.00128056 0.999995 0.00295819 0.047841 -0.00301607 0.99885 -0.173006 -2.74213 0.0734548 0.0470013 0.934523 -0.352785 0.998854 -0.00113757 -0.0478446 0.00128056 0.999995 0.00295819 0.047841 -0.00301607 0.99885 21.4213 1.13164 1 1 745 0 0 0 
20170507011129 -0.385105 -2.84836 0.0700524 -0.0467777 -0.86702 0.496072 0.998764 -0.000888617 -0.0496998 0.00122113 0.999977 0.00666054 0.0496928 -0.006713 0.998742 -0.385105 -2.84836 0.0700524 -0.0467777 -0.86702 0.496072 0.998764 -0.000888617 -0.0496998 0.00122113 0.999977 0.00666054 0.0496928 -0.006713 0.998742 22.2566 1.76048 1 1 745 0 0 0 
20170507011129 -0.288639 -2.83911 0.0362318 -0.105486 -0.792212 0.60106 0.998772 -0.000382833 -0.049534 0.000631588 0.999987 0.00500636 0.0495315 -0.0050315 0.99876 -0.288639 -2.83911 0.0362318 -0.105486 -0.792212 0.60106 0.998772 -0.000382833 -0.049534 0.000631588 0.999987 0.00500636 0.0495315 -0.0050315 0.99876 22.5535 2.33458 1 1 745 0 0 0 
20170507011129 -0.542429 -2.66667 0.17777 -0.145547 -0.775247 0.614661 0.998912 -0.00266207 -0.0465524 0.00309931 0.999952 0.00932263 0.0465254 -0.00945677 0.998872 -0.542429 -2.66667 0.17777 -0.145547 -0.775247 0.614661 0.998912 -0.00266207 -0.0465524 0.00309931 0.999952 0.00932263 0.0465254 -0.00945677 0.998872 21.9578 2.64182 1 1 745 0 0 0 
20170507011130 -0.850305 -2.39441 0.29913 -0.182477 -0.768032 0.613864 0.999113 -0.00460023 -0.0418505 0.00521623 0.999879 0.0146218 0.0417782 -0.0148271 0.999017 -0.850305 -2.39441 0.29913 -0.182477 -0.768032 0.613864 0.999113 -0.00460023 -0.0418505 0.00521623 0.999879 0.0146218 0.0417782 -0.0148271 0.999017 20.5095 2.85948 1 1 745 0 0 0 
20170507011130 -0.66194 -2.08075 0.206666 0 0 0 0.999334 -0.00318729 -0.036347 0.00360461 0.999928 0.0114217 0.036308 -0.0115452 0.999274 -0.66194 -2.08075 0.206666 0 0 0 0.999334 -0.00318729 -0.036347 0.00360461 0.999928 0.0114217 0.036308 -0.0115452 0.999274 18.9392 3.09003 0 1 745 0 0 0 
20170507011130 -1.00837 -1.91494 0.364077 0 0 0 0.999421 -0.00576527 -0.0335218 0.00635076 0.999829 0.0173858 0.0334159 -0.0175886 0.999287 -1.00837 -1.91494 0.364077 0 0 0 0.999421 -0.00576527 -0.0335218 0.00635076 0.999829 0.0173858 0.0334159 -0.0175886 0.999287 17.509 3.24357 0 1 745 0 0 0 
20170507011130 -0.71993 -1.79965 0.158038 0 0 0 0.999503 -0.00236347 -0.0314366 0.00275691 0.999918 0.0124782 0.0314046 -0.0125586 0.999428 -0.71993 -1.79965 0.158038 0 0 0 0.999503 -0.00236347 -0.0314366 0.00275691 0.999918 0.0124782 0.0314046 -0.0125586 0.999428 15.7273 3.14561 0 1 745 0 0 0 
20170507011130 -0.436153 -1.64728 0.126253 0 0 0 0.999584 -0.00198464 -0.0287624 0.00220261 0.999969 0.00754887 0.0287466 -0.00760909 0.999558 -0.436153 -1.64728 0.126253 0 0 0 0.999584 -0.00198464 -0.0287624 0.00220261 0.999969 0.00754887 0.0287466 -0.00760909 0.999558 13.1366 3.37759 0 1 745 0 0 0 
20170507011130 -0.460962 -1.78025 -0.0226513 0 0 0 0.999517 0.000645261 -0.031062 -0.000395149 0.999967 0.00805749 0.0310662 -0.00804133 0.999485 -0.460962 -1.78025 -0.0226513 0 0 0 0.999517 0.000645261 -0.031062 -0.000395149 0.999967 0.00805749 0.0310662 -0.00804133 0.999485 11.5218 4.09106 0 1 745 0 0 0 
20170507011130 0.284309 -1.41226 -0.0148078 0 0 0 0.999696 0.000136145 -0.0246472 -0.000258367 0.999988 -0.00495574 0.0246462 0.0049606 0.999684 0.284309 -1.41226 -0.0148078 0 0 0 0.999696 0.000136145 -0.0246472 -0.000258367 0.999988 -0.00495574 0.0246462 0.0049606 0.999684 11.2918 4.91026 0 1 745 0 0 0 
20170507011131 -0.113796 -1.91437 -0.105321 0 0 0 0.99944 0.00190455 -0.0334021 -0.00183718 0.999996 0.00204751 0.0334059 -0.001985 0.99944 -0.113796 -1.91437 -0.105321 0 0 0 0.99944 0.00190455 -0.0334021 -0.00183718 0.999996 0.00204751 0.0334059 -0.001985 0.99944 11.7093 5.48689 0 1 745 0 0 0 
20170507011131 0.094315 -1.8169 -0.0964629 0 0 0 0.999496 0.0016314 -0.0317083 -0.00168275 0.999997 -0.00159272 0.0317056 0.00164528 0.999496 0.094315 -1.8169 -0.0964629 0 0 0 0.999496 0.0016314 -0.0317083 -0.00168275 0.999997 -0.00159272 0.0317056 0.00164528 0.999496 12.2569 6.21959 0 1 745 0 0 0 
20170507011131 -0.322652 -2.48752 -0.183244 0 0 0 0.999053 0.00344257 -0.0433829 -0.0031952 0.999978 0.00577009 0.0434018 -0.005626 0.999042 -0.322652 -2.48752 -0.183244 0 0 0 0.999053 0.00344257 -0.0433829 -0.0031952 0.999978 0.00577009 0.0434018 -0.005626 0.999042 13.3883 6.79568 0 1 745 0 0 0 
20170507011131 -0.335979 -2.62993 -0.176064 0 0 0 0.998942 0.0033419 -0.0458658 -0.00306965 0.999977 0.00600488 0.0458848 -0.00585773 0.99893 -0.335979 -2.62993 -0.176064 0 0 0 0.998942 0.0033419 -0.0458658 -0.00306965 0.999977 0.00600488 0.0458848 -0.00585773 0.99893 14.5277 7.45012 0 1 745 0 0 0 
20170507011131 -0.338379 -2.73523 -0.127908 0 0 0 0.998858 0.00251421 -0.0477066 -0.00222988 0.999979 0.00601231 0.0477207 -0.00589907 0.998843 -0.338379 -2.73523 -0.127908 0 0 0 0.998858 0.00251421 -0.0477066 -0.00222988 0.999979 0.00601231 0.0477207 -0.00589907 0.998843 16.4883 8.49017 0 1 745 0 0 0 
20170507011131 0.78319 -2.67883 -0.452564 0 0 0 0.998876 0.00725908 -0.0468395 -0.00789001 0.99988 -0.0132993 0.0467373 0.0136539 0.998814 0.78319 -2.67883 -0.452564 0 0 0 0.998876 0.00725908 -0.0468395 -0.00789001 0.99988 -0.0132993 0.0467373 0.0136539 0.998814 18.4467 9.4667 0 1 745 0 0 0 
20170507011132 -0.352791 -2.98147 0.318502 0 0 0 0.998631 -0.00523852 -0.0520455 0.00555135 0.999967 0.00586811 0.0520131 -0.006149 0.998627 -0.352791 -2.98147 0.318502 0 0 0 0.998631 -0.00523852 -0.0520455 0.00555135 0.999967 0.00586811 0.0520131 -0.006149 0.998627 19.8819 10.2895 0 1 745 0 0 0 
20170507011132 0.670893 -2.54797 -0.376935 -0.0304128 0.0286428 0.999127 0.99899 0.00605774 -0.0445289 -0.00657221 0.999913 -0.0114163 0.0444559 0.0116975 0.998943 0.670893 -2.54797 -0.376935 -0.0304128 0.0286428 0.999127 0.99899 0.00605774 -0.0445289 -0.00657221 0.999913 -0.0114163 0.0444559 0.0116975 0.998943 20.9977 10.6628 1 1 745 0 0 0 
20170507011132 0.377646 -1.85598 0.460571 -0.0737777 -0.00290371 0.99727 0.999443 -0.00825168 -0.0323326 0.00803418 0.999944 -0.00685125 0.0323873 0.00658767 0.999454 0.377646 -1.85598 0.460571 -0.0737777 -0.00290371 0.99727 0.999443 -0.00825168 -0.0323326 0.00803418 0.999944 -0.00685125 0.0323873 0.00658767 0.999454 23.0283 11.3839 1 1 745 0 0 0 
20170507011132 -0.136362 -1.91577 -0.235183 -0.0209723 -0.144504 0.989282 0.999433 0.00418425 -0.03342 -0.0041024 0.999988 0.00251717 0.0334302 -0.00237864 0.999438 -0.136362 -1.91577 -0.235183 -0.0209723 -0.144504 0.989282 0.999433 0.00418425 -0.03342 -0.0041024 0.999988 0.00251717 0.0334302 -0.00237864 0.999438 24.6886 11.4656 1 1 744 0 0 0 
20170507011132 0.0637447 -2.02251 -0.324176 -0.0134453 -0.098822 0.995014 0.999361 0.00561863 -0.0352978 -0.00565438 0.999984 -0.000912857 0.0352921 0.00111186 0.999376 0.0637447 -2.02251 -0.324176 -0.0134453 -0.098822 0.995014 0.999361 0.00561863 -0.0352978 -0.00565438 0.999984 -0.000912857 0.0352921 0.00111186 0.999376 25.6548 11.5847 1 1 743 0 0 0 
20170507011132 0.0806723 -1.42659 0.806783 0.0550806 -0.0909086 0.994335 0.999591 -0.0141156 -0.0248738 0.0140762 0.999899 -0.00175841 0.0248961 0.00140756 0.999689 0.0806723 -1.42659 0.806783 0.0550806 -0.0909086 0.994335 0.999591 -0.0141156 -0.0248738 0.0140762 0.999899 -0.00175841 0.0248961 0.00140756 0.999689 26.1482 11.6015 1 1 743 0 0 0 
20170507011132 0.23093 -1.57963 0.694849 0.11802 -0.0564145 0.991407 0.999546 -0.0122381 -0.0275152 0.0121225 0.999917 -0.00436448 0.0275663 0.00402895 0.999612 0.23093 -1.57963 0.694849 0.11802 -0.0564145 0.991407 0.999546 -0.0122381 -0.0275152 0.0121225 0.999917 -0.00436448 0.0275663 0.00402895 0.999612 25.4355 11.2787 1 1 743 0 0 0 
20170507011133 0.649173 -1.82665 0.447049 0.184478 0.0236946 0.982551 0.999461 -0.00816304 -0.0317843 0.00779843 0.999903 -0.0115783 0.0318757 0.0113242 0.999428 0.649173 -1.82665 0.447049 0.184478 0.0236946 0.982551 0.999461 -0.00816304 -0.0317843 0.00779843 0.999903 -0.0115783 0.0318757 0.0113242 0.999428 24.4692 11.0583 1 1 743 0 0 0 
20170507011133 0.986442 -0.73945 -0.0104864 0.0774652 0.082646 0.993564 0.999917 -3.9183e-05 -0.0129067 -0.000183007 0.999852 -0.0172134 0.0129055 0.0172144 0.999769 0.986442 -0.73945 -0.0104864 0.0774652 0.082646 0.993564 0.999917 -3.9183e-05 -0.0129067 -0.000183007 0.999852 -0.0172134 0.0129055 0.0172144 0.999769 23.8293 11.3689 1 1 743 0 0 0 
20170507011133 0.780152 -0.962552 0.056058 0.144247 0.0902717 0.985416 0.999858 -0.00120704 -0.016784 0.000978258 0.999907 -0.0136322 0.0167989 0.0136139 0.999766 0.780152 -0.962552 0.056058 0.144247 0.0902717 0.985416 0.999858 -0.00120704 -0.016784 0.000978258 0.999907 -0.0136322 0.0167989 0.0136139 0.999766 23.2074 12.0362 1 1 743 0 0 0 
20170507011133 0.430177 -0.84136 0.0304943 0.18109 0.0923906 0.979117 0.999892 -0.000642457 -0.0146796 0.000532169 0.999972 -0.00751575 0.014684 0.00750713 0.999864 0.430177 -0.84136 0.0304943 0.18109 0.0923906 0.979117 0.999892 -0.000642457 -0.0146796 0.000532169 0.999972 -0.00751575 0.014684 0.00750713 0.999864 22.5944 12.1825 1 1 743 0 0 0 
20170507011133 0.131613 -1.52903 -0.146374 0.267918 0.074453 0.960561 0.999641 0.00249341 -0.0266892 -0.0025538 0.999994 -0.0022289 0.0266835 0.00229626 0.999641 0.131613 -1.52903 -0.146374 0.267918 0.074453 0.960561 0.999641 0.00249341 -0.0266892 -0.0025538 0.999994 -0.0022289 0.0266835 0.00229626 0.999641 21.9736 11.6147 1 1 742 0 0 0 
20170507011133 -0.233949 -1.71154 -0.109023 0.297141 0.0597412 0.952963 0.999552 0.00202475 -0.0298595 -0.00190196 0.99999 0.00413999 0.0298676 -0.00408135 0.999546 -0.233949 -1.71154 -0.109023 0.297141 0.0597412 0.952963 0.999552 0.00202475 -0.0298595 -0.00190196 0.99999 0.00413999 0.0298676 -0.00408135 0.999546 21.9455 11.9099 1 1 742 0 0 0 
20170507011133 -0.428639 -2.04796 -0.0786343 0.322444 0.0641425 0.944413 0.99936 0.00163973 -0.0357247 -0.00137155 0.999971 0.00753012 0.035736 -0.00747631 0.999333 -0.428639 -2.04796 -0.0786343 0.322444 0.0641425 0.944413 0.99936 0.00163973 -0.0357247 -0.00137155 0.999971 0.00753012 0.035736 -0.00747631 0.999333 22.325 12.0784 1 1 742 0 0 0 
20170507011134 -0.480768 -2.23969 -0.0714173 0.319056 0.0635599 0.945602 0.999235 0.00157434 -0.0390681 -0.00124551 0.999964 0.00843959 0.03908 -0.00838448 0.999201 -0.480768 -2.23969 -0.0714173 0.319056 0.0635599 0.945602 0.999235 0.00157434 -0.0390681 -0.00124551 0.999964 0.00843959 0.03908 -0.00838448 0.999201 22.4617 11.7907 1 1 742 0 0 0 
20170507011134 -0.449282 -2.54001 -0.0274592 0.33517 0.0788198 0.938855 0.999017 0.000826745 -0.044312 -0.000478783 0.999969 0.0078626 0.0443171 -0.00783366 0.998987 -0.449282 -2.54001 -0.0274592 0.33517 0.0788198 0.938855 0.999017 0.000826745 -0.044312 -0.000478783 0.999969 0.0078626 0.0443171 -0.00783366 0.998987 22.3362 11.374 1 1 742 0 0 0 
20170507011134 -0.399041 -2.57637 -0.0669536 0.329595 0.10094 0.938711 0.998989 0.00148159 -0.0449417 -0.00116738 0.999975 0.00701705 0.0449509 -0.00695748 0.998965 -0.399041 -2.57637 -0.0669536 0.329595 0.10094 0.938711 0.998989 0.00148159 -0.0449417 -0.00116738 0.999975 0.00701705 0.0449509 -0.00695748 0.998965 21.9887 10.9505 1 1 742 0 0 0 
20170507011134 -0.313054 -2.50003 -0.0704617 0.316087 0.119721 0.941146 0.999047 0.0014681 -0.0436126 -0.00122862 0.999984 0.00551743 0.04362 -0.00545859 0.999033 -0.313054 -2.50003 -0.0704617 0.316087 0.119721 0.941146 0.999047 0.0014681 -0.0436126 -0.00122862 0.999984 0.00551743 0.04362 -0.00545859 0.999033 21.5254 10.5626 1 1 742 0 0 0 
20170507011134 -0.295886 -2.51771 -0.0740946 0.314853 0.121632 0.941315 0.999034 0.00152003 -0.0439209 -0.00129195 0.999986 0.00522097 0.0439282 -0.00515918 0.999021 -0.295886 -2.51771 -0.0740946 0.314853 0.121632 0.941315 0.999034 0.00152003 -0.0439209 -0.00129195 0.999986 0.00522097 0.0439282 -0.00515918 0.999021 21.271 10.3201 1 1 742 0 0 0 
20170507011134 -0.262297 -2.53841 -0.0356124 0.320289 0.114622 0.94036 0.999019 0.0008243 -0.0442858 -0.000620943 0.999989 0.00460546 0.0442892 -0.00457345 0.999008 -0.262297 -2.53841 -0.0356124 0.320289 0.114622 0.94036 0.999019 0.0008243 -0.0442858 -0.000620943 0.999989 0.00460546 0.0442892 -0.00457345 0.999008 21.2709 10.3831 1 1 742 0 0 0 
20170507011134 -0.196507 -2.59629 -0.032367 0.328403 0.101697 0.939047 0.998973 0.000720266 -0.0452961 -0.000564331 0.999994 0.00345527 0.0452983 -0.00342616 0.998968 -0.196507 -2.59629 -0.032367 0.328403 0.101697 0.939047 0.998973 0.000720266 -0.0452961 -0.000564331 0.999994 0.00345527 0.0452983 -0.00342616 0.998968 21.4584 10.6344 1 1 742 0 0 0 
20170507011134 -0.130771 -2.47332 -0.0489786 0.339137 0.0907929 0.936345 0.999068 0.000953329 -0.0431521 -0.000854041 0.999997 0.00231927 0.0431542 -0.00228026 0.999066 -0.130771 -2.47332 -0.0489786 0.339137 0.0907929 0.936345 0.999068 0.000953329 -0.0431521 -0.000854041 0.999997 0.00231927 0.0431542 -0.00228026 0.999066 21.7656 11.2605 1 1 742 0 0 0 
20170507011135 -0.0677915 -2.15062 -0.104432 0.340417 0.0827529 0.936626 0.999294 0.00186709 -0.0375244 -0.00182141 0.999998 0.00125158 0.0375267 -0.00118235 0.999295 -0.0677915 -2.15062 -0.104432 0.340417 0.0827529 0.936626 0.999294 0.00186709 -0.0375244 -0.00182141 0.999998 0.00125158 0.0375267 -0.00118235 0.999295 22.2098 12.0875 1 1 742 0 0 0 
20170507011135 0.266929 -1.80471 -0.177525 0.326518 0.116506 0.937983 0.999499 0.00295164 -0.0315069 -0.00309686 0.999985 -0.00456117 0.0314929 0.00465646 0.999493 0.266929 -1.80471 -0.177525 0.326518 0.116506 0.937983 0.999499 0.00295164 -0.0315069 -0.00309686 0.999985 -0.00456117 0.0314929 0.00465646 0.999493 22.1718 12.4376 1 1 742 0 0 0 
20170507011135 0.359803 -1.66494 -0.202897 0.32089 0.127958 0.938433 0.999572 0.00335869 -0.029076 -0.00353971 0.999975 -0.00617679 0.0290545 0.00627706 0.999558 0.359803 -1.66494 -0.202897 0.32089 0.127958 0.938433 0.999572 0.00335869 -0.029076 -0.00353971 0.999975 -0.00617679 0.0290545 0.00627706 0.999558 21.718 12.456 1 1 742 0 0 0 
20170507011135 0.651177 -1.46269 -0.301829 0.304197 0.153929 0.94009 0.99966 0.00497745 -0.0255838 -0.00526617 0.999923 -0.0112303 0.0255259 0.0113612 0.99961 0.651177 -1.46269 -0.301829 0.304197 0.153929 0.94009 0.99966 0.00497745 -0.0255838 -0.00526617 0.999923 -0.0112303 0.0255259 0.0113612 0.99961 21.4684 12.3807 1 1 742 0 0 0 
20170507011135 0.739351 -1.57691 -0.342832 0.313819 0.164867 0.935059 0.999603 0.00562793 -0.0275932 -0.00598125 0.999901 -0.0127389 0.0275188 0.0128989 0.999538 0.739351 -1.57691 -0.342832 0.313819 0.164867 0.935059 0.999603 0.00562793 -0.0275932 -0.00598125 0.999901 -0.0127389 0.0275188 0.0128989 0.999538 21.0985 12.1904 1 1 742 0 0 0 
20170507011135 0.652102 -1.55769 -0.326673 0.305032 0.15646 0.939402 0.999614 0.00539176 -0.0272461 -0.00569939 0.999921 -0.0112259 0.0271834 0.0113769 0.999566 0.652102 -1.55769 -0.326673 0.305032 0.15646 0.939402 0.999614 0.00539176 -0.0272461 -0.00569939 0.999921 -0.0112259 0.0271834 0.0113769 0.999566 20.6838 11.9962 1 1 742 0 0 0 
20170507011135 -0.495412 -4.28936 -0.470285 0.573352 -0.049291 0.817825 0.997165 0.0088543 -0.0747172 -0.00818494 0.999924 0.00926004 0.0747935 -0.00862224 0.997162 -0.495412 -4.28936 -0.470285 0.573352 -0.049291 0.817825 0.997165 0.0088543 -0.0747172 -0.00818494 0.999924 0.00926004 0.0747935 -0.00862224 0.997162 20.2693 11.8334 1 1 742 0 0 0 
20170507011136 -1.08448 -3.48486 0.391027 0 0 0 0.998128 -0.00567302 -0.0609016 0.00681204 0.999805 0.0185114 0.0607847 -0.0188916 0.997972 -1.08448 -3.48486 0.391027 0 0 0 0.998128 -0.00567302 -0.0609016 0.00681204 0.999805 0.0185114 0.0607847 -0.0188916 0.997972 19.1253 11.3351 0 1 742 0 0 0 
20170507011136 0.110726 -1.20148 -0.191842 0 0 0 0.999775 0.00330774 -0.0209745 -0.00334753 0.999993 -0.00186231 0.0209682 0.0019321 0.999778 0.110726 -1.20148 -0.191842 0 0 0 0.999775 0.00330774 -0.0209745 -0.00334753 0.999993 -0.00186231 0.0209682 0.0019321 0.999778 18.5989 10.8865 0 1 742 0 0 0 
20170507011136 -0.0227304 -1.21444 -0.0999552 0 0 0 0.999774 0.00175295 -0.0211937 -0.00174415 0.999998 0.000433694 0.0211944 -0.000396631 0.999775 -0.0227304 -1.21444 -0.0999552 0 0 0 0.999774 0.00175295 -0.0211937 -0.00174415 0.999998 0.000433694 0.0211944 -0.000396631 0.999775 18.7878 11.037 0 1 742 0 0 0 
20170507011136 -0.162742 -1.5239 -0.000563971 0 0 0 0.999646 8.53799e-05 -0.0265938 -9.83968e-06 0.999996 0.00284064 0.0265939 -0.00283937 0.999642 -0.162742 -1.5239 -0.000563971 0 0 0 0.999646 8.53799e-05 -0.0265938 -9.83968e-06 0.999996 0.00284064 0.0265939 -0.00283937 0.999642 19.0449 10.4916 0 1 742 0 0 0 
20170507011136 -0.36585 -1.66873 0.0279278 0.291093 0.243789 0.925112 0.999576 -0.000301478 -0.0291233 0.000487225 0.99998 0.00637105 0.0291208 -0.00638254 0.999556 -0.36585 -1.66873 0.0279278 0.291093 0.243789 0.925112 0.999576 -0.000301478 -0.0291233 0.000487225 0.99998 0.00637105 0.0291208 -0.00638254 0.999556 20.0834 10.3161 1 1 742 0 0 0 
20170507011136 -0.288326 -1.85193 0.185799 0.275382 0.272388 0.921938 0.999472 -0.00308014 -0.0323323 0.00324111 0.999983 0.0049274 0.0323166 -0.00502959 0.999465 -0.288326 -1.85193 0.185799 0.275382 0.272388 0.921938 0.999472 -0.00308014 -0.0323323 0.00324111 0.999983 0.0049274 0.0323166 -0.00502959 0.999465 21.1642 10.1603 1 1 742 0 0 0 
20170507011136 -0.216115 -2.06756 0.210268 0.263284 0.298384 0.917414 0.999342 -0.00353374 -0.0360912 0.00366746 0.999987 0.00363949 0.0360779 -0.00376946 0.999342 -0.216115 -2.06756 0.210268 0.263284 0.298384 0.917414 0.999342 -0.00353374 -0.0360912 0.00366746 0.999987 0.00363949 0.0360779 -0.00376946 0.999342 22.3411 10.1511 1 1 742 0 0 0 
20170507011137 -0.28916 -2.56446 0.0959876 0.278028 0.314527 0.907619 0.998997 -0.00144947 -0.0447511 0.00167362 0.999986 0.00497181 0.0447433 -0.00504172 0.998986 -0.28916 -2.56446 0.0959876 0.278028 0.314527 0.907619 0.998997 -0.00144947 -0.0447511 0.00167362 0.999986 0.00497181 0.0447433 -0.00504172 0.998986 23.5089 9.90776 1 1 742 0 0 0 
20170507011137 -0.295115 -1.79704 0.388477 0.192122 0.356496 0.91433 0.999485 -0.00661854 -0.0313929 0.00677681 0.999965 0.00493797 0.0313591 -0.00514817 0.999495 -0.295115 -1.79704 0.388477 0.192122 0.356496 0.91433 0.999485 -0.00661854 -0.0313929 0.00677681 0.999965 0.00493797 0.0313591 -0.00514817 0.999495 24.3962 10.0908 1 1 742 0 0 0 
20170507011137 -0.236957 -1.75803 0.511309 0.186637 0.382801 0.904782 0.99949 -0.00879696 -0.030714 0.00891971 0.999953 0.00386173 0.0306786 -0.00413372 0.999521 -0.236957 -1.75803 0.511309 0.186637 0.382801 0.904782 0.99949 -0.00879696 -0.030714 0.00891971 0.999953 0.00386173 0.0306786 -0.00413372 0.999521 25.1319 10.1895 1 1 742 0 0 0 
20170507011137 -0.23163 -1.7469 0.519079 0.188349 0.40084 0.896578 0.999494 -0.00893621 -0.0305195 0.00905531 0.999952 0.00376636 0.0304843 -0.00404082 0.999527 -0.23163 -1.7469 0.519079 0.188349 0.40084 0.896578 0.999494 -0.00893621 -0.0305195 0.00905531 0.999952 0.00376636 0.0304843 -0.00404082 0.999527 25.6579 10.2661 1 1 742 0 0 0 
20170507011137 -0.298367 -1.61519 0.538508 0.187988 0.414288 0.89052 0.999559 -0.0092517 -0.028234 0.00939487 0.999944 0.00494231 0.0281867 -0.00520539 0.999589 -0.298367 -1.61519 0.538508 0.187988 0.414288 0.89052 0.999559 -0.0092517 -0.028234 0.00939487 0.999944 0.00494231 0.0281867 -0.00520539 0.999589 26.2377 10.5417 1 1 742 0 0 0 
20170507011137 -0.306337 -1.42785 0.535854 0.193227 0.424575 0.884534 0.999646 -0.00921892 -0.0249666 0.00934937 0.999943 0.00511329 0.024918 -0.0053449 0.999675 -0.306337 -1.42785 0.535854 0.193227 0.424575 0.884534 0.999646 -0.00921892 -0.0249666 0.00934937 0.999943 0.00511329 0.024918 -0.0053449 0.999675 26.5197 11.0351 1 1 742 0 0 0 
20170507011137 -0.297439 -1.25757 0.50727 0.20321 0.430824 0.879259 0.99972 -0.00873937 -0.0219917 0.00885129 0.999948 0.00499676 0.0219469 -0.00519002 0.999746 -0.297439 -1.25757 0.50727 0.20321 0.430824 0.879259 0.99972 -0.00873937 -0.0219917 0.00885129 0.999948 0.00499676 0.0219469 -0.00519002 0.999746 26.7029 11.6832 1 1 742 0 0 0 
20170507011137 -0.38706 -1.16796 0.49005 0.214688 0.432577 0.875664 0.999756 -0.008415 -0.0204399 0.00855111 0.999942 0.00658085 0.0203833 -0.00675402 0.999769 -0.38706 -1.16796 0.49005 0.214688 0.432577 0.875664 0.999756 -0.008415 -0.0204399 0.00855111 0.999942 0.00658085 0.0203833 -0.00675402 0.999769 26.8267 11.9103 1 1 742 0 0 0 
20170507011138 -0.267368 -0.970242 0.394203 0.216977 0.436046 0.873375 0.999833 -0.00680099 -0.0169646 0.0068791 0.999966 0.00454983 0.0169331 -0.00466577 0.999846 -0.267368 -0.970242 0.394203 0.216977 0.436046 0.873375 0.999833 -0.00680099 -0.0169646 0.0068791 0.999966 0.00454983 0.0169331 -0.00466577 0.999846 26.5625 12.5907 1 1 742 0 0 0 
20170507011138 -0.278081 -0.973039 0.354574 0.220191 0.437025 0.872081 0.999837 -0.00610596 -0.0170114 0.00618756 0.99997 0.00474822 0.0169819 -0.00485271 0.999844 -0.278081 -0.973039 0.354574 0.220191 0.437025 0.872081 0.999837 -0.00610596 -0.0170114 0.00618756 0.99997 0.00474822 0.0169819 -0.00485271 0.999844 26.4181 12.4984 1 1 742 0 0 0 
20170507011138 -0.325088 -0.965755 0.382875 0.22148 0.43891 0.870807 0.999836 -0.00658664 -0.0168921 0.00668143 0.999962 0.00556107 0.0168548 -0.00567302 0.999842 -0.325088 -0.965755 0.382875 0.22148 0.43891 0.870807 0.999836 -0.00658664 -0.0168921 0.00668143 0.999962 0.00556107 0.0168548 -0.00567302 0.999842 26.2309 12.242 1 1 742 0 0 0 
20170507011138 -0.245355 -0.924614 0.360675 0.223949 0.457127 0.860745 0.99985 -0.00622577 -0.0161634 0.00629411 0.999971 0.00418057 0.0161369 -0.00428167 0.999861 -0.245355 -0.924614 0.360675 0.223949 0.457127 0.860745 0.99985 -0.00622577 -0.0161634 0.00629411 0.999971 0.00418057 0.0161369 -0.00428167 0.999861 26.1072 11.9517 1 1 742 0 0 0 
20170507011138 0.420714 -0.116748 -0.525466 0.102022 0.530532 0.841503 0.999956 0.00915578 -0.00210483 -0.00917097 0.999931 -0.00732379 0.00203763 0.00734277 0.999971 0.420714 -0.116748 -0.525466 0.102022 0.530532 0.841503 0.999956 0.00915578 -0.00210483 -0.00917097 0.999931 -0.00732379 0.00203763 0.00734277 0.999971 26.2069 10.8348 1 1 742 0 0 0 
20170507011138 0.668892 -0.176463 -0.542308 0.0845881 0.555936 0.82691 0.99995 0.00942832 -0.00319 -0.00946487 0.999887 -0.0116444 0.00307985 0.011674 0.999927 0.668892 -0.176463 -0.542308 0.0845881 0.555936 0.82691 0.99995 0.00942832 -0.00319 -0.00946487 0.999887 -0.0116444 0.00307985 0.011674 0.999927 25.8305 10.0197 1 1 742 0 0 0 
20170507011138 0.715451 -0.497245 -0.568851 0.0739083 0.566812 0.820525 0.999913 0.00981903 -0.00880133 -0.00992779 0.999874 -0.0123999 0.00867846 0.0124862 0.999884 0.715451 -0.497245 -0.568851 0.0739083 0.566812 0.820525 0.999913 0.00981903 -0.00880133 -0.00992779 0.999874 -0.0123999 0.00867846 0.0124862 0.999884 25.5572 8.7345 1 1 742 0 0 0 
20170507011139 0.88391 -0.619998 -0.646487 0.049172 0.577137 0.815166 0.999878 0.0111148 -0.0109929 -0.0112824 0.999819 -0.0153035 0.0108208 0.0154256 0.999822 0.88391 -0.619998 -0.646487 0.049172 0.577137 0.815166 0.999878 0.0111148 -0.0109929 -0.0112824 0.999819 -0.0153035 0.0108208 0.0154256 0.999822 25.2627 7.97798 1 1 742 0 0 0 
20170507011139 0.94352 -0.792809 -0.600905 0.0337026 0.582764 0.811942 0.999849 0.0102583 -0.0140067 -0.0104866 0.999812 -0.0163208 0.0138367 0.0164652 0.999769 0.94352 -0.792809 -0.600905 0.0337026 0.582764 0.811942 0.999849 0.0102583 -0.0140067 -0.0104866 0.999812 -0.0163208 0.0138367 0.0164652 0.999769 25.4109 7.40317 1 1 742 0 0 0 
20170507011139 0.782086 -0.770909 -0.560355 0.0220709 0.567256 0.823246 0.999862 0.00959534 -0.0135861 -0.009779 0.999861 -0.0135173 0.0134545 0.0136483 0.999816 0.782086 -0.770909 -0.560355 0.0220709 0.567256 0.823246 0.999862 0.00959534 -0.0135861 -0.009779 0.999861 -0.0135173 0.0134545 0.0136483 0.999816 25.4545 7.4857 1 1 742 0 0 0 
20170507011139 1.02126 -0.803732 -0.57705 0.017593 0.580123 0.814339 0.999851 0.00981965 -0.0142039 -0.0100703 0.999793 -0.0176812 0.0140273 0.0178216 0.999743 1.02126 -0.803732 -0.57705 0.017593 0.580123 0.814339 0.999851 0.00981965 -0.0142039 -0.0100703 0.999793 -0.0176812 0.0140273 0.0178216 0.999743 25.8551 7.58875 1 1 742 0 0 0 
20170507011139 1.04981 -0.746725 -0.580416 0.0119871 0.583074 0.81233 0.999864 0.00988954 -0.0132152 -0.0101291 0.999783 -0.0181887 0.0130324 0.0183201 0.999747 1.04981 -0.746725 -0.580416 0.0119871 0.583074 0.81233 0.999864 0.00988954 -0.0132152 -0.0101291 0.999783 -0.0181887 0.0130324 0.0183201 0.999747 26.2728 7.86887 1 1 742 0 0 0 
20170507011139 1.04227 -0.683449 -0.653185 0.00701137 0.589209 0.80795 0.999864 0.0111811 -0.0121328 -0.0113992 0.999772 -0.0180528 0.0119282 0.0181887 0.999763 1.04227 -0.683449 -0.653185 0.00701137 0.589209 0.80795 0.999864 0.0111811 -0.0121328 -0.0113992 0.999772 -0.0180528 0.0119282 0.0181887 0.999763 26.8843 7.97088 1 1 742 0 0 0 
20170507011139 0.982553 -0.569792 -0.621771 0.00925094 0.590875 0.80671 0.999892 0.0106796 -0.0101286 -0.0108512 0.999796 -0.017039 0.00994458 0.0171471 0.999804 0.982553 -0.569792 -0.621771 0.00925094 0.590875 0.80671 0.999892 0.0106796 -0.0101286 -0.0108512 0.999796 -0.017039 0.00994458 0.0171471 0.999804 27.4368 8.14691 1 1 742 0 0 0 
20170507011139 1.17257 -0.386043 -0.689828 0.0110386 0.604257 0.796713 0.999905 0.0118991 -0.00698214 -0.0120392 0.99972 -0.0203811 0.00673767 0.0204632 0.999768 1.17257 -0.386043 -0.689828 0.0110386 0.604257 0.796713 0.999905 0.0118991 -0.00698214 -0.0120392 0.99972 -0.0203811 0.00673767 0.0204632 0.999768 28.0122 8.4892 1 1 742 0 0 0 
20170507011140 -0.165163 -1.40264 0.929245 0.15537 0.546661 0.822814 0.999569 -0.0161471 -0.0245217 0.0162128 0.999865 0.00248528 0.0244782 -0.00288177 0.999696 -0.165163 -1.40264 0.929245 0.15537 0.546661 0.822814 0.999569 -0.0161471 -0.0245217 0.0162128 0.999865 0.00248528 0.0244782 -0.00288177 0.999696 28.971 8.91038 1 1 742 0 0 0 
20170507011140 1.14893 0.0541057 -0.744781 0.025194 0.616622 0.786856 0.999915 0.0130148 0.000683417 -0.0129985 0.999714 -0.0200618 -0.000944323 0.0200512 0.999799 1.14893 0.0541057 -0.744781 0.025194 0.616622 0.786856 0.999915 0.0130148 0.000683417 -0.0129985 0.999714 -0.0200618 -0.000944323 0.0200512 0.999799 29.9047 9.73267 1 1 742 0 0 0 
20170507011140 1.56416 0.193936 -0.753547 0.0305655 0.627359 0.77813 0.999908 0.013239 0.00302427 -0.0131514 0.99954 -0.0273384 -0.00338481 0.0272961 0.999622 1.56416 0.193936 -0.753547 0.0305655 0.627359 0.77813 0.999908 0.013239 0.00302427 -0.0131514 0.99954 -0.0273384 -0.00338481 0.0272961 0.999622 30.3582 10.3807 1 1 742 0 0 0 
20170507011140 1.00624 0.289998 -0.681439 0.0382014 0.585597 0.809702 0.999916 0.0119801 0.0048514 -0.0118929 0.999774 -0.0176202 -0.0050614 0.017561 0.999833 1.00624 0.289998 -0.681439 0.0382014 0.585597 0.809702 0.999916 0.0119801 0.0048514 -0.0118929 0.999774 -0.0176202 -0.0050614 0.017561 0.999833 30.6878 11.2971 1 1 742 0 0 0 
20170507011140 1.06236 0.424901 -0.612842 0.0423403 0.575727 0.816545 0.999915 0.0108316 0.00721584 -0.0106956 0.999769 -0.0186188 -0.00741585 0.0185401 0.999801 1.06236 0.424901 -0.612842 0.0423403 0.575727 0.816545 0.999915 0.0108316 0.00721584 -0.0106956 0.999769 -0.0186188 -0.00741585 0.0185401 0.999801 31.189 12.1028 1 1 742 0 0 0 
20170507011140 -0.638273 -1.82888 0.751776 0.305577 0.443358 0.842649 0.999405 -0.0127643 -0.0320559 0.0131139 0.999857 0.0107201 0.0319145 -0.0111341 0.999429 -0.638273 -1.82888 0.751776 0.305577 0.443358 0.842649 0.999405 -0.0127643 -0.0320559 0.0131139 0.999857 0.0107201 0.0319145 -0.0111341 0.999429 31.697 12.9378 1 1 742 0 0 0 
20170507011140 1.07998 0.541965 -0.530665 0.0491497 0.559773 0.827187 0.999912 0.00943835 0.00928229 -0.0092613 0.999778 -0.0189348 -0.00945894 0.0188472 0.999778 1.07998 0.541965 -0.530665 0.0491497 0.559773 0.827187 0.999912 0.00943835 0.00928229 -0.0092613 0.999778 -0.0189348 -0.00945894 0.0188472 0.999778 32.1609 13.3168 1 1 742 0 0 0 
20170507011141 1.12203 0.589383 -0.609939 0.0373356 0.568931 0.821537 0.99989 0.0108446 0.0100755 -0.0106447 0.999749 -0.0196903 -0.0102865 0.0195809 0.999755 1.12203 0.589383 -0.609939 0.0373356 0.568931 0.821537 0.99989 0.0108446 0.0100755 -0.0106447 0.999749 -0.0196903 -0.0102865 0.0195809 0.999755 32.6323 13.0477 1 1 742 0 0 0 
20170507011141 0.486295 0.928326 -0.491428 -0.0127757 0.515422 0.856841 0.999832 0.00871413 0.0161277 -0.00857581 0.999926 -0.00862598 -0.0162016 0.00848623 0.999833 0.486295 0.928326 -0.491428 -0.0127757 0.515422 0.856841 0.999832 0.00871413 0.0161277 -0.00857581 0.999926 -0.00862598 -0.0162016 0.00848623 0.999833 32.422 12.7301 1 1 742 0 0 0 
20170507011141 -0.401309 -1.75783 0.989376 0.213505 0.483708 0.848789 0.99938 -0.0170518 -0.0307907 0.0172589 0.99983 0.00647341 0.0306751 -0.00700081 0.999505 -0.401309 -1.75783 0.989376 0.213505 0.483708 0.848789 0.99938 -0.0170518 -0.0307907 0.0172589 0.99983 0.00647341 0.0306751 -0.00700081 0.999505 32.3813 11.9115 1 1 742 0 0 0 
