20170507181723 0.0279955 0.524807 -0.174108 0 0 0 0.999953 0.00304322 0.00915795 -0.00303862 0.999995 -0.000516444 -0.00915948 0.000488593 0.999958 0.0279955 0.524807 -0.174108 0.322798 0.304659 0.896094 0.999953 0.00304322 0.00915795 -0.00303862 0.999995 -0.000516444 -0.00915948 0.000488593 0.999958 3.46849 0.683479 0 1 2339 0 0 0 0.296165 0.00915961 12.1644 0.99 -1.21 2.35622 10.1697 6.24474 0 0.296165 0 12.1644 0.99 -1.21 2.35622 10.1697 6.24474 112.9 
20170507181723 0.0667245 0.60816 0.371808 0 0 0 0.999923 -0.00647687 0.0106215 0.00648887 0.999978 -0.00109566 -0.0106142 0.0011645 0.999943 0.0667245 0.60816 0.371808 -0.215713 0.508976 0.833314 0.999923 -0.00647687 0.0106215 0.00648887 0.999978 -0.00109566 -0.0106142 0.0011645 0.999943 3.67762 1.02853 0 1 2339 0 0 0 0.296165 0.0106144 12.1644 0.99 -1.21 2.35622 10.1697 6.24474 0 0.296165 0 12.1644 0.99 -1.21 2.35622 10.1697 6.24474 112.7 
20170507181723 -0.919398 0.834199 -0.25069 0 0 0 0.999884 0.00414118 0.0146272 -0.00437489 0.999863 0.015982 -0.014559 -0.0160441 0.999765 -0.919398 0.834199 -0.25069 -0.354632 -0.524344 0.774145 0.999884 0.00414118 0.0146272 -0.00437489 0.999863 0.015982 -0.014559 -0.0160441 0.999765 4.20331 1.20077 0 1 2339 0 0 0 0.296165 0.0145595 12.1644 0.99 -1.22 2.29365 10.1697 6.26799 0 0.296165 0 12.1644 0.99 -1.22 2.29365 10.1697 6.26799 112.8 
20170507181724 0.0781973 0.348227 -0.101214 0 0 0 0.99998 0.00177482 0.00607525 -0.00176649 0.999997 -0.00137553 -0.00607768 0.00136477 0.999981 0.0781973 0.348227 -0.101214 0.316891 0.393013 0.863204 0.99998 0.00177482 0.00607525 -0.00176649 0.999997 -0.00137553 -0.00607768 0.00136477 0.999981 4.4752 1.19859 0 1 2339 0 0 0 0.296165 0.00607771 12.1644 0.99 -1.21 2.35622 10.1697 6.24474 0 0.296165 0 12.1644 0.99 -1.21 2.35622 10.1697 6.24474 112.6 
20170507181724 -0.832401 0.927879 -0.108522 0 0 0 0.999867 0.0016586 0.0162196 -0.00189381 0.999893 0.0144969 -0.0161938 -0.0145257 0.999763 -0.832401 0.927879 -0.108522 -0.395316 -0.495637 0.773349 0.999867 0.0016586 0.0162196 -0.00189381 0.999893 0.0144969 -0.0161938 -0.0145257 0.999763 4.24756 1.1374 0 1 2339 0 0 0 0.296165 0.0161945 12.1644 0.99 -1.22 2.29365 10.1697 6.26799 0 0.296165 0 12.1644 0.99 -1.22 2.29365 10.1697 6.26799 112.8 
20170507181724 -0.670314 0.918588 -0.0598469 0 0 0 0.999871 0.0008569 0.0160428 -0.00104439 0.999931 0.0116822 -0.0160317 -0.0116974 0.999803 -0.670314 0.918588 -0.0598469 -0.414673 -0.444147 0.794217 0.999871 0.0008569 0.0160428 -0.00104439 0.999931 0.0116822 -0.0160317 -0.0116974 0.999803 4.20887 1.11595 0 1 2339 0 0 0 0.296165 0.0160324 12.1644 1 -1.22 2.25859 10.236 6.17217 0 0.296165 0 12.1644 1 -1.22 2.25859 10.236 6.17217 112.8 
20170507181724 -0.0394711 0.658246 -0.11079 0 0 0 0.999932 0.00192574 0.0114896 -0.00193353 0.999998 0.000666684 -0.0114883 -0.000688854 0.999934 -0.0394711 0.658246 -0.11079 0.126022 0.403474 0.906271 0.999932 0.00192574 0.0114896 -0.00193353 0.999998 0.000666684 -0.0114883 -0.000688854 0.999934 3.85871 1.0015 0 1 2339 0 0 0 0.296165 0.0114886 12.1644 1 -1.22 2.25859 10.236 6.17217 0 0.296165 0 12.1644 1 -1.22 2.25859 10.236 6.17217 112.8 
20170507181724 0.0666593 0.449936 -0.148475 0 0 0 0.999966 0.0026005 0.00784973 -0.00259129 0.999996 -0.00118377 -0.00785278 0.00116339 0.999968 0.0666593 0.449936 -0.148475 0.176616 0.397684 0.900364 0.999966 0.0026005 0.00784973 -0.00259129 0.999996 -0.00118377 -0.00785278 0.00116339 0.999968 2.51585 0.861828 0 1 2339 0 0 0 0.296165 0.00785286 12.1644 1 -1.22 2.25859 10.236 6.17217 0 0.296165 0 12.1644 1 -1.22 2.25859 10.236 6.17217 112.7 
20170507181724 -0.0220272 0.183778 -0.0020753 0 0 0 0.999995 3.49877e-05 0.00320755 -3.62206e-05 1 0.000384331 -0.00320753 -0.000384445 0.999995 -0.0220272 0.183778 -0.0020753 -0.281557 0.139714 0.949319 0.999995 3.49877e-05 0.00320755 -3.62206e-05 1 0.000384331 -0.00320753 -0.000384445 0.999995 0.92996 0.670165 0 1 2339 0 0 0 0.291457 0.00320754 12.1644 1 -1.22 2.25859 10.236 6.17217 0 0.291457 0 12.1644 1 -1.22 2.25859 10.236 6.17217 112.7 
20170507181725 -0.026235 0.0739839 -0.142113 0 0 0 0.999996 0.00247974 0.00129239 -0.00248033 0.999997 0.000454683 -0.00129126 -0.000457887 0.999999 -0.026235 0.0739839 -0.142113 0.899839 0.272823 -0.340379 0.999996 0.00247974 0.00129239 -0.00248033 0.999997 0.000454683 -0.00129126 -0.000457887 0.999999 1.37631 0.389315 0 1 2339 0 0 0 0.263652 0.00129126 12.1644 0.99 -1.22 2.29365 10.1697 6.26799 0 0.263652 0 12.1644 0.99 -1.22 2.29365 10.1697 6.26799 112.7 
20170507181725 0.244652 -0.358381 -0.147429 0 0 0 0.999977 0.00254639 -0.0062658 -0.00257307 0.999988 -0.00425386 0.00625489 0.00426989 0.999971 0.244652 -0.358381 -0.147429 -0.264083 -0.462655 -0.846293 0.999977 0.00254639 -0.0062658 -0.00257307 0.999988 -0.00425386 0.00625489 0.00426989 0.999971 2.92556 0.640596 0 1 2315 0 0 0 0.263652 -0.00625493 12.1644 0.98 -1.22 2.32849 10.1025 6.36318 0 0.263652 0 12.1644 0.98 -1.22 2.32849 10.1025 6.36318 112.8 
20170507181725 0.843266 -0.381448 -0.135625 0 0 0 0.999975 0.00226887 -0.00669157 -0.00236706 0.999889 -0.0147014 0.00665747 0.0147169 0.99987 0.843266 -0.381448 -0.135625 -0.0422122 0.348694 -0.936286 0.999975 0.00226887 -0.00669157 -0.00236706 0.999889 -0.0147014 0.00665747 0.0147169 0.99987 3.95989 1.2345 0 1 2305 0 0 0 0.263384 -0.00665752 12.1644 0.96 -1.23 2.33181 9.96495 6.57528 0 0.263384 0 12.1644 0.96 -1.23 2.33181 9.96495 6.57528 112.7 
20170507181725 0.44984 -0.384503 -0.40915 0 0 0 0.999952 0.00708804 -0.00676648 -0.00714079 0.999944 -0.00780298 0.0067108 0.00785093 0.999947 0.44984 -0.384503 -0.40915 -0.198842 -0.322666 -0.925391 0.999952 0.00708804 -0.00676648 -0.00714079 0.999944 -0.00780298 0.0067108 0.00785093 0.999947 4.50551 1.92035 0 1 2297 0 0 0 0.263384 -0.00671085 12.1644 0.97 -1.23 2.29839 10.0342 6.48104 0 0.263384 0 12.1644 0.97 -1.23 2.29839 10.0342 6.48104 112.7 
20170507181725 1.26188 -0.326441 -0.461907 0 0 0 0.999951 0.00793429 -0.0058734 -0.00806158 0.999726 -0.0219755 0.00569743 0.0220218 0.999741 1.26188 -0.326441 -0.461907 -0.184333 0.51324 -0.838216 0.999951 0.00793429 -0.0058734 -0.00806158 0.999726 -0.0219755 0.00569743 0.0220218 0.999741 4.81325 1.65294 0 1 2294 0 0 0 0.263652 -0.00569746 12.1644 0.96 -1.23 2.33181 9.96495 6.57528 0 0.263652 0 12.1644 0.96 -1.23 2.33181 9.96495 6.57528 112.6 
20170507181726 0.569375 -0.355017 -0.289187 0 0 0 0.999968 0.00498543 -0.00624595 -0.00504715 0.999938 -0.0099059 0.00619618 0.00993711 0.999931 0.569375 -0.355017 -0.289187 -0.563921 -0.296891 -0.770616 0.999968 0.00498543 -0.00624595 -0.00504715 0.999938 -0.0099059 0.00619618 0.00993711 0.999931 4.90221 1.73768 0 1 2290 0 0 0 0.263652 -0.00619622 12.1644 0.95 -1.24 2.2982 9.89469 6.69219 0 0.263652 0 12.1644 0.95 -1.24 2.2982 9.89469 6.69219 112.6 
20170507181726 0.492018 0.0172696 -0.205194 0 0 0 0.999994 0.00358376 0.000270645 -0.00358131 0.999957 -0.00858825 -0.000301412 0.00858723 0.999963 0.492018 0.0172696 -0.205194 -0.624623 -0.273913 -0.731313 0.999994 0.00358376 0.000270645 -0.00358131 0.999957 -0.00858825 -0.000301412 0.00858723 0.999963 5.007 1.83814 0 1 2290 0 0 0 0.263652 0.000301412 12.1644 0.96 -1.24 2.26594 9.96495 6.59827 0 0.263652 0 12.1644 0.96 -1.24 2.26594 9.96495 6.59827 112.5 
20170507181726 0.192652 0.157607 -0.259026 0 0 0 0.999986 0.00453007 0.00273552 -0.00452083 0.999984 -0.0033748 -0.00275076 0.00336239 0.999991 0.192652 0.157607 -0.259026 -0.656338 -0.547857 -0.518722 0.999986 0.00453007 0.00273552 -0.00452083 0.999984 -0.0033748 -0.00275076 0.00336239 0.999991 5.24673 1.84455 0 1 2290 0 0 0 0.263652 0.00275077 12.1644 0.95 -1.25 2.23116 9.89469 6.71483 0 0.263652 0 12.1644 0.95 -1.25 2.23116 9.89469 6.71483 112.7 
20170507181726 -0.236138 0.548836 -0.49272 0 0 0 0.999917 0.00855994 0.00961385 -0.00859909 0.999955 0.00403885 -0.00957884 -0.00412119 0.999946 -0.236138 0.548836 -0.49272 -0.681148 -0.679744 -0.272003 0.999917 0.00855994 0.00961385 -0.00859909 0.999955 0.00403885 -0.00957884 -0.00412119 0.999946 5.02762 1.71275 0 1 2288 0 0 0 0.263652 0.00957899 12.1644 0.96 -1.25 2.19985 9.96495 6.6206 0 0.263652 0 12.1644 0.96 -1.25 2.19985 9.96495 6.6206 112.6 
20170507181726 -0.329634 0.629454 -0.494282 0 0 0 0.999902 0.00856341 0.0110349 -0.00862623 0.999947 0.00565819 -0.0109858 -0.00575282 0.999923 -0.329634 0.629454 -0.494282 -0.734161 -0.649056 -0.199332 0.999902 0.00856341 0.0110349 -0.00862623 0.999947 0.00565819 -0.0109858 -0.00575282 0.999923 4.30217 1.53098 0 1 2288 0 0 0 0.263652 0.010986 12.1644 0.96 -1.25 2.19985 9.96495 6.6206 0 0.263652 0 12.1644 0.96 -1.25 2.19985 9.96495 6.6206 112.7 
20170507181727 0.470986 -0.298593 -0.232554 0 0 0 0.999978 0.00401585 -0.00524456 -0.00405877 0.999958 -0.00819895 0.00521141 0.00822006 0.999953 0.470986 -0.298593 -0.232554 -0.625387 0.201873 -0.753749 0.999978 0.00401585 -0.00524456 -0.00405877 0.999958 -0.00819895 0.00521141 0.00822006 0.999953 3.93215 1.48627 0 1 2288 0 0 0 0.263652 -0.00521144 12.1644 0.97 -1.24 2.23347 10.0342 6.5037 0 0.263652 0 12.1644 0.97 -1.24 2.23347 10.0342 6.5037 112.4 
20170507181727 0.41875 -0.186109 -0.186997 0 0 0 0.999989 0.00323988 -0.00327196 -0.00326369 0.999968 -0.00729786 0.00324821 0.00730846 0.999968 0.41875 -0.186109 -0.186997 -0.626725 0.280696 -0.726929 0.999989 0.00323988 -0.00327196 -0.00326369 0.999968 -0.00729786 0.00324821 0.00730846 0.999968 3.16408 1.44565 0 1 2288 0 0 0 0.263652 -0.00324822 12.1644 0.96 -1.24 2.26594 9.96495 6.59827 0 0.263652 0 12.1644 0.96 -1.24 2.26594 9.96495 6.59827 112.6 
20170507181727 0.504191 0.560088 -0.423621 0 0 0 0.999925 0.00747925 0.00970953 -0.00739316 0.999933 -0.00887171 -0.00977523 0.00879926 0.999914 0.504191 0.560088 -0.423621 -0.941241 0.0985561 -0.323035 0.999925 0.00747925 0.00970953 -0.00739316 0.999933 -0.00887171 -0.00977523 0.00879926 0.999914 2.87648 1.45862 0 1 2288 0 0 0 0.263384 0.00977539 12.1644 0.96 -1.24 2.26594 9.96495 6.59827 0 0.263384 0 12.1644 0.96 -1.24 2.26594 9.96495 6.59827 112.7 
20170507181727 0.43479 -0.00482593 -0.122934 0 0 0 0.999998 0.0021449 -0.000100508 -0.0021456 0.999969 -0.00758825 8.42284e-05 0.00758845 0.999971 0.43479 -0.00482593 -0.122934 -0.629549 0.269766 -0.728625 0.999998 0.0021449 -0.000100508 -0.0021456 0.999969 -0.00758825 8.42284e-05 0.00758845 0.999971 3.02036 1.53282 0 1 2288 0 0 0 0.263652 -8.42284e-05 12.1644 0.98 -1.25 2.13657 10.1025 6.43016 0 0.263652 0 12.1644 0.98 -1.25 2.13657 10.1025 6.43016 112.6 
20170507181727 -0.19766 0.781121 -0.40148 0 0 0 0.999883 0.00696001 0.0136565 -0.00700643 0.99997 0.0033542 -0.0136327 -0.00344949 0.999901 -0.19766 0.781121 -0.40148 -0.790001 -0.569374 -0.227403 0.999883 0.00696001 0.0136565 -0.00700643 0.99997 0.0033542 -0.0136327 -0.00344949 0.999901 3.47799 1.76094 0 1 2288 0 0 0 0.263384 0.0136331 12.1644 0.98 -1.25 2.13657 10.1025 6.43016 0 0.263384 0 12.1644 0.98 -1.25 2.13657 10.1025 6.43016 112.6 
20170507181727 -0.256144 0.698419 -0.395846 0 0 0 0.999902 0.0068542 0.0122199 -0.00690824 0.999967 0.00438622 -0.0121894 -0.00447021 0.999916 -0.256144 0.698419 -0.395846 -0.754103 -0.604317 -0.257156 0.999902 0.0068542 0.0122199 -0.00690824 0.999967 0.00438622 -0.0121894 -0.00447021 0.999916 3.79091 1.87235 0 1 2288 0 0 0 0.263384 0.0121897 12.1644 0.97 -1.25 2.16832 10.0342 6.52571 0 0.263384 0 12.1644 0.97 -1.25 2.16832 10.0342 6.52571 112.5 
20170507181728 -0.0438106 1.08871 -0.472359 0 0 0 0.999785 0.00822959 0.019006 -0.00824263 0.999966 0.000607972 -0.0190004 -0.000764502 0.999819 -0.0438106 1.08871 -0.472359 -0.935394 -0.340786 -0.0943529 0.999785 0.00822959 0.019006 -0.00824263 0.999966 0.000607972 -0.0190004 -0.000764502 0.999819 3.87855 1.9853 0 1 2288 0 0 0 0.263384 0.0190015 12.1644 0.97 -1.25 2.16832 10.0342 6.52571 0 0.263384 0 12.1644 0.97 -1.25 2.16832 10.0342 6.52571 112.6 
20170507181728 0.261872 0.406925 -0.146858 0 0 0 0.999971 0.00259558 0.00709031 -0.00256308 0.999986 -0.0045887 -0.00710212 0.0045704 0.999964 0.261872 0.406925 -0.146858 -0.794293 -0.506739 -0.335133 0.999971 0.00259558 0.00709031 -0.00256308 0.999986 -0.0045887 -0.00710212 0.0045704 0.999964 4.23309 2.09055 0 1 2287 0 0 0 0.263384 0.00710218 12.1644 0.96 -1.25 2.19985 9.96495 6.6206 0 0.263384 0 12.1644 0.96 -1.25 2.19985 9.96495 6.6206 112.7 
20170507181728 0.532702 0.205678 0.0257788 0 0 0 0.999993 -0.000416531 0.00359378 0.000449922 0.999957 -0.00929565 -0.00358975 0.00929721 0.99995 0.532702 0.205678 0.0257788 -0.698047 -0.324708 -0.638197 0.999993 -0.000416531 0.00359378 0.000449922 0.999957 -0.00929565 -0.00358975 0.00929721 0.99995 4.56428 2.21404 0 1 2285 0 0 0 0.263384 0.00358976 12.1644 0.96 -1.25 2.19985 9.96495 6.6206 0 0.263384 0 12.1644 0.96 -1.25 2.19985 9.96495 6.6206 112.7 
20170507181728 -0.307424 0.453768 -0.452818 0 0 0 0.999937 0.00786048 0.0079617 -0.00790284 0.999955 0.00530277 -0.00791966 -0.00536536 0.999954 -0.307424 0.453768 -0.452818 -0.589047 -0.790698 -0.166796 0.999937 0.00786048 0.0079617 -0.00790284 0.999955 0.00530277 -0.00791966 -0.00536536 0.999954 5.04453 2.34309 0 1 2281 0 0 0 0.263384 0.00791974 12.1644 0.94 -1.25 2.26225 9.82344 6.8084 0 0.263384 0 12.1644 0.94 -1.25 2.26225 9.82344 6.8084 112.8 
20170507181728 -0.0912837 0.199509 -0.236273 0 0 0 0.999985 0.00411818 0.00348861 -0.00412371 0.99999 0.00157883 -0.00348208 -0.00159319 0.999993 -0.0912837 0.199509 -0.236273 -0.475603 -0.812639 -0.336778 0.999985 0.00411818 0.00348861 -0.00412371 0.99999 0.00157883 -0.00348208 -0.00159319 0.999993 5.69791 2.45424 0 1 2279 0 0 0 0.263384 0.00348209 12.1644 0.95 -1.25 2.23116 9.89469 6.71483 0 0.263384 0 12.1644 0.95 -1.25 2.23116 9.89469 6.71483 112.5 
20170507181729 0.0781348 -0.0541076 -0.0344632 0 0 0 0.999999 0.000600208 -0.000945175 -0.000601496 0.999999 -0.00136314 0.000944355 0.00136371 0.999999 0.0781348 -0.0541076 -0.0344632 -0.258898 -0.837593 -0.481051 0.999999 0.000600208 -0.000945175 -0.000601496 0.999999 -0.00136314 0.000944355 0.00136371 0.999999 6.19958 2.58414 0 1 2278 0 0 0 0.263652 -0.000944356 12.1644 0.95 -1.25 2.23116 9.89469 6.71483 0 0.263652 0 12.1644 0.95 -1.25 2.23116 9.89469 6.71483 112.6 
20170507181729 -0.37547 0.0177251 -0.072978 0 0 0 0.999999 0.00127165 0.000317701 -0.00127371 0.999978 0.00655275 -0.000309361 -0.00655315 0.999978 -0.37547 0.0177251 -0.072978 -0.201262 -0.941537 -0.27019 0.999999 0.00127165 0.000317701 -0.00127371 0.999978 0.00655275 -0.000309361 -0.00655315 0.999978 6.26401 2.68847 0 1 2277 0 0 0 0.263652 0.000309361 12.1644 0.94 -1.25 2.26225 9.82344 6.8084 0 0.263652 0 12.1644 0.94 -1.25 2.26225 9.82344 6.8084 112.7 
20170507181729 -0.249907 0.0106757 -0.145736 0 0 0 0.999997 0.00254274 0.000197417 -0.00254358 0.999987 0.00436121 -0.000186325 -0.00436169 0.99999 -0.249907 0.0106757 -0.145736 -0.211352 -0.932128 -0.294054 0.999997 0.00254274 0.000197417 -0.00254358 0.999987 0.00436121 -0.000186325 -0.00436169 0.99999 6.53783 2.67747 0 1 2277 0 0 0 0.263652 0.000186325 12.1644 0.94 -1.25 2.26225 9.82344 6.8084 0 0.263652 0 12.1644 0.94 -1.25 2.26225 9.82344 6.8084 112.6 
20170507181729 -0.0192604 0.185929 -0.356107 0 0 0 0.999975 0.00621412 0.00324709 -0.00621518 0.999981 0.000315982 -0.00324506 -0.000336155 0.999995 -0.0192604 0.185929 -0.356107 -0.401454 -0.861646 -0.310485 0.999975 0.00621412 0.00324709 -0.00621518 0.999981 0.000315982 -0.00324506 -0.000336155 0.999995 6.23117 2.55979 0 1 2275 0 0 0 0.263652 0.00324507 12.1644 0.96 -1.25 2.19985 9.96495 6.6206 0 0.263652 0 12.1644 0.96 -1.25 2.19985 9.96495 6.6206 112.5 
20170507181729 -0.0894089 0.172066 -0.333102 0 0 0 0.999979 0.00580901 0.00301213 -0.00581368 0.999982 0.00154299 -0.00300312 -0.00156047 0.999994 -0.0894089 0.172066 -0.333102 -0.350997 -0.894086 -0.278228 0.999979 0.00580901 0.00301213 -0.00581368 0.999982 0.00154299 -0.00300312 -0.00156047 0.999994 5.86453 2.38711 0 1 2275 0 0 0 0.263652 0.00300312 12.1644 0.94 -1.24 2.33022 9.82344 6.78543 0 0.263652 0 12.1644 0.94 -1.24 2.33022 9.82344 6.78543 112.6 
20170507181729 0.127511 -0.0429538 -0.103207 0 0 0 0.999998 0.00179962 -0.000753691 -0.0018013 0.999996 -0.00222414 0.000749685 0.00222549 0.999997 0.127511 -0.0429538 -0.103207 -0.162471 -0.879177 -0.447941 0.999998 0.00179962 -0.000753691 -0.0018013 0.999996 -0.00222414 0.000749685 0.00222549 0.999997 5.54588 2.2167 0 1 2275 0 0 0 0.263384 -0.000749685 12.1644 0.95 -1.24 2.2982 9.89469 6.69219 0 0.263384 0 12.1644 0.95 -1.24 2.2982 9.89469 6.69219 112.5 
20170507181730 0.143845 -0.0699141 -0.314619 0 0 0 0.999984 0.00548803 -0.001234 -0.00549111 0.999982 -0.00250382 0.00122023 0.00251056 0.999996 0.143845 -0.0699141 -0.314619 -0.383749 -0.870488 -0.308199 0.999984 0.00548803 -0.001234 -0.00549111 0.999982 -0.00250382 0.00122023 0.00251056 0.999996 5.3447 1.8634 0 1 2275 0 0 0 0.263652 -0.00122023 12.1644 0.95 -1.24 2.2982 9.89469 6.69219 0 0.263652 0 12.1644 0.95 -1.24 2.2982 9.89469 6.69219 112.8 
20170507181730 0.878747 -0.653935 -0.271666 0 0 0 0.999924 0.00456586 -0.0114843 -0.00474114 0.999872 -0.0152821 0.0114131 0.0153354 0.999817 0.878747 -0.653935 -0.271666 -0.413137 -0.125866 0.901929 0.999924 0.00456586 -0.0114843 -0.00474114 0.999872 -0.0152821 0.0114131 0.0153354 0.999817 5.48929 1.70244 0 1 2275 0 0 0 0.263652 -0.0114133 12.1644 0.96 -1.24 2.26594 9.96495 6.59827 0 0.263652 0 12.1644 0.96 -1.24 2.26594 9.96495 6.59827 112.5 
20170507181730 -0.83943 -0.226284 -0.199827 0 0 0 0.999986 0.00354511 -0.00389785 -0.0034876 0.999886 0.014664 0.00394939 -0.0146502 0.999885 -0.83943 -0.226284 -0.199827 -0.227137 -0.973675 0.0191022 0.999986 0.00354511 -0.00389785 -0.0034876 0.999886 0.014664 0.00394939 -0.0146502 0.999885 5.32396 1.6196 0 1 2275 0 0 0 0.263652 -0.0039494 12.1644 0.97 -1.24 2.23347 10.0342 6.5037 0 0.263652 0 12.1644 0.97 -1.24 2.23347 10.0342 6.5037 112.6 
20170507181730 0.619065 -0.879562 -0.34935 0 0 0 0.999864 0.00593106 -0.0154154 -0.00609655 0.999924 -0.0107107 0.0153507 0.0108032 0.999824 0.619065 -0.879562 -0.34935 0.550272 0.0415378 -0.833952 0.999864 0.00593106 -0.0154154 -0.00609655 0.999924 -0.0107107 0.0153507 0.0108032 0.999824 5.76667 1.57199 0 1 2274 0 0 0 0.263652 -0.0153513 12.1644 0.98 -1.25 2.13657 10.1025 6.43016 0 0.263652 0 12.1644 0.98 -1.25 2.13657 10.1025 6.43016 112.5 
20170507181730 0.677489 -1.01675 -0.30951 0 0 0 0.999828 0.00519175 -0.017807 -0.00540109 0.999917 -0.0117281 0.0177446 0.0118223 0.999773 0.677489 -1.01675 -0.30951 -0.497239 -0.0319401 0.867026 0.999828 0.00519175 -0.017807 -0.00540109 0.999917 -0.0117281 0.0177446 0.0118223 0.999773 6.60603 1.53004 0 1 2274 0 0 0 0.263652 -0.0177456 12.1644 0.96 -1.24 2.26594 9.96495 6.59827 0 0.263652 0 12.1644 0.96 -1.24 2.26594 9.96495 6.59827 112.7 
20170507181731 0.705915 -1.2875 -0.163118 0 0 0 0.999743 0.00256991 -0.0225025 -0.00284623 0.999921 -0.0122562 0.0224692 0.0123171 0.999672 0.705915 -1.2875 -0.163118 -0.433159 -0.0118542 0.90124 0.999743 0.00256991 -0.0225025 -0.00284623 0.999921 -0.0122562 0.0224692 0.0123171 0.999672 7.83453 1.56387 0 1 2274 0 0 0 0.25948 -0.0224711 12.1644 0.96 -1.25 2.19985 9.96495 6.6206 0 0.25948 0 12.1644 0.96 -1.25 2.19985 9.96495 6.6206 112.4 
20170507181731 0.673982 -1.37433 -0.00346873 0 0 0 0.999712 -0.000221588 -0.0239833 -6.05233e-05 0.999931 -0.0117615 0.0239842 0.0117595 0.999643 0.673982 -1.37433 -0.00346873 -0.412324 0.0185161 0.910849 0.999712 -0.000221588 -0.0239833 -6.05233e-05 0.999931 -0.0117615 0.0239842 0.0117595 0.999643 8.38922 1.63515 0 1 2274 0 0 0 0.25948 -0.0239865 12.1644 0.94 -1.25 2.26225 9.82344 6.8084 0 0.25948 0 12.1644 0.94 -1.25 2.26225 9.82344 6.8084 112.4 
20170507181731 0.435234 -1.33028 -0.453093 0 0 0 0.999699 0.00773131 -0.0232743 -0.00790575 0.999941 -0.00741237 0.0232156 0.00759414 0.999702 0.435234 -1.33028 -0.453093 0.394937 0.214976 0.893202 0.999699 0.00773131 -0.0232743 -0.00790575 0.999941 -0.00741237 0.0232156 0.00759414 0.999702 8.53575 1.62366 0 1 2274 0 0 0 0.25948 -0.0232177 12.1644 0.96 -1.25 2.19985 9.96495 6.6206 0 0.25948 0 12.1644 0.96 -1.25 2.19985 9.96495 6.6206 112.6 
20170507181731 0.482052 -1.36975 -0.151769 0 0 0 0.999711 0.00244765 -0.0239257 -0.0026481 0.999962 -0.00834994 0.0239043 0.00841088 0.999679 0.482052 -1.36975 -0.151769 -0.8023 0.238462 -0.547221 0.999711 0.00244765 -0.0239257 -0.0026481 0.999962 -0.00834994 0.0239043 0.00841088 0.999679 8.65839 1.63731 0 1 2274 0 0 0 0.231339 -0.0239066 12.1644 0.96 -1.25 2.19985 9.96495 6.6206 0 0.231339 0 12.1644 0.96 -1.25 2.19985 9.96495 6.6206 112.4 
20170507181731 0.415279 -1.52848 -0.528889 0 0 0 0.999602 0.00903717 -0.0267389 -0.00922745 0.999933 -0.0070014 0.0266738 0.00724534 0.999618 0.415279 -1.52848 -0.528889 0.0481617 0.0984698 0.993974 0.999602 0.00903717 -0.0267389 -0.00922745 0.999933 -0.0070014 0.0266738 0.00724534 0.999618 8.48273 1.71265 0 1 2274 0 0 0 0.231339 -0.026677 12.1644 0.97 -1.24 2.23347 10.0342 6.5037 0 0.231339 0 12.1644 0.97 -1.24 2.23347 10.0342 6.5037 112.7 
20170507181731 0.284702 -1.38896 -0.33603 0 0 0 0.999689 0.00574427 -0.0242679 -0.00586307 0.999971 -0.00482673 0.0242395 0.00496751 0.999694 0.284702 -1.38896 -0.33603 0.0826587 0.116945 0.989693 0.999689 0.00574427 -0.0242679 -0.00586307 0.999971 -0.00482673 0.0242395 0.00496751 0.999694 8.51176 1.71098 0 1 2274 0 0 0 0.231339 -0.0242419 12.1644 0.98 -1.25 2.13657 10.1025 6.43016 0 0.231339 0 12.1644 0.98 -1.25 2.13657 10.1025 6.43016 112.5 
20170507181732 0.0943139 -1.37195 -0.315064 0 0 0 0.999698 0.00545945 -0.0239514 -0.0054973 0.999984 -0.0015144 0.0239427 0.00164562 0.999712 0.0943139 -1.37195 -0.315064 -0.305326 -0.285091 0.90857 0.999698 0.00545945 -0.0239514 -0.0054973 0.999984 -0.0015144 0.0239427 0.00164562 0.999712 8.7716 1.72567 0 1 2274 0 0 0 0.231339 -0.023945 12.1644 0.96 -1.24 2.26594 9.96495 6.59827 0 0.231339 0 12.1644 0.96 -1.24 2.26594 9.96495 6.59827 112.5 
20170507181732 0.0822111 -1.41089 -0.257941 0 0 0 0.999687 0.00446658 -0.0246283 -0.00450055 0.999989 -0.00132399 0.0246221 0.00143442 0.999696 0.0822111 -1.41089 -0.257941 -0.184333 -0.191543 0.964019 0.999687 0.00446658 -0.0246283 -0.00450055 0.999989 -0.00132399 0.0246221 0.00143442 0.999696 9.34181 1.79172 0 1 2274 0 0 0 0.231339 -0.0246246 12.1644 0.98 -1.23 2.26474 10.1025 6.38614 0 0.231339 0 12.1644 0.98 -1.23 2.26474 10.1025 6.38614 112.5 
20170507181732 0.0891204 -1.4008 0.0292354 0 0 0 0.999701 -0.000548278 -0.0244453 0.000510101 0.999999 -0.00156792 0.0244462 0.00155498 0.9997 0.0891204 -1.4008 0.0292354 -0.171614 -0.142565 0.974794 0.999701 -0.000548278 -0.0244453 0.000510101 0.999999 -0.00156792 0.0244462 0.00155498 0.9997 10.5002 1.97798 0 1 2274 0 0 0 0.227699 -0.0244486 12.1644 0.98 -1.23 2.26474 10.1025 6.38614 0 0.227699 0 12.1644 0.98 -1.23 2.26474 10.1025 6.38614 112.5 
20170507181732 0.0278679 -3.13735 -0.102164 0 0 0 0.9985 0.00175648 -0.0547304 -0.00178043 0.999998 -0.000388798 0.0547297 0.000485658 0.998501 0.0278679 -3.13735 -0.102164 -0.944148 -0.109315 -0.310863 0.9985 0.00175648 -0.0547304 -0.00178043 0.999998 -0.000388798 0.0547297 0.000485658 0.998501 11.5334 2.16182 0 1 2272 0 0 0 0.227699 -0.054757 12.1644 0.98 -1.22 2.32849 10.1025 6.36318 0 0.227699 0 12.1644 0.98 -1.22 2.32849 10.1025 6.36318 112.6 
20170507181732 -0.131746 -3.27315 -0.0746914 0 0 0 0.998368 0.00143489 -0.057093 -0.00130148 0.999996 0.00237382 0.0570962 -0.00229564 0.998366 -0.131746 -3.27315 -0.0746914 -0.958804 -0.0741667 -0.274216 0.998368 0.00143489 -0.057093 -0.00130148 0.999996 0.00237382 0.0570962 -0.00229564 0.998366 11.6834 2.14827 0 1 2272 0 0 0 0.227699 -0.0571273 12.1644 0.97 -1.22 2.36308 10.0342 6.45773 0 0.227699 0 12.1644 0.97 -1.22 2.36308 10.0342 6.45773 112.5 
20170507181732 -0.0696989 -2.71161 -0.261047 0 0 0 0.99887 0.00461367 -0.0473028 -0.00455102 0.999989 0.00143201 0.0473088 -0.00121511 0.99888 -0.0696989 -2.71161 -0.261047 -0.989902 -0.107117 -0.0928472 0.99887 0.00461367 -0.0473028 -0.00455102 0.999989 0.00143201 0.0473088 -0.00121511 0.99888 11.1465 2.01116 0 1 2272 0 0 0 0.227699 -0.0473265 12.1644 0.97 -1.22 2.36308 10.0342 6.45773 0 0.227699 0 12.1644 0.97 -1.22 2.36308 10.0342 6.45773 112.6 
20170507181733 -0.224523 -2.79675 -0.279841 0 0 0 0.998797 0.00507529 -0.048773 -0.00487831 0.999979 0.00415691 0.0487931 -0.00391398 0.998801 -0.224523 -2.79675 -0.279841 -0.984314 -0.0675756 -0.16297 0.998797 0.00507529 -0.048773 -0.00487831 0.999979 0.00415691 0.0487931 -0.00391398 0.998801 10.8745 2.05716 0 1 2272 0 0 0 0.227699 -0.0488125 12.1644 0.96 -1.21 2.46284 9.96495 6.52734 0 0.227699 0 12.1644 0.96 -1.21 2.46284 9.96495 6.52734 112.4 
20170507181733 -0.321019 -2.23938 -0.411482 0 0 0 0.999211 0.00740046 -0.0390327 -0.00717617 0.999957 0.00588328 0.0390745 -0.00559853 0.999221 -0.321019 -2.23938 -0.411482 0.981317 0.179126 -0.0702255 0.999211 0.00740046 -0.0390327 -0.00717617 0.999957 0.00588328 0.0390745 -0.00559853 0.999221 10.1077 1.8335 0 1 2272 0 0 0 0.227699 -0.0390845 12.1644 0.96 -1.21 2.46284 9.96495 6.52734 0 0.227699 0 12.1644 0.96 -1.21 2.46284 9.96495 6.52734 112.4 
20170507181733 -0.277366 -1.82272 -0.374994 0 0 0 0.999473 0.00669873 -0.0317744 -0.00654152 0.999966 0.00504899 0.0318072 -0.00483848 0.999482 -0.277366 -1.82272 -0.374994 0.833851 0.498211 -0.237652 0.999473 0.00669873 -0.0317744 -0.00654152 0.999966 0.00504899 0.0318072 -0.00483848 0.999482 9.43116 1.81331 0 1 2272 0 0 0 0.231339 -0.0318125 12.1644 0.95 -1.21 2.4979 9.89469 6.62024 0 0.231339 0 12.1644 0.95 -1.21 2.4979 9.89469 6.62024 112.6 
20170507181733 0.951283 -1.5426 0.209358 0 0 0 0.999631 -0.0041004 -0.0268556 0.00365265 0.999854 -0.0167005 0.0269202 0.0165962 0.9995 0.951283 -1.5426 0.209358 0.333746 0.873008 -0.355628 0.999631 -0.0041004 -0.0268556 0.00365265 0.999854 -0.0167005 0.0269202 0.0165962 0.9995 9.13224 1.71844 0 1 2272 0 0 0 0.231339 -0.0269234 12.1644 0.95 -1.21 2.4979 9.89469 6.62024 0 0.231339 0 12.1644 0.95 -1.21 2.4979 9.89469 6.62024 112.5 
20170507181733 0.783576 -1.54669 0.132444 0 0 0 0.999633 -0.00268048 -0.0269573 0.00231073 0.999903 -0.0137379 0.0269915 0.0136706 0.999542 0.783576 -1.54669 0.132444 0.34939 0.891794 -0.287456 0.999633 -0.00268048 -0.0269573 0.00231073 0.999903 -0.0137379 0.0269915 0.0136706 0.999542 9.26833 1.95196 0 1 2272 0 0 0 0.231339 -0.0269948 12.1644 0.96 -1.21 2.46284 9.96495 6.52734 0 0.231339 0 12.1644 0.96 -1.21 2.46284 9.96495 6.52734 112.4 
20170507181734 0.952535 -1.54127 0.317404 0 0 0 0.999623 -0.00598608 -0.0268008 0.00553771 0.999844 -0.0167728 0.026897 0.0166181 0.9995 0.952535 -1.54127 0.317404 0.308068 0.905612 -0.291482 0.999623 -0.00598608 -0.0268008 0.00553771 0.999844 -0.0167728 0.026897 0.0166181 0.9995 10.36 2.45639 0 1 2272 0 0 0 0.231339 -0.0269003 12.1644 0.95 -1.22 2.43157 9.89469 6.64489 0 0.231339 0 12.1644 0.95 -1.22 2.43157 9.89469 6.64489 112.5 
20170507181734 1.16916 -1.69321 0.238481 0 0 0 0.999555 -0.00476429 -0.0294564 0.00416045 0.999781 -0.0205271 0.0295477 0.0203954 0.999355 1.16916 -1.69321 0.238481 0.252639 0.946177 -0.202295 0.999555 -0.00476429 -0.0294564 0.00416045 0.999781 -0.0205271 0.0295477 0.0203954 0.999355 11.684 2.5833 0 1 2271 0 0 0 0.231339 -0.029552 12.1644 0.96 -1.22 2.39745 9.96495 6.55164 0 0.231339 0 12.1644 0.96 -1.22 2.39745 9.96495 6.55164 112.6 
20170507181734 -0.250013 -1.20142 -0.163224 0 0 0 0.999776 0.00294026 -0.0209545 -0.00284817 0.999986 0.00442325 0.0209672 -0.00436258 0.999771 -0.250013 -1.20142 -0.163224 0.134888 -0.980746 -0.141217 0.999776 0.00294026 -0.0209545 -0.00284817 0.999986 0.00442325 0.0209672 -0.00436258 0.999771 13.0868 2.69982 0 1 2271 0 0 0 0.231339 -0.0209688 12.1644 0.95 -1.22 2.43157 9.89469 6.64489 0 0.231339 0 12.1644 0.95 -1.22 2.43157 9.89469 6.64489 112.6 
20170507181734 1.71197 -1.67362 0.513013 0 0 0 0.999533 -0.00982214 -0.0289243 0.00894982 0.999506 -0.0301353 0.029206 0.0298624 0.999127 1.71197 -1.67362 0.513013 0.148055 0.976097 -0.159107 0.999533 -0.00982214 -0.0289243 0.00894982 0.999506 -0.0301353 0.029206 0.0298624 0.999127 14.3962 3.08784 0 1 2271 0 0 0 0.231577 -0.0292101 12.1644 0.95 -1.24 2.2982 9.89469 6.69219 0 0.231577 0 12.1644 0.95 -1.24 2.2982 9.89469 6.69219 112.6 
20170507181734 -0.432828 -1.34589 0.226963 0 0 0 0.999716 -0.00378369 -0.0235172 0.00396015 0.999964 0.0074611 0.0234881 -0.00755211 0.999696 -0.432828 -1.34589 0.226963 -0.019488 -0.986097 -0.165024 0.999716 -0.00378369 -0.0235172 0.00396015 0.999964 0.0074611 0.0234881 -0.00755211 0.999696 15.3008 3.47085 0 1 2271 0 0 0 0.231339 -0.0234903 12.1644 0.96 -1.24 2.26594 9.96495 6.59827 0 0.231339 0 12.1644 0.96 -1.24 2.26594 9.96495 6.59827 112.5 
20170507181734 -0.737942 -1.28576 -0.552296 0 0 0 0.999702 0.00992742 -0.0223119 -0.00963681 0.999868 0.0130948 0.0224389 -0.0128759 0.999665 -0.737942 -1.28576 -0.552296 0.184493 -0.939427 -0.288858 0.999702 0.00992742 -0.0223119 -0.00963681 0.999868 0.0130948 0.0224389 -0.0128759 0.999665 16.606 4.03083 0 1 2270 0 0 0 0.231339 -0.0224408 12.1644 0.98 -1.25 2.13657 10.1025 6.43016 0 0.231339 0 12.1644 0.98 -1.25 2.13657 10.1025 6.43016 112.6 
20170507181735 2.49115 -0.168982 0.473076 0 0 0 0.999962 -0.00837702 -0.00258753 0.0082566 0.99902 -0.043488 0.00294929 0.0434649 0.999051 2.49115 -0.168982 0.473076 -0.220897 0.970894 -0.0925683 0.999962 -0.00837702 -0.00258753 0.0082566 0.99902 -0.043488 0.00294929 0.0434649 0.999051 17.6087 4.45673 0 1 2267 0 0 0 0.231339 -0.00294929 12.1644 0.97 -1.27 2.03738 10.0342 6.56776 0 0.231339 0 12.1644 0.97 -1.27 2.03738 10.0342 6.56776 112.5 
20170507181735 -1.33918 -0.971871 0.133821 0 0 0 0.999853 -0.00193858 -0.0170114 0.00233528 0.999725 0.0233313 0.0169615 -0.0233676 0.999583 -1.33918 -0.971871 0.133821 0.124963 -0.929573 -0.346812 0.999853 -0.00193858 -0.0170114 0.00233528 0.999725 0.0233313 0.0169615 -0.0233676 0.999583 18.2261 4.77994 0 1 2266 0 0 0 0.25948 -0.0169623 12.1644 0.97 -1.28 1.9716 10.0342 6.58781 0 0.25948 0 12.1644 0.97 -1.28 1.9716 10.0342 6.58781 112.5 
20170507181735 -0.0678658 -0.281234 -0.0916625 0 0 0 0.999987 0.00160562 -0.00490654 -0.00159979 0.999998 0.00119233 0.00490844 -0.00118447 0.999987 -0.0678658 -0.281234 -0.0916625 0.25664 -0.958957 -0.120571 0.999987 0.00160562 -0.00490654 -0.00159979 0.999998 0.00119233 0.00490844 -0.00118447 0.999987 19.2104 6.52765 0 1 2263 0 0 0 0.263652 -0.00490846 12.1644 0.98 -1.28 1.94273 10.1025 6.49135 0 0.263652 0 12.1644 0.98 -1.28 1.94273 10.1025 6.49135 112.6 
20170507181735 -1.03155 -0.171052 0.444604 0 0 0 0.999965 -0.00770472 -0.00312455 0.00775969 0.999808 0.0179793 0.00298542 -0.0180029 0.999833 -1.03155 -0.171052 0.444604 -0.199118 0.936779 0.287744 0.999965 -0.00770472 -0.00312455 0.00775969 0.999808 0.0179793 0.00298542 -0.0180029 0.999833 19.9785 7.40604 0 1 2258 0 0 0 0.263384 -0.00298543 12.1644 0.99 -1.29 1.84963 10.1697 6.41306 0 0.263384 0 12.1644 0.99 -1.29 1.84963 10.1697 6.41306 112.6 
20170507181735 -0.859658 0.100969 1.37589 -0.0999409 0.970645 0.218768 0.99971 -0.0240353 0.00140129 0.0240115 0.999599 0.0150413 -0.00176225 -0.0150033 0.999886 -0.859658 0.100969 1.37589 -0.0999409 0.970645 0.218768 0.99971 -0.0240353 0.00140129 0.0240115 0.999599 0.0150413 -0.00176225 -0.0150033 0.999886 20.9959 8.3939 1 1 2252 0 0 0 0.266053 0.00176225 12.1644 0.99 -1.3 1.78541 10.1697 6.43124 0 0.266053 0 8.93387 0.0518796 -1.18892 3.32485 0.463277 8.27917 112.7 
20170507181736 -0.661125 -0.00789559 0.388652 -0.0968767 0.9737 0.206211 0.999977 -0.00678117 -0.00021606 0.00678321 0.99991 0.0115374 0.000137804 -0.0115386 0.999933 -0.661125 -0.00789559 0.388652 -0.0968767 0.9737 0.206211 0.999977 -0.00678117 -0.00021606 0.00678321 0.99991 0.0115374 0.000137804 -0.0115386 0.999933 22.046 9.15664 1 1 2244 0 0 0 0.266379 -0.000137804 12.1644 0.98 -1.31 1.74715 10.1025 6.5467 0 0.266379 0 8.89425 0.0411032 -1.19947 3.22458 0.365479 8.28107 112.7 
20170507181736 1.48487 1.61312 -0.610372 0.435749 -0.900035 0.0077374 0.999547 0.0113786 0.0278634 -0.0106486 0.9996 -0.0262113 -0.0281505 0.0259027 0.999268 1.48487 1.61312 -0.610372 0.435749 -0.900035 0.0077374 0.999547 0.0113786 0.0278634 -0.0106486 0.9996 -0.0262113 -0.0281505 0.0259027 0.999268 22.893 9.98278 1 1 2242 0 0 0 0.266379 0.0281543 12.1644 0.99 -1.31 1.72101 10.1697 6.44877 0 0.266379 0 20.794 1.17296 -1.88143 -2.46243 19.1701 7.67048 112.7 
20170507181736 1.30836 1.3706 -0.633151 0.439144 -0.898408 -0.00380807 0.999653 0.0115936 0.0236593 -0.0110472 0.999672 -0.023096 -0.0239193 0.0228266 0.999453 1.30836 1.3706 -0.633151 0.439144 -0.898408 -0.00380807 0.999653 0.0115936 0.0236593 -0.0110472 0.999672 -0.023096 -0.0239193 0.0228266 0.999453 22.9295 10.1564 1 1 2242 0 0 0 0.266379 0.0239216 12.1644 0.98 -1.32 1.68159 10.1025 6.56385 0 0.266379 0 20.7342 1.16945 -1.89301 -2.56499 19.0866 7.68311 112.6 
20170507181736 -0.134963 0.0818458 -0.0327638 -0.339434 0.926208 0.164081 0.999999 0.00056847 0.00142982 -0.000571836 0.999997 0.00235473 -0.00142848 -0.00235555 0.999996 -0.134963 0.0818458 -0.0327638 -0.339434 0.926208 0.164081 0.999999 0.00056847 0.00142982 -0.000571836 0.999997 0.00235473 -0.00142848 -0.00235555 0.999996 22.7785 9.50584 1 1 2242 0 0 0 0.266379 0.00142848 12.1644 1.01 -1.32 1.60563 10.3012 6.26735 0 0.266379 0 8.81451 0.118159 -0.918648 5.31219 1.03909 6.95676 112.7 
20170507181736 -1.08519 -0.751416 0.360225 -0.216568 0.952464 0.214268 0.999894 -0.00603758 -0.0132308 0.00628654 0.999802 0.0188561 0.0131143 -0.0189373 0.999735 -1.08519 -0.751416 0.360225 -0.216568 0.952464 0.214268 0.999894 -0.00603758 -0.0132308 0.00628654 0.999802 0.0188561 0.0131143 -0.0189373 0.999735 23.7187 8.19792 1 1 2240 0 0 0 0.262158 -0.0131147 12.1644 1.02 -1.33 1.51824 10.3654 6.18274 0 0.262158 0 8.78672 0.0958274 -1.07444 4.16524 0.84072 7.69093 112.8 
20170507181737 0.817706 0.616078 -0.713591 -0.517087 0.851317 -0.0887743 0.999865 0.0126064 0.0105727 -0.0124535 0.999819 -0.014404 -0.0107524 0.0142703 0.99984 0.817706 0.616078 -0.713591 -0.517087 0.851317 -0.0887743 0.999865 0.0126064 0.0105727 -0.0124535 0.999819 -0.014404 -0.0107524 0.0142703 0.99984 23.8468 7.23318 1 1 2239 0 0 0 0.262158 0.0107526 12.0962 0.93 -1.33 1.72455 9.69657 7.02289 0 0.262158 0 8.17236 0.145317 -0.639431 6.48867 1.18341 4.82537 112.8 
20170507181737 -2.13965 -1.51252 0.88116 0.0500308 -0.980818 -0.188394 0.999533 -0.0143825 -0.026948 0.0153732 0.9992 0.0369252 0.0263954 -0.0373222 0.998955 -2.13965 -1.51252 0.88116 0.0500308 -0.980818 -0.188394 0.999533 -0.0143825 -0.026948 0.0153732 0.9992 0.0369252 0.0263954 -0.0373222 0.998955 22.3645 4.79411 1 1 2239 0 0 0 0.234031 -0.0263984 12.0962 0.92 -1.33 1.74759 9.62378 7.11671 0 0.234031 0 20.1852 1.29675 -1.41937 0.824028 19.432 5.40014 112.5 
20170507181737 -1.90029 -1.56263 0.895228 0.0265479 -0.966141 -0.256646 0.999506 -0.0147113 -0.0277695 0.0156182 0.999342 0.0327303 0.0272697 -0.0331478 0.999078 -1.90029 -1.56263 0.895228 0.0265479 -0.966141 -0.256646 0.999506 -0.0147113 -0.0277695 0.0156182 0.999342 0.0327303 0.0272697 -0.0331478 0.999078 20.0405 3.9019 1 1 2239 0 0 0 0.234031 -0.0272731 12.0962 0.9 -1.33 1.79313 9.4753 7.30219 0 0.234031 0 19.7683 1.31733 -1.38007 0.939728 19.1367 4.86726 112.6 
20170507181737 -0.161216 -1.09331 -0.156065 0 0 0 0.999814 0.00277752 -0.0190728 -0.00272335 0.999992 0.00286571 0.0190806 -0.00281323 0.999814 -0.161216 -1.09331 -0.156065 0 0 0 0.999814 0.00277752 -0.0190728 -0.00272335 0.999992 0.00286571 0.0190806 -0.00281323 0.999814 18.1526 3.35176 0 1 2239 0 0 0 0.234319 -0.0190818 12.0962 0.94 -1.33 1.70134 9.7684 6.92837 0 0.234319 0 12.0962 0.94 -1.33 1.70134 9.7684 6.92837 112.6 
20170507181737 -0.250623 -1.23267 -0.112051 0 0 0 0.999767 0.00204974 -0.0215037 -0.00195521 0.999988 0.00441624 0.0215125 -0.00437317 0.999759 -0.250623 -1.23267 -0.112051 0 0 0 0.999767 0.00204974 -0.0215037 -0.00195521 0.999988 0.00441624 0.0215125 -0.00437317 0.999759 18.1727 3.28086 0 1 2239 0 0 0 0.234319 -0.0215142 12.0962 0.9 -1.33 1.79313 9.4753 7.30219 0 0.234319 0 12.0962 0.9 -1.33 1.79313 9.4753 7.30219 112.6 
20170507181738 1.29482 -0.433793 -0.550228 0 0 0 0.999925 0.00942961 -0.00778577 -0.00960286 0.9997 -0.0225231 0.00757105 0.0225962 0.999716 1.29482 -0.433793 -0.550228 0 0 0 0.999925 0.00942961 -0.00778577 -0.00960286 0.9997 -0.0225231 0.00757105 0.0225962 0.999716 17.9145 3.74309 0 1 2239 0 0 0 0.234319 -0.00757112 12.0962 0.88 -1.32 1.91272 9.32303 7.46601 0 0.234319 0 12.0962 0.88 -1.32 1.91272 9.32303 7.46601 112.7 
20170507181738 2.96705 0.532395 -0.727422 0 0 0 0.999876 0.0131595 0.00862156 -0.012695 0.998573 -0.0518753 -0.00929191 0.0517595 0.998616 2.96705 0.532395 -0.727422 0 0 0 0.999876 0.0131595 0.00862156 -0.012695 0.998573 -0.0518753 -0.00929191 0.0517595 0.998616 17.2278 4.10955 0 1 2239 0 0 0 0.234319 0.00929204 12.0962 0.83 -1.31 2.10495 8.92618 7.8874 0 0.234319 0 12.0962 0.83 -1.31 2.10495 8.92618 7.8874 112.6 
20170507181738 2.62122 0.29948 -0.759635 0 0 0 0.999898 0.0134829 0.00461465 -0.0132576 0.998863 -0.0457982 -0.00522689 0.0457324 0.99894 2.62122 0.29948 -0.759635 0 0 0 0.999898 0.0134829 0.00461465 -0.0132576 0.998863 -0.0457982 -0.00522689 0.0457324 0.99894 16.3109 4.08891 0 1 2239 0 0 0 0.262158 0.00522692 12.0962 0.83 -1.31 2.10495 8.92618 7.8874 0 0.262158 0 12.0962 0.83 -1.31 2.10495 8.92618 7.8874 112.5 
20170507181738 -0.889935 -0.923513 -0.401589 0 0 0 0.999846 0.00725847 -0.0160064 -0.00700808 0.999853 0.0156442 0.0161176 -0.0155297 0.999749 -0.889935 -0.923513 -0.401589 0 0 0 0.999846 0.00725847 -0.0160064 -0.00700808 0.999853 0.0156442 0.0161176 -0.0155297 0.999749 15.7518 4.11669 0 1 2239 0 0 0 0.262474 -0.0161183 12.0962 0.83 -1.3 2.18371 8.92618 7.86596 0 0.262474 0 12.0962 0.83 -1.3 2.18371 8.92618 7.86596 112.6 
20170507181738 -0.931154 -1.25838 -0.897681 0 0 0 0.999636 0.0160216 -0.021701 -0.0156631 0.99974 0.016593 0.0219612 -0.0162471 0.999627 -0.931154 -1.25838 -0.897681 0 0 0 0.999636 0.0160216 -0.021701 -0.0156631 0.99974 0.016593 0.0219612 -0.0162471 0.999627 16.1438 4.18848 0 1 2239 0 0 0 0.262474 -0.0219629 12.0962 0.84 -1.3 2.15973 9.00737 7.77956 0 0.262474 0 12.0962 0.84 -1.3 2.15973 9.00737 7.77956 112.6 
20170507181739 -0.00274323 0.107299 -0.539203 0 0 0 0.999954 0.00941064 0.00187309 -0.00941071 0.999956 3.02526e-05 -0.00187272 -4.78783e-05 0.999998 -0.00274323 0.107299 -0.539203 0 0 0 0.999954 0.00941064 0.00187309 -0.00941071 0.999956 3.02526e-05 -0.00187272 -4.78783e-05 0.999998 17.8058 4.26159 0 1 2239 0 0 0 0.266705 0.00187272 12.0962 0.83 -1.28 2.34058 8.92618 7.82071 0 0.266705 0 12.0962 0.83 -1.28 2.34058 8.92618 7.82071 112.7 
20170507181739 -0.361693 -0.331162 -0.671208 0 0 0 0.999915 0.0117508 -0.00570537 -0.0117143 0.999911 0.00637997 0.00577983 -0.00631259 0.999963 -0.361693 -0.331162 -0.671208 0 0 0 0.999915 0.0117508 -0.00570537 -0.0117143 0.999911 0.00637997 0.00577983 -0.00631259 0.999963 19.5223 4.59018 0 1 2236 0 0 0 0.266705 -0.00577986 11.994 0.84 -1.28 2.29531 8.93125 7.66944 0 0.266705 0 11.994 0.84 -1.28 2.29531 8.93125 7.66944 112.6 
20170507181739 -1.42248 -0.710645 0.0276808 0.0364321 -0.91245 0.407564 0.999923 -0.000175081 -0.0124109 0.000483084 0.999692 0.0248184 0.0124028 -0.0248225 0.999615 -1.42248 -0.710645 0.0276808 0.0364321 -0.91245 0.407564 0.999923 -0.000175081 -0.0124109 0.000483084 0.999692 0.0248184 0.0124028 -0.0248225 0.999615 21.9985 5.31417 1 1 2230 0 0 0 0.262474 -0.0124031 11.994 0.87 -1.27 2.29145 9.16736 7.3868 0 0.262474 0 21.77 0.997714 -1.31408 2.99712 18.2919 11.4174 112.7 
20170507181739 0.457083 -0.953831 -0.0974979 -0.0138258 0.93538 -0.353374 0.99986 0.00156881 -0.0166597 -0.00170142 0.999967 -0.00794918 0.0166467 0.00797641 0.99983 0.457083 -0.953831 -0.0974979 -0.0138258 0.93538 -0.353374 0.99986 0.00156881 -0.0166597 -0.00170142 0.999967 -0.00794918 0.0166467 0.00797641 0.99983 24.0533 6.54982 1 1 2226 0 0 0 0.234319 -0.0166475 11.994 0.86 -1.26 2.39312 9.08957 7.45043 0 0.234319 0 4.33978 -0.060924 -1.16571 1.70713 -0.264233 3.98115 112.8 
