20170507015234 0.106495 -0.136471 -0.0925788 0 0 0 0.999996 0.00161137 -0.00238486 -0.0016158 0.999997 -0.00185483 0.00238186 0.00185868 0.999995 0.106495 -0.136471 -0.0925788 0.266972 -0.513445 -0.815537 0.999996 0.00161137 -0.00238486 -0.0016158 0.999997 -0.00185483 0.00238186 0.00185868 0.999995 2.8695 1.20763 0 1 2000 0 0 0 
20170507015234 0.158108 -0.446515 -0.126242 0 0 0 0.999967 0.00218183 -0.00779911 -0.00220327 0.999994 -0.00274233 0.00779307 0.00275942 0.999966 0.158108 -0.446515 -0.126242 0.315473 -0.416622 -0.852586 0.999967 0.00218183 -0.00779911 -0.00220327 0.999994 -0.00274233 0.00779307 0.00275942 0.999966 3.49023 1.43078 0 1 2000 0 0 0 
20170507015234 0.134265 -0.822232 -0.0887919 0 0 0 0.999896 0.00151608 -0.0143537 -0.00154955 0.999996 -0.00232112 0.0143502 0.00234312 0.999894 0.134265 -0.822232 -0.0887919 0.615119 -0.296396 -0.730601 0.999896 0.00151608 -0.0143537 -0.00154955 0.999996 -0.00232112 0.0143502 0.00234312 0.999894 4.16788 2.47693 0 1 2000 0 0 0 
20170507015235 0.090727 -0.68903 -0.0992933 0 0 0 0.999926 0.00171395 -0.0120283 -0.00173287 0.999997 -0.00156264 0.0120255 0.00158337 0.999926 0.090727 -0.68903 -0.0992933 -0.352944 0.224267 0.908369 0.999926 0.00171395 -0.0120283 -0.00173287 0.999997 -0.00156264 0.0120255 0.00158337 0.999926 4.71214 2.37786 0 1 2000 0 0 0 
20170507015235 0.0172057 -0.618777 -0.172282 0 0 0 0.999937 0.00300363 -0.0108003 -0.0030067 0.999995 -0.000267822 0.0107995 0.000300279 0.999942 0.0172057 -0.618777 -0.172282 -0.222943 0.240541 0.944688 0.999937 0.00300363 -0.0108003 -0.0030067 0.999995 -0.000267822 0.0107995 0.000300279 0.999942 4.93586 2.37032 0 1 2000 0 0 0 
20170507015235 -0.0463017 -0.56879 -0.161763 0 0 0 0.999947 0.00283132 -0.00992477 -0.00282316 0.999996 0.000836141 0.0099271 -0.000808077 0.99995 -0.0463017 -0.56879 -0.161763 -0.315891 0.178563 0.931841 0.999947 0.00283132 -0.00992477 -0.00282316 0.999996 0.000836141 0.0099271 -0.000808077 0.99995 4.7695 1.44696 0 1 2000 0 0 0 
20170507015235 -0.0655978 -0.47819 -0.162513 0 0 0 0.999961 0.00284594 -0.00834261 -0.00283629 0.999995 0.00116856 0.0083459 -0.00114486 0.999965 -0.0655978 -0.47819 -0.162513 -0.284121 0.209172 0.935693 0.999961 0.00284594 -0.00834261 -0.00283629 0.999995 0.00116856 0.0083459 -0.00114486 0.999965 4.1872 1.3891 0 1 2000 0 0 0 
20170507015235 -0.0110557 -0.43092 -0.200632 0 0 0 0.999966 0.00350313 -0.00752018 -0.00350158 0.999994 0.000219294 0.0075209 -0.000192954 0.999972 -0.0110557 -0.43092 -0.200632 -0.253459 0.226626 0.940425 0.999966 0.00350313 -0.00752018 -0.00350158 0.999994 0.000219294 0.0075209 -0.000192954 0.999972 3.98921 1.45682 0 1 2000 0 0 0 
20170507015236 0.011067 -0.157462 0.261028 0 0 0 0.999986 -0.00455632 -0.00274732 0.00455577 0.99999 -0.000205675 0.00274823 0.000193155 0.999996 0.011067 -0.157462 0.261028 -0.345753 -0.0686439 0.935811 0.999986 -0.00455632 -0.00274732 0.00455577 0.99999 -0.000205675 0.00274823 0.000193155 0.999996 4.29615 1.605 0 1 2000 0 0 0 
20170507015236 -0.0217996 -0.885292 -0.13819 0 0 0 0.999878 0.00241774 -0.0154497 -0.00241158 0.999997 0.000417739 0.0154506 -0.00038043 0.999881 -0.0217996 -0.885292 -0.13819 0.553404 -0.269851 -0.787988 0.999878 0.00241774 -0.0154497 -0.00241158 0.999997 0.000417739 0.0154506 -0.00038043 0.999881 5.39469 2.68813 0 1 2000 0 0 0 
20170507015236 0.108483 -0.857186 -0.166715 0 0 0 0.999884 0.00288139 -0.0149656 -0.0029094 0.999994 -0.00184984 0.0149602 0.00189317 0.999886 0.108483 -0.857186 -0.166715 -0.370343 0.224846 0.901272 0.999884 0.00288139 -0.0149656 -0.0029094 0.999994 -0.00184984 0.0149602 0.00189317 0.999886 5.9916 2.77269 0 1 2000 0 0 0 
20170507015236 0.139677 -1.08272 -0.174039 0 0 0 0.999817 0.00299147 -0.0189032 -0.003037 0.999993 -0.00238042 0.018896 0.00243739 0.999818 0.139677 -1.08272 -0.174039 0.613172 -0.269467 -0.742569 0.999817 0.00299147 -0.0189032 -0.003037 0.999993 -0.00238042 0.018896 0.00243739 0.999818 6.24288 2.87124 0 1 2000 0 0 0 
20170507015236 0.264076 -0.521342 0.112403 0 0 0 0.999957 -0.00200372 -0.00908986 0.00196172 0.999987 -0.00462682 0.00909902 0.00460878 0.999948 0.264076 -0.521342 0.112403 -0.118862 0.0120802 0.992837 0.999957 -0.00200372 -0.00908986 0.00196172 0.999987 -0.00462682 0.00909902 0.00460878 0.999948 6.9341 2.84556 0 1 2000 0 0 0 
20170507015236 0.171268 -0.549439 0.103756 0 0 0 0.999952 -0.00183954 -0.00958389 0.0018108 0.999994 -0.00300654 0.00958937 0.00298904 0.99995 0.171268 -0.549439 0.103756 -0.0519965 0.0434058 0.997704 0.999952 -0.00183954 -0.00958389 0.0018108 0.999994 -0.00300654 0.00958937 0.00298904 0.99995 7.0038 2.78005 0 1 2000 0 0 0 
20170507015237 0.191735 -1.45562 -0.0281119 0 0 0 0.999677 0.000405635 -0.0254042 -0.000490487 0.999994 -0.00333393 0.0254027 0.00334531 0.999672 0.191735 -1.45562 -0.0281119 0.867 -0.464444 -0.180561 0.999677 0.000405635 -0.0254042 -0.000490487 0.999994 -0.00333393 0.0254027 0.00334531 0.999672 8.1808 2.49522 0 1 2000 0 0 0 
20170507015237 0.16133 -1.56845 -0.00955545 0 0 0 0.999625 8.97034e-05 -0.0273716 -0.000166712 0.999996 -0.00281117 0.0273712 0.00281468 0.999621 0.16133 -1.56845 -0.00955545 0.838893 -0.539271 -0.0737902 0.999625 8.97034e-05 -0.0273716 -0.000166712 0.999996 -0.00281117 0.0273712 0.00281468 0.999621 9.46138 2.42928 0 1 2000 0 0 0 
20170507015237 0.54598 -1.64643 -0.275371 0 0 0 0.999576 0.00453211 -0.0287759 -0.00480413 0.999944 -0.00939082 0.0287317 0.00952508 0.999542 0.54598 -1.64643 -0.275371 0.280975 0.0929888 0.955199 0.999576 0.00453211 -0.0287759 -0.00480413 0.999944 -0.00939082 0.0287317 0.00952508 0.999542 10.6241 2.28044 0 1 2000 0 0 0 
20170507015237 0.657358 -2.01693 -0.247457 0 0 0 0.999371 0.00391486 -0.0352418 -0.00431625 0.999927 -0.0113207 0.0351949 0.0114657 0.999315 0.657358 -2.01693 -0.247457 0.231189 0.131408 0.963994 0.999371 0.00391486 -0.0352418 -0.00431625 0.999927 -0.0113207 0.0351949 0.0114657 0.999315 11.762 2.38766 0 1 2000 0 0 0 
20170507015237 -0.309947 -1.62754 0.00932613 0 0 0 0.999597 -9.12622e-06 -0.0284025 0.000162706 0.999985 0.00540495 0.028402 -0.00540739 0.999582 -0.309947 -1.62754 0.00932613 0.0356721 -0.761734 0.646907 0.999597 -9.12622e-06 -0.0284025 0.000162706 0.999985 0.00540495 0.028402 -0.00540739 0.999582 11.7255 2.56428 0 1 2000 0 0 0 
20170507015238 0.16798 -1.35638 -0.0175101 0 0 0 0.99972 0.000236209 -0.0236719 -0.000305523 0.999996 -0.00292457 0.0236711 0.00293098 0.999716 0.16798 -1.35638 -0.0175101 -0.193732 -0.567923 0.799957 0.99972 0.000236209 -0.0236719 -0.000305523 0.999996 -0.00292457 0.0236711 0.00293098 0.999716 11.4778 2.39176 0 1 2000 0 0 0 
20170507015238 0.0897656 -1.05825 0.00264133 0 0 0 0.999829 -7.50352e-05 -0.0184688 4.6092e-05 0.999999 -0.00156756 0.0184689 0.00156644 0.999828 0.0897656 -1.05825 0.00264133 -0.27376 -0.537037 0.797902 0.999829 -7.50352e-05 -0.0184688 4.6092e-05 0.999999 -0.00156756 0.0184689 0.00156644 0.999828 11.033 3.17067 0 1 2000 0 0 0 
20170507015238 -0.0837815 -0.875773 -0.146777 0 0 0 0.99988 0.00258409 -0.0152807 -0.00256144 0.999996 0.00150141 0.0152845 -0.00146209 0.999882 -0.0837815 -0.875773 -0.146777 -0.214816 -0.528758 0.821139 0.99988 0.00258409 -0.0152807 -0.00256144 0.999996 0.00150141 0.0152845 -0.00146209 0.999882 11.6539 4.28701 0 1 2000 0 0 0 
20170507015238 0.252215 -0.834715 -0.138809 0 0 0 0.999891 0.00235853 -0.0145785 -0.00242242 0.999988 -0.00436666 0.014568 0.0044015 0.999884 0.252215 -0.834715 -0.138809 -0.203219 -0.401212 0.893158 0.999891 0.00235853 -0.0145785 -0.00242242 0.999988 -0.00436666 0.014568 0.0044015 0.999884 13.8753 5.22808 0 1 2000 0 0 0 
20170507015238 0.192037 -1.09037 -0.141909 0 0 0 0.999816 0.00241299 -0.0190375 -0.00247633 0.999991 -0.00330452 0.0190293 0.00335106 0.999813 0.192037 -1.09037 -0.141909 -0.0728869 -0.393166 0.916574 0.999816 0.00241299 -0.0190375 -0.00247633 0.999991 -0.00330452 0.0190293 0.00335106 0.999813 14.4696 5.89443 0 1 2000 0 0 0 
20170507015239 0.0651179 -1.07726 -0.117443 0 0 0 0.999821 0.00202839 -0.018803 -0.0020494 0.999997 -0.00109798 0.0188007 0.00113632 0.999823 0.0651179 -1.07726 -0.117443 0.00210582 -0.339533 0.940592 0.999821 0.00202839 -0.018803 -0.0020494 0.999997 -0.00109798 0.0188007 0.00113632 0.999823 14.2965 6.12335 0 1 2000 0 0 0 
20170507015239 0.0595319 -0.92612 -0.102869 0 0 0 0.999868 0.0017786 -0.016165 -0.00179516 0.999998 -0.00101001 0.0161631 0.00103889 0.999869 0.0595319 -0.92612 -0.102869 0.0558947 -0.285886 0.956632 0.999868 0.0017786 -0.016165 -0.00179516 0.999998 -0.00101001 0.0161631 0.00103889 0.999869 14.9196 6.06535 0 1 2000 0 0 0 
20170507015239 0.042901 -0.741943 -0.0557021 0 0 0 0.999916 0.00096249 -0.0129497 -0.000972104 0.999999 -0.000736175 0.012949 0.000748702 0.999916 0.042901 -0.741943 -0.0557021 0.0704176 -0.239805 0.968264 0.999916 0.00096249 -0.0129497 -0.000972104 0.999999 -0.000736175 0.012949 0.000748702 0.999916 15.5248 6.06913 0 1 2000 0 0 0 
20170507015239 0.0827435 -0.739323 -0.0682193 0 0 0 0.999916 0.00117202 -0.012905 -0.00119055 0.999998 -0.00142878 0.0129033 0.00144403 0.999916 0.0827435 -0.739323 -0.0682193 0.0713654 -0.203707 0.976427 0.999916 0.00117202 -0.012905 -0.00119055 0.999998 -0.00142878 0.0129033 0.00144403 0.999916 16.0918 6.36428 0 1 2000 0 0 0 
20170507015239 0.12496 -0.899212 -0.0802185 0 0 0 0.999876 0.00136585 -0.0156966 -0.0013999 0.999997 -0.002159 0.0156936 0.0021807 0.999874 0.12496 -0.899212 -0.0802185 0.0529418 -0.199991 0.978366 0.999876 0.00136585 -0.0156966 -0.0013999 0.999997 -0.002159 0.0156936 0.0021807 0.999874 17.4169 7.06269 0 1 2000 0 0 0 
20170507015240 0.14464 -0.914236 -0.073645 0 0 0 0.999872 0.00124506 -0.0159589 -0.00128518 0.999996 -0.00250393 0.0159558 0.00252412 0.99987 0.14464 -0.914236 -0.073645 0.0341912 -0.203617 0.978453 0.999872 0.00124506 -0.0159589 -0.00128518 0.999996 -0.00250393 0.0159558 0.00252412 0.99987 19.2313 7.8047 0 1 2000 0 0 0 
20170507015240 0.197277 -1.10798 -0.04003 0.0609548 -0.232589 0.970663 0.999813 0.000632072 -0.019339 -0.000698524 0.999994 -0.00342961 0.0193368 0.00344248 0.999807 0.197277 -1.10798 -0.04003 0.0609548 -0.232589 0.970663 0.999813 0.000632072 -0.019339 -0.000698524 0.999994 -0.00342961 0.0193368 0.00344248 0.999807 22.6563 9.40877 1 1 2000 0 0 0 
20170507015240 0.0945894 -1.36089 -0.104581 0.106756 -0.226504 0.968142 0.999716 0.00178607 -0.0237527 -0.00182477 0.999997 -0.00160754 0.0237498 0.00165043 0.999717 0.0945894 -1.36089 -0.104581 0.106756 -0.226504 0.968142 0.999716 0.00178607 -0.0237527 -0.00182477 0.999997 -0.00160754 0.0237498 0.00165043 0.999717 24.0273 10.0516 1 1 2000 0 0 0 
20170507015240 0.0642094 -1.54011 -0.193117 0.176739 -0.200553 0.963609 0.999633 0.0033404 -0.0268804 -0.0033693 0.999994 -0.00103007 0.0268768 0.00112026 0.999638 0.0642094 -1.54011 -0.193117 0.176739 -0.200553 0.963609 0.999633 0.0033404 -0.0268804 -0.0033693 0.999994 -0.00103007 0.0268768 0.00112026 0.999638 24.3315 10.4565 1 1 2000 0 0 0 
20170507015240 -0.0197844 -0.398748 0.166421 0.109956 -0.152255 0.982206 0.999972 -0.00290218 -0.00696038 0.00290451 0.999996 0.000325088 0.0069594 -0.000345295 0.999976 -0.0197844 -0.398748 0.166421 0.109956 -0.152255 0.982206 0.999972 -0.00290218 -0.00696038 0.00290451 0.999996 0.000325088 0.0069594 -0.000345295 0.999976 23.8104 9.76287 1 1 2000 0 0 0 
20170507015241 0.199182 -0.719179 0.0286442 0.290083 -0.0314398 0.956485 0.999921 -0.000543567 -0.0125499 0.000499896 0.999994 -0.00348265 0.0125517 0.0034761 0.999915 0.199182 -0.719179 0.0286442 0.290083 -0.0314398 0.956485 0.999921 -0.000543567 -0.0125499 0.000499896 0.999994 -0.00348265 0.0125517 0.0034761 0.999915 22.4136 9.69309 1 1 2000 0 0 0 
20170507015241 -0.363354 0.910723 0.0793854 0.179667 -0.0501904 0.982446 0.999873 -0.00148631 0.0158853 0.00138536 0.999979 0.00636369 -0.0158944 -0.00634087 0.999854 -0.363354 0.910723 0.0793854 0.179667 -0.0501904 0.982446 0.999873 -0.00148631 0.0158853 0.00138536 0.999979 0.00636369 -0.0158944 -0.00634087 0.999854 21.9972 10.3697 1 1 2000 0 0 0 
20170507015241 0.226909 1.76376 -0.280359 -0.0361609 -0.0354636 -0.998717 0.999514 0.00501502 0.0307586 -0.00489085 0.99998 -0.00411086 -0.0307786 0.00395842 0.999518 0.226909 1.76376 -0.280359 -0.0361609 -0.0354636 -0.998717 0.999514 0.00501502 0.0307586 -0.00489085 0.99998 -0.00411086 -0.0307786 0.00395842 0.999518 21.4033 10.3352 1 1 2000 0 0 0 
20170507015241 0.107917 0.0213373 0.302457 0.337264 0.0222099 0.941148 0.999986 -0.00527814 0.000382343 0.00527885 0.999984 -0.00188151 -0.000372406 0.0018835 0.999998 0.107917 0.0213373 0.302457 0.337264 0.0222099 0.941148 0.999986 -0.00527814 0.000382343 0.00527885 0.999984 -0.00188151 -0.000372406 0.0018835 0.999998 20.5983 9.83816 1 1 2000 0 0 0 
20170507015241 0.0917778 1.40048 0.0437793 0 0 0 0.999701 -0.000724943 0.0244417 0.000763865 0.999998 -0.00158315 -0.0244405 0.00160135 0.9997 0.0917778 1.40048 0.0437793 0 0 0 0.999701 -0.000724943 0.0244417 0.000763865 0.999998 -0.00158315 -0.0244405 0.00160135 0.9997 19.2259 9.35704 0 1 2000 0 0 0 
20170507015242 -0.0319964 1.48532 0.119546 0 0 0 0.999662 -0.00210094 0.0259195 0.00208577 0.999998 0.000612524 -0.0259208 -0.000558255 0.999664 -0.0319964 1.48532 0.119546 0 0 0 0.999662 -0.00210094 0.0259195 0.00208577 0.999998 0.000612524 -0.0259208 -0.000558255 0.999664 16.3107 7.79206 0 1 2000 0 0 0 
20170507015242 0.33463 1.10055 -0.116098 0 0 0 0.999813 0.00213843 0.0191948 -0.00202591 0.999981 -0.00587927 -0.019207 0.00583929 0.999798 0.33463 1.10055 -0.116098 0 0 0 0.999813 0.00213843 0.0191948 -0.00202591 0.999981 -0.00587927 -0.019207 0.00583929 0.999798 14.1063 5.00424 0 1 2000 0 0 0 
20170507015242 0.219948 0.483837 -0.0623256 0 0 0 0.999964 0.0011202 0.00844021 -0.00108775 0.999992 -0.00384799 -0.00844445 0.00383867 0.999957 0.219948 0.483837 -0.0623256 0 0 0 0.999964 0.0011202 0.00844021 -0.00108775 0.999992 -0.00384799 -0.00844445 0.00383867 0.999957 16.7651 5.31105 0 1 2000 0 0 0 
20170507015242 0.265649 0.0192538 -0.140537 -0.456553 -0.480937 0.748504 0.999997 0.00245437 0.000324665 -0.00245284 0.999986 -0.00463724 -0.000336042 0.00463643 0.999989 0.265649 0.0192538 -0.140537 -0.456553 -0.480937 0.748504 0.999997 0.00245437 0.000324665 -0.00245284 0.999986 -0.00463724 -0.000336042 0.00463643 0.999989 21.8499 7.37722 1 1 2000 0 0 0 
20170507015243 0.661501 -0.41873 -0.230857 -0.476855 -0.580406 0.660105 0.999965 0.00394457 -0.00735413 -0.0040291 0.999926 -0.0115156 0.00730815 0.0115448 0.999907 0.661501 -0.41873 -0.230857 -0.476855 -0.580406 0.660105 0.999965 0.00394457 -0.00735413 -0.0040291 0.999926 -0.0115156 0.00730815 0.0115448 0.999907 28.5306 11.5343 1 1 2000 0 0 0 
20170507015243 0.77441 -0.529697 -0.215063 -0.529443 -0.643092 0.553284 0.99995 0.00362826 -0.00929464 -0.00375339 0.999902 -0.0134808 0.00924482 0.013515 0.999866 0.77441 -0.529697 -0.215063 -0.529443 -0.643092 0.553284 0.99995 0.00362826 -0.00929464 -0.00375339 0.999902 -0.0134808 0.00924482 0.013515 0.999866 33.8132 11.3549 1 1 2000 0 0 0 
20170507015243 0.554262 -0.581155 -0.182852 -0.60085 -0.701624 0.383018 0.999943 0.0030931 -0.0101732 -0.0031912 0.999948 -0.00964112 0.0101429 0.00967304 0.999902 0.554262 -0.581155 -0.182852 -0.60085 -0.701624 0.383018 0.999943 0.0030931 -0.0101732 -0.0031912 0.999948 -0.00964112 0.0101429 0.00967304 0.999902 38.09 12.5964 1 1 2000 0 0 0 
20170507015243 0.751799 -1.0205 -0.0594876 -0.646524 -0.736896 0.197463 0.999841 0.000804476 -0.0178223 -0.00103809 0.999914 -0.0131025 0.0178102 0.0131189 0.999755 0.751799 -1.0205 -0.0594876 -0.646524 -0.736896 0.197463 0.999841 0.000804476 -0.0178223 -0.00103809 0.999914 -0.0131025 0.0178102 0.0131189 0.999755 41.8087 12.6393 1 1 2000 0 0 0 
20170507015243 1.03798 -1.57801 0.112194 -0.661189 -0.746841 0.0711165 0.999619 -0.00245668 -0.027498 0.0019574 0.999833 -0.0181691 0.0275381 0.0181083 0.999457 1.03798 -1.57801 0.112194 -0.661189 -0.746841 0.0711165 0.999619 -0.00245668 -0.027498 0.0019574 0.999833 -0.0181691 0.0275381 0.0181083 0.999457 45.2223 12.8816 1 1 2000 0 0 0 
20170507015244 1.25982 -2.25509 0.282576 -0.651749 -0.755418 -0.0675842 0.999213 -0.00579579 -0.0392302 0.00492804 0.999742 -0.02218 0.0393486 0.0219692 0.998984 1.25982 -2.25509 0.282576 -0.651749 -0.755418 -0.0675842 0.999213 -0.00579579 -0.0392302 0.00492804 0.999742 -0.02218 0.0393486 0.0219692 0.998984 48.2523 12.5348 1 1 2000 0 0 0 
20170507015244 0.927396 -2.6876 0.128238 -0.641629 -0.752586 -0.148072 0.998898 -0.00299682 -0.0468478 0.00223571 0.999865 -0.0162903 0.0468903 0.0161676 0.998769 0.927396 -2.6876 0.128238 -0.641629 -0.752586 -0.148072 0.998898 -0.00299682 -0.0468478 0.00223571 0.999865 -0.0162903 0.0468903 0.0161676 0.998769 50.728 12.5793 1 1 2000 0 0 0 
20170507015244 -1.48002 -2.30822 -1.68286 -0.61153 -0.791183 -0.00771794 0.998758 0.0303973 -0.0394859 -0.0293434 0.999205 0.0269997 0.0402752 -0.0258075 0.998855 -1.48002 -2.30822 -1.68286 -0.61153 -0.791183 -0.00771794 0.998758 0.0303973 -0.0394859 -0.0293434 0.999205 0.0269997 0.0402752 -0.0258075 0.998855 50.8147 12.829 1 1 2000 0 0 0 
20170507015244 -0.120359 -2.77375 -0.550399 -0.550693 -0.750466 -0.365429 0.998782 0.00970776 -0.0483696 -0.00959488 0.999951 0.00256542 0.0483921 -0.00209819 0.998826 -0.120359 -2.77375 -0.550399 -0.550693 -0.750466 -0.365429 0.998782 0.00970776 -0.0483696 -0.00959488 0.999951 0.00256542 0.0483921 -0.00209819 0.998826 48.435 14.0576 1 1 2000 0 0 0 
20170507015245 -1.12177 -2.52604 -1.10537 -0.472567 -0.796527 -0.377127 0.998842 0.0201501 -0.0436791 -0.0192724 0.999606 0.0204238 0.0440734 -0.0195584 0.998837 -1.12177 -2.52604 -1.10537 -0.472567 -0.796527 -0.377127 0.998842 0.0201501 -0.0436791 -0.0192724 0.999606 0.0204238 0.0440734 -0.0195584 0.998837 40.9828 15.4687 1 1 2000 0 0 0 
20170507015245 1.7864 -3.30956 -0.517053 0.0524322 0.248744 0.967149 0.998292 0.00722017 -0.0579816 -0.0090091 0.99949 -0.0306514 0.0577307 0.0311214 0.997847 1.7864 -3.30956 -0.517053 0.0524322 0.248744 0.967149 0.998292 0.00722017 -0.0579816 -0.0090091 0.99949 -0.0306514 0.0577307 0.0311214 0.997847 32.843 16.113 1 1 2000 0 0 0 
20170507015245 0.688037 -3.72448 0.0245269 0.272709 -0.1785 -0.945393 0.997888 -0.00120808 -0.0649488 0.000427171 0.999927 -0.012036 0.0649586 0.0119829 0.997816 0.688037 -3.72448 0.0245269 0.272709 -0.1785 -0.945393 0.997888 -0.00120808 -0.0649488 0.000427171 0.999927 -0.012036 0.0649586 0.0119829 0.997816 25.4471 15.1414 1 1 2000 0 0 0 
20170507015245 -0.31656 -4.18758 0.103418 0.483673 -0.133932 -0.864941 0.997329 -0.00140152 -0.0730307 0.00180017 0.999984 0.00539318 0.073022 -0.00551024 0.997315 -0.31656 -4.18758 0.103418 0.483673 -0.133932 -0.864941 0.997329 -0.00140152 -0.0730307 0.00180017 0.999984 0.00539318 0.073022 -0.00551024 0.997315 22.4949 14.727 1 1 2000 0 0 0 
20170507015246 -0.318073 -4.30675 0.095663 0.65747 0.0468135 -0.752025 0.997175 -0.00125272 -0.0751042 0.00166492 0.999984 0.005426 0.0750962 -0.00553572 0.997161 -0.318073 -4.30675 0.095663 0.65747 0.0468135 -0.752025 0.997175 -0.00125272 -0.0751042 0.00166492 0.999984 0.005426 0.0750962 -0.00553572 0.997161 23.7892 14.1033 1 1 2000 0 0 0 
20170507015246 -0.297438 -3.93117 -0.0903293 0.636832 0.141012 -0.757998 0.997646 0.00193242 -0.0685488 -0.00157283 0.999985 0.00529933 0.068558 -0.00517904 0.997634 -0.297438 -3.93117 -0.0903293 0.636832 0.141012 -0.757998 0.997646 0.00193242 -0.0685488 -0.00157283 0.999985 0.00529933 0.068558 -0.00517904 0.997634 26.7977 14.0958 1 1 2000 0 0 0 
20170507015246 -0.51032 -3.45202 0.0446838 0.653874 0.126721 -0.745916 0.998185 -0.000243556 -0.0602171 0.000778464 0.99996 0.00885969 0.0602126 -0.00889049 0.998146 -0.51032 -3.45202 0.0446838 0.653874 0.126721 -0.745916 0.998185 -0.000243556 -0.0602171 0.000778464 0.99996 0.00885969 0.0602126 -0.00889049 0.998146 29.7863 18.9797 1 1 2000 0 0 0 
20170507015246 -0.591776 -3.45299 -0.0119324 0.654743 0.140282 -0.74272 0.998185 0.000830315 -0.0602242 -0.000207882 0.999947 0.0103408 0.0602295 -0.0103095 0.998131 -0.591776 -3.45299 -0.0119324 0.654743 0.140282 -0.74272 0.998185 0.000830315 -0.0602242 -0.000207882 0.999947 0.0103408 0.0602295 -0.0103095 0.998131 32.777 19.1171 1 1 2000 0 0 0 
20170507015247 -0.575047 -3.12506 0.0557883 0.619975 0.143557 -0.771377 0.998512 -0.000426505 -0.0545226 0.000972241 0.99995 0.00998321 0.0545156 -0.0100214 0.998463 -0.575047 -3.12506 0.0557883 0.619975 0.143557 -0.771377 0.998512 -0.000426505 -0.0545226 0.000972241 0.99995 0.00998321 0.0545156 -0.0100214 0.998463 36.5911 19.4826 1 1 2000 0 0 0 
20170507015247 -0.7186 -2.88056 -0.0039054 0.51379 0.107997 -0.851091 0.998736 0.000698423 -0.0502492 -6.80759e-05 0.999921 0.012545 0.0502541 -0.0125258 0.998658 -0.7186 -2.88056 -0.0039054 0.51379 0.107997 -0.851091 0.998736 0.000698423 -0.0502492 -6.80759e-05 0.999921 0.012545 0.0502541 -0.0125258 0.998658 40.2199 20.4975 1 1 2000 0 0 0 
20170507015247 -0.773269 -3.08648 -0.258306 0.461218 0.0613376 -0.885164 0.998539 0.00523451 -0.053777 -0.00450174 0.999895 0.0137383 0.0538432 -0.0134761 0.998458 -0.773269 -3.08648 -0.258306 0.461218 0.0613376 -0.885164 0.998539 0.00523451 -0.053777 -0.00450174 0.999895 0.0137383 0.0538432 -0.0134761 0.998458 41.7389 21.7294 1 1 2000 0 0 0 
20170507015247 -0.291313 -3.63312 -0.236228 0.392689 0.0859038 -0.915651 0.997982 0.00444508 -0.0633452 -0.00411467 0.999977 0.00534557 0.0633675 -0.00507414 0.997977 -0.291313 -3.63312 -0.236228 0.392689 0.0859038 -0.915651 0.997982 0.00444508 -0.0633452 -0.00411467 0.999977 0.00534557 0.0633675 -0.00507414 0.997977 43.6449 23.3232 1 1 2000 0 0 0 
20170507015248 -0.690614 -2.13286 -0.176973 0.127749 0.0316159 -0.991302 0.999302 0.00353711 -0.0371767 -0.00308662 0.999921 0.0121681 0.0372169 -0.0120448 0.999235 -0.690614 -2.13286 -0.176973 0.127749 0.0316159 -0.991302 0.999302 0.00353711 -0.0371767 -0.00308662 0.999921 0.0121681 0.0372169 -0.0120448 0.999235 45.0185 21.9744 1 1 2000 0 0 0 
20170507015248 -0.0916095 -2.88201 -0.0662664 0.10719 0.0628327 -0.992251 0.998735 0.00123696 -0.0502775 -0.0011551 0.999998 0.00165704 0.0502794 -0.00159686 0.998734 -0.0916095 -2.88201 -0.0662664 0.10719 0.0628327 -0.992251 0.998735 0.00123696 -0.0502775 -0.0011551 0.999998 0.00165704 0.0502794 -0.00159686 0.998734 47.7939 24.0047 1 1 2000 0 0 0 
20170507015248 -0.52679 -2.40173 0.149837 -0.0497572 0.0187868 -0.998585 0.999118 -0.00222975 -0.0419279 0.00261285 0.999955 0.00908448 0.0419058 -0.00918602 0.999079 -0.52679 -2.40173 0.149837 -0.0497572 0.0187868 -0.998585 0.999118 -0.00222975 -0.0419279 0.00261285 0.999955 0.00908448 0.0419058 -0.00918602 0.999079 51.6225 27.6214 1 1 2000 0 0 0 
20170507015248 -0.347966 -2.64307 0.362165 0.112033 -0.0248219 0.993394 0.998916 -0.00604076 -0.0461506 0.0063142 0.999963 0.00578152 0.0461139 -0.00606666 0.998918 -0.347966 -2.64307 0.362165 0.112033 -0.0248219 0.993394 0.998916 -0.00604076 -0.0461506 0.0063142 0.999963 0.00578152 0.0461139 -0.00606666 0.998918 54.2993 28.1579 1 1 2000 0 0 0 
20170507015249 -0.956336 -3.89063 0.301603 0.0936403 0.0502793 0.994336 0.997682 -0.00413074 -0.0679296 0.0052518 0.999853 0.0163331 0.0678521 -0.016652 0.997556 -0.956336 -3.89063 0.301603 0.0936403 0.0502793 0.994336 0.997682 -0.00413074 -0.0679296 0.0052518 0.999853 0.0163331 0.0678521 -0.016652 0.997556 57.3161 28.3391 1 1 2000 0 0 0 
20170507015249 -0.357822 -1.43174 0.132295 0.460776 0.00460934 0.887504 0.999685 -0.00215289 -0.0249998 0.00230826 0.999978 0.00618742 0.024986 -0.00624318 0.999668 -0.357822 -1.43174 0.132295 0.460776 0.00460934 0.887504 0.999685 -0.00215289 -0.0249998 0.00230826 0.999978 0.00618742 0.024986 -0.00624318 0.999668 59.592 28.2966 1 1 2000 0 0 0 
20170507015249 -0.172399 -1.28885 0.118511 -0.537491 -0.0136806 -0.843158 0.999745 -0.00200072 -0.0224988 0.00206789 0.999993 0.00296239 0.0224927 -0.00300816 0.999742 -0.172399 -1.28885 0.118511 -0.537491 -0.0136806 -0.843158 0.999745 -0.00200072 -0.0224988 0.00206789 0.999993 0.00296239 0.0224927 -0.00300816 0.999742 65.858 29.5565 1 1 2000 0 0 0 
20170507015250 0.499671 -1.98053 0.268886 -0.543668 -0.00876812 -0.839254 0.999392 -0.00499414 -0.0345173 0.00469013 0.99995 -0.00888287 0.0345599 0.00871558 0.999365 0.499671 -1.98053 0.268886 -0.543668 -0.00876812 -0.839254 0.999392 -0.00499414 -0.0345173 0.00469013 0.99995 -0.00888287 0.0345599 0.00871558 0.999365 72.186 30.0989 1 1 2000 0 0 0 
20170507015250 0.706746 -1.54591 0.395153 -0.636222 0.00729624 -0.771472 0.999612 -0.0072289 -0.0268902 0.00689416 0.999898 -0.0125205 0.026978 0.0123302 0.99956 0.706746 -1.54591 0.395153 -0.636222 0.00729624 -0.771472 0.999612 -0.0072289 -0.0268902 0.00689416 0.999898 -0.0125205 0.026978 0.0123302 0.99956 80.0015 32.3274 1 1 2000 0 0 0 
20170507015250 -0.960806 -1.54348 0.165106 -0.673785 -0.118364 -0.729386 0.999633 -0.00242957 -0.0269799 0.00288059 0.999857 0.0166908 0.0269355 -0.0167624 0.999497 -0.960806 -1.54348 0.165106 -0.673785 -0.118364 -0.729386 0.999633 -0.00242957 -0.0269799 0.00288059 0.999857 0.0166908 0.0269355 -0.0167624 0.999497 85.2438 32.7105 1 1 2000 0 0 0 
20170507015251 -1.0423 -1.66604 0.0421273 -0.69031 -0.117241 -0.713951 0.999577 -0.00020627 -0.0290823 0.000734949 0.999835 0.0181692 0.0290737 -0.0181829 0.999412 -1.0423 -1.66604 0.0421273 -0.69031 -0.117241 -0.713951 0.999577 -0.00020627 -0.0290823 0.000734949 0.999835 0.0181692 0.0290737 -0.0181829 0.999412 88.7717 32.4652 1 1 2000 0 0 0 
20170507015251 -1.30158 -2.28069 0.177494 0.669755 0.106848 0.734855 0.999203 -0.00219311 -0.039855 0.00309539 0.99974 0.0225915 0.0397951 -0.0226969 0.99895 -1.30158 -2.28069 0.177494 0.669755 0.106848 0.734855 0.999203 -0.00219311 -0.039855 0.00309539 0.99974 0.0225915 0.0397951 -0.0226969 0.99895 88.8575 31.6935 1 1 2000 0 0 0 
20170507015251 0.276336 -1.66452 -0.0921937 -0.643815 0.0470516 -0.763733 0.999577 0.00146897 -0.0290546 -0.0016084 0.999987 -0.0047762 0.0290472 0.00482091 0.999566 0.276336 -1.66452 -0.0921937 -0.643815 0.0470516 -0.763733 0.999577 0.00146897 -0.0290546 -0.0016084 0.999987 -0.0047762 0.0290472 0.00482091 0.999566 87.879 32.37 1 1 2000 0 0 0 
20170507015252 -0.442676 -2.56061 0.555185 0.527646 -0.0633032 0.847102 0.998955 -0.00934422 -0.0447477 0.00967999 0.999927 0.00729282 0.0446763 -0.00771836 0.998972 -0.442676 -2.56061 0.555185 0.527646 -0.0633032 0.847102 0.998955 -0.00934422 -0.0447477 0.00967999 0.999927 0.00729282 0.0446763 -0.00771836 0.998972 84.7968 31.713 1 1 2000 0 0 0 
20170507015252 0.851388 -1.74257 0.17883 -0.499944 0.160086 -0.851134 0.999533 -0.00357266 -0.030359 0.00311972 0.999883 -0.0149538 0.0304089 0.0148521 0.999427 0.851388 -1.74257 0.17883 -0.499944 0.160086 -0.851134 0.999533 -0.00357266 -0.030359 0.00311972 0.999883 -0.0149538 0.0304089 0.0148521 0.999427 81.0724 31.9256 1 1 2000 0 0 0 
20170507015253 -2.11472 -9.57637 0.615171 0 0 0 0.986008 -0.00459076 -0.166635 0.0105869 0.999327 0.0351134 0.166362 -0.0363863 0.985393 -2.11472 -9.57637 0.615171 0 0 0 0.986008 -0.00459076 -0.166635 0.0105869 0.999327 0.0351134 0.166362 -0.0363863 0.985393 81.0724 31.9256 1 0 2000 0 0 0 
20170507015253 -1.13816 -5.91337 0.347884 0 0 0 0.99466 -0.00402411 -0.103123 0.00603937 0.999797 0.0192375 0.103025 -0.0197576 0.994483 -1.13816 -5.91337 0.347884 0 0 0 0.99466 -0.00402411 -0.103123 0.00603937 0.999797 0.0192375 0.103025 -0.0197576 0.994483 81.0724 31.9256 1 0 2000 0 0 0 
20170507015254 -1.23764 -4.66047 0.103234 -0.0994642 0.00955149 0.994995 0.996692 -4.63986e-05 -0.0812708 0.00179582 0.999768 0.0214529 0.0812509 -0.0215279 0.996461 -1.23764 -4.66047 0.103234 -0.0994642 0.00955149 0.994995 0.996692 -4.63986e-05 -0.0812708 0.00179582 0.999768 0.0214529 0.0812509 -0.0215279 0.996461 65.2671 34.005 1 1 2000 0 0 0 
20170507015254 -1.33569 -2.76704 -0.123853 0.0978279 -0.039752 -0.994409 0.998832 0.00328635 -0.0482115 -0.00215912 0.999724 0.0234144 0.0482751 -0.0232829 0.998563 -1.33569 -2.76704 -0.123853 0.0978279 -0.039752 -0.994409 0.998832 0.00328635 -0.0482115 -0.00215912 0.999724 0.0234144 0.0482751 -0.0232829 0.998563 59.3921 30.2526 1 1 2000 0 0 0 
20170507015254 -0.416554 0.660055 0.214474 0.0374639 -0.025458 -0.998974 0.999927 -0.00382691 0.0114923 0.00374301 0.999966 0.00731325 -0.0115199 -0.00726969 0.999907 -0.416554 0.660055 0.214474 0.0374639 -0.025458 -0.998974 0.999927 -0.00382691 0.0114923 0.00374301 0.999966 0.00731325 -0.0115199 -0.00726969 0.999907 57.5014 26.9547 1 1 2000 0 0 0 
20170507015255 -1.29832 1.55164 -0.106823 0.0537469 -0.0822144 -0.995164 0.999632 0.0012504 0.0271132 -0.00186372 0.999743 0.0226074 -0.027078 -0.0226496 0.999377 -1.29832 1.55164 -0.106823 0.0537469 -0.0822144 -0.995164 0.999632 0.0012504 0.0271132 -0.00186372 0.999743 0.0226074 -0.027078 -0.0226496 0.999377 57.8342 31.3893 1 1 2000 0 0 0 
20170507015255 0.443862 3.5225 -0.276442 -0.100406 0.00322989 -0.994941 0.998099 0.00530063 0.0614006 -0.00481569 0.999956 -0.00804312 -0.0614406 0.00773214 0.998081 0.443862 3.5225 -0.276442 -0.100406 0.00322989 -0.994941 0.998099 0.00530063 0.0614006 -0.00481569 0.999956 -0.00804312 -0.0614406 0.00773214 0.998081 55.3438 31.6614 1 1 2000 0 0 0 
20170507015255 1.7527 2.76121 0.178364 -0.0562447 0.100782 -0.993317 0.998834 -0.00163818 0.048246 0.00310943 0.999532 -0.0304355 -0.0481736 0.0305501 0.998372 1.7527 2.76121 0.178364 -0.0562447 0.100782 -0.993317 0.998834 -0.00163818 0.048246 0.00310943 0.999532 -0.0304355 -0.0481736 0.0305501 0.998372 52.6856 29.3946 1 1 2000 0 0 0 
20170507015256 0.0883555 2.04054 -0.273076 -0.0922702 -0.0180469 -0.99557 0.999355 0.00482096 0.0355989 -0.00476304 0.999987 -0.00171178 -0.0356067 0.00154112 0.999365 0.0883555 2.04054 -0.273076 -0.0922702 -0.0180469 -0.99557 0.999355 0.00482096 0.0355989 -0.00476304 0.999987 -0.00171178 -0.0356067 0.00154112 0.999365 49.9604 25.2166 1 1 2000 0 0 0 
20170507015256 0.219607 -0.568076 -0.137747 -0.0169471 0.00581581 -0.999839 0.999948 0.00236611 -0.00992375 -0.00240401 0.99999 -0.00380901 0.00991464 0.00383267 0.999944 0.219607 -0.568076 -0.137747 -0.0169471 0.00581581 -0.999839 0.999948 0.00236611 -0.00992375 -0.00240401 0.99999 -0.00380901 0.00991464 0.00383267 0.999944 48.6951 24.7336 1 1 2000 0 0 0 
20170507015256 -0.526053 -0.162683 0.058212 -0.112718 0.00574531 -0.99361 0.999995 -0.00098988 -0.00284856 0.00101599 0.999957 0.00917834 0.00283935 -0.00918119 0.999954 -0.526053 -0.162683 0.058212 -0.112718 0.00574531 -0.99361 0.999995 -0.00098988 -0.00284856 0.00101599 0.999957 0.00917834 0.00283935 -0.00918119 0.999954 48.8192 24.3438 1 1 2000 0 0 0 
20170507015256 0.827734 2.25801 0.71845 -0.369014 0.191459 -0.90949 0.999145 -0.0119686 0.0395734 0.0125293 0.999824 -0.0139511 -0.0393995 0.014435 0.999119 0.827734 2.25801 0.71845 -0.369014 0.191459 -0.90949 0.999145 -0.0119686 0.0395734 0.0125293 0.999824 -0.0139511 -0.0393995 0.014435 0.999119 50.8558 24.3472 1 1 2000 0 0 0 
20170507015257 -0.224778 2.8496 0.582737 -0.52074 0.131458 -0.843533 0.998712 -0.0103654 0.0496715 0.0101579 0.999939 0.00442852 -0.0497143 -0.00391826 0.998756 -0.224778 2.8496 0.582737 -0.52074 0.131458 -0.843533 0.998712 -0.0103654 0.0496715 0.0101579 0.999939 0.00442852 -0.0497143 -0.00391826 0.998756 51.3658 23.5459 1 1 2000 0 0 0 
20170507015257 0.575686 1.94418 0.225138 -0.551424 0.192441 -0.811725 0.999417 -0.00358833 0.0339633 0.00392713 0.999943 -0.00991407 -0.0339258 0.0100417 0.999374 0.575686 1.94418 0.225138 -0.551424 0.192441 -0.811725 0.999417 -0.00358833 0.0339633 0.00392713 0.999943 -0.00991407 -0.0339258 0.0100417 0.999374 53.1554 23.189 1 1 2000 0 0 0 
20170507015257 -0.635614 0.336935 0.0547424 -0.55072 0.0670786 -0.83199 0.999982 -0.00102061 0.00586963 0.000955418 0.999938 0.0110989 -0.00588059 -0.0110931 0.999921 -0.635614 0.336935 0.0547424 -0.55072 0.0670786 -0.83199 0.999982 -0.00102061 0.00586963 0.000955418 0.999938 0.0110989 -0.00588059 -0.0110931 0.999921 54.2513 23.3184 1 1 2000 0 0 0 
20170507015258 -2.19501 1.85398 0.261863 -0.774151 -0.0639691 -0.62976 0.999466 -0.0058061 0.0321532 0.00456796 0.99925 0.0384481 -0.0323523 -0.0382807 0.998743 -2.19501 1.85398 0.261863 -0.774151 -0.0639691 -0.62976 0.999466 -0.0058061 0.0321532 0.00456796 0.99925 0.0384481 -0.0323523 -0.0382807 0.998743 56.0191 23.0348 1 1 2000 0 0 0 
20170507015258 -1.60929 1.53489 0.188856 -0.752669 -0.0462306 -0.656774 0.999636 -0.00404709 0.0266824 0.00329497 0.999598 0.0281719 -0.0267857 -0.0280737 0.999247 -1.60929 1.53489 0.188856 -0.752669 -0.0462306 -0.656774 0.999636 -0.00404709 0.0266824 0.00329497 0.999598 0.0281719 -0.0267857 -0.0280737 0.999247 55.993 23.2167 1 1 2000 0 0 0 
20170507015258 -1.73671 1.84067 0.287281 -0.764337 -0.0438485 -0.643324 0.999471 -0.00598513 0.0319532 0.00501139 0.999523 0.0304673 -0.0321203 -0.0302911 0.999025 -1.73671 1.84067 0.287281 -0.764337 -0.0438485 -0.643324 0.999471 -0.00598513 0.0319532 0.00501139 0.999523 0.0304673 -0.0321203 -0.0302911 0.999025 57.1046 23.4149 1 1 2000 0 0 0 
20170507015259 0.534678 4.00458 -0.0977617 -0.82234 0.142598 -0.550839 0.997557 0.00235788 0.0698172 -0.0017021 0.999954 -0.0094509 -0.0698363 0.00930897 0.997515 0.534678 4.00458 -0.0977617 -0.82234 0.142598 -0.550839 0.997557 0.00235788 0.0698172 -0.0017021 0.999954 -0.0094509 -0.0698363 0.00930897 0.997515 59.1676 23.825 1 1 2000 0 0 0 
20170507015259 -0.210609 3.25134 0.817669 -0.818948 0.144646 -0.555339 0.998289 -0.0144789 0.0566576 0.0142476 0.999888 0.00448481 -0.0567162 -0.0036699 0.998384 -0.210609 3.25134 0.817669 -0.818948 0.144646 -0.555339 0.998289 -0.0144789 0.0566576 0.0142476 0.999888 0.00448481 -0.0567162 -0.0036699 0.998384 58.5421 23.9986 1 1 2000 0 0 0 
20170507015259 1.56524 3.62844 0.613484 -0.718489 0.223681 -0.658589 0.997938 -0.00897455 0.0635512 0.0106857 0.999588 -0.0266363 -0.0632859 0.0272605 0.997623 1.56524 3.62844 0.613484 -0.718489 0.223681 -0.658589 0.997938 -0.00897455 0.0635512 0.0106857 0.999588 -0.0266363 -0.0632859 0.0272605 0.997623 57.9462 23.8208 1 1 2000 0 0 0 
20170507015300 -0.986329 1.97153 -0.159381 -0.57749 0.0304132 -0.815831 0.999404 0.0021891 0.0344455 -0.00278007 0.99985 0.0171181 -0.0344029 -0.0172037 0.99926 -0.986329 1.97153 -0.159381 -0.57749 0.0304132 -0.815831 0.999404 0.0021891 0.0344455 -0.00278007 0.99985 0.0171181 -0.0344029 -0.0172037 0.99926 57.2607 23.3719 1 1 2000 0 0 0 
20170507015300 -0.477939 1.61685 0.376641 -0.452323 0.111016 -0.884918 0.99958 -0.00680871 0.0281592 0.00657097 0.999942 0.00852681 -0.0282156 -0.0083382 0.999567 -0.477939 1.61685 0.376641 -0.452323 0.111016 -0.884918 0.99958 -0.00680871 0.0281592 0.00657097 0.999942 0.00852681 -0.0282156 -0.0083382 0.999567 54.5447 23.7348 1 1 2000 0 0 0 
20170507015300 -1.25972 -0.655948 0.28362 -0.120075 0.0306641 -0.992291 0.999922 -0.00469721 -0.0115541 0.00494977 0.999747 0.0219276 0.0114482 -0.0219831 0.999693 -1.25972 -0.655948 0.28362 -0.120075 0.0306641 -0.992291 0.999922 -0.00469721 -0.0115541 0.00494977 0.999747 0.0219276 0.0114482 -0.0219831 0.999693 50.7662 22.8037 1 1 2000 0 0 0 
20170507015300 -0.870797 0.814848 0.245117 -0.0704652 0.0498037 -0.99627 0.99989 -0.00449373 0.0141545 0.00427766 0.999874 0.0152584 -0.0142213 -0.0151962 0.999783 -0.870797 0.814848 0.245117 -0.0704652 0.0498037 -0.99627 0.99989 -0.00449373 0.0141545 0.00427766 0.999874 0.0152584 -0.0142213 -0.0151962 0.999783 49.8179 22.7803 1 1 2000 0 0 0 
20170507015301 -0.920969 2.04871 -0.070043 -0.0303521 0.0093415 -0.999496 0.99936 0.000647719 0.0357641 -0.0012217 0.999871 0.0160295 -0.0357491 -0.016063 0.999232 -0.920969 2.04871 -0.070043 -0.0303521 0.0093415 -0.999496 0.99936 0.000647719 0.0357641 -0.0012217 0.999871 0.0160295 -0.0357491 -0.016063 0.999232 51.2408 24.1297 1 1 2000 0 0 0 
20170507015301 -0.719976 4.452 -0.241766 -0.062283 0.00201346 -0.998056 0.996974 0.00324388 0.0776701 -0.00420686 0.999916 0.012238 -0.0776239 -0.0125277 0.996904 -0.719976 4.452 -0.241766 -0.062283 0.00201346 -0.998056 0.996974 0.00324388 0.0776701 -0.00420686 0.999916 0.012238 -0.0776239 -0.0125277 0.996904 54.3854 30.4891 1 1 2000 0 0 0 
20170507015301 -0.0969535 0.682421 -0.160185 0.316065 0.0336287 -0.948141 0.999925 0.00277559 0.0119149 -0.00279555 0.999995 0.00165885 -0.0119102 -0.00169204 0.999928 -0.0969535 0.682421 -0.160185 0.316065 0.0336287 -0.948141 0.999925 0.00277559 0.0119149 -0.00279555 0.999995 0.00165885 -0.0119102 -0.00169204 0.999928 57.0261 32.6773 1 1 2000 0 0 0 
20170507015302 0.284355 0.674421 -0.307459 0.350887 0.0453903 -0.935317 0.999916 0.00542449 0.0117436 -0.00536577 0.999973 -0.005026 -0.0117706 0.00496257 0.999918 0.284355 0.674421 -0.307459 0.350887 0.0453903 -0.935317 0.999916 0.00542449 0.0117436 -0.00536577 0.999973 -0.005026 -0.0117706 0.00496257 0.999918 57.5459 33.864 1 1 2000 0 0 0 
20170507015302 -0.288799 1.15875 0.024374 0.322791 -0.00809827 -0.946436 0.999795 -0.000527333 0.0202202 0.00042532 0.999987 0.00504907 -0.0202226 -0.00503944 0.999783 -0.288799 1.15875 0.024374 0.322791 -0.00809827 -0.946436 0.999795 -0.000527333 0.0202202 0.00042532 0.999987 0.00504907 -0.0202226 -0.00503944 0.999783 56.9676 33.9169 1 1 2000 0 0 0 
20170507015303 -0.288799 1.15875 0.024374 -0.00325134 -0.000213157 0.999995 -0.900687 0.0954291 -0.423859 0.258172 0.902214 -0.345481 0.349442 -0.420599 -0.837249 -153.327 -20.4532 164.006 -0.00325134 -0.000213157 0.999995 -0.900687 0.0954291 -0.423859 0.258172 0.902214 -0.345481 0.349442 -0.420599 -0.837249 56.9676 33.9169 1 1 2000 0 1 1 
20170507015303 0.499836 1.86851 -0.439702 -0.019754 0.00835115 -0.99977 0.999439 0.00795831 0.0325366 -0.00767008 0.99993 -0.00897363 -0.0326058 0.00871904 0.99943 0.499836 1.86851 -0.439702 -0.019754 0.00835115 -0.99977 0.999439 0.00795831 0.0325366 -0.00767008 0.99993 -0.00897363 -0.0326058 0.00871904 0.99943 49.7196 26.3562 1 1 2000 0 0 0 
20170507015304 0.331376 2.49001 -0.0881868 -0.147572 0.0316537 -0.988545 0.999055 0.00179039 0.0434356 -0.0015377 0.999982 -0.00585043 -0.0434453 0.00577811 0.999039 0.331376 2.49001 -0.0881868 -0.147572 0.0316537 -0.988545 0.999055 0.00179039 0.0434356 -0.0015377 0.999982 -0.00585043 -0.0434453 0.00577811 0.999039 49.1756 24.0871 1 1 2000 0 0 0 
20170507015304 0.144471 3.2488 0.183385 -0.315574 0.0634143 -0.94678 0.998388 -0.00305776 0.0566795 0.00319552 0.999992 -0.00234009 -0.0566719 0.00251744 0.99839 0.144471 3.2488 0.183385 -0.315574 0.0634143 -0.94678 0.998388 -0.00305776 0.0566795 0.00319552 0.999992 -0.00234009 -0.0566719 0.00251744 0.99839 50.9094 23.6594 1 1 2000 0 0 0 
20170507015304 -1.24892 -0.284401 -0.0393141 -0.290791 -0.00327417 -0.956781 0.999987 0.000794186 -0.00494757 -0.000686152 0.999762 0.0217994 0.00496371 -0.0217957 0.99975 -1.24892 -0.284401 -0.0393141 -0.290791 -0.00327417 -0.956781 0.999987 0.000794186 -0.00494757 -0.000686152 0.999762 0.0217994 0.00496371 -0.0217957 0.99975 53.5252 24.5313 1 1 2000 0 0 0 
20170507015305 -0.87263 1.60458 0.114223 -0.54656 0.0482725 -0.836027 0.999606 -0.00241979 0.0279679 0.00199279 0.999881 0.0152855 -0.0280015 -0.0152237 0.999492 -0.87263 1.60458 0.114223 -0.54656 0.0482725 -0.836027 0.999606 -0.00241979 0.0279679 0.00199279 0.999881 0.0152855 -0.0280015 -0.0152237 0.999492 58.6564 24.0767 1 1 2000 0 0 0 
20170507015305 -0.621827 1.21841 0.285083 -0.625768 0.0543356 -0.778115 0.999762 -0.0052061 0.0212081 0.0049745 0.999928 0.0109584 -0.0212636 -0.0108503 0.999715 -0.621827 1.21841 0.285083 -0.625768 0.0543356 -0.778115 0.999762 -0.0052061 0.0212081 0.0049745 0.999928 0.0109584 -0.0212636 -0.0108503 0.999715 64.7144 25.6014 1 1 2000 0 0 0 
20170507015305 -1.57459 0.0959586 -0.131395 0.616693 0.0705902 0.784032 0.999996 0.00224638 0.00173717 -0.00229326 0.99962 0.0274745 -0.00167479 -0.0274783 0.999621 -1.57459 0.0959586 -0.131395 0.616693 0.0705902 0.784032 0.999996 0.00224638 0.00173717 -0.00229326 0.99962 0.0274745 -0.00167479 -0.0274783 0.999621 67.4022 26.1314 1 1 2000 0 0 0 
20170507015306 0.333875 2.13452 0.709408 -0.815209 0.150753 -0.559203 0.99923 -0.012164 0.0373145 0.0123726 0.999909 -0.0053656 -0.0372459 0.00582315 0.999289 0.333875 2.13452 0.709408 -0.815209 0.150753 -0.559203 0.99923 -0.012164 0.0373145 0.0123726 0.999909 -0.0053656 -0.0372459 0.00582315 0.999289 70.9606 26.564 1 1 2000 0 0 0 
