20170507175352 0 0 0 0 0 0 0 0 0 0 0 0 0 0 0 122.543 -4.81852 170.816 -0.0893986 -0.871363 -0.482425 -0.983692 0.155761 0.0899394 0.159042 0.519734 0.839394 0.0839999 0.840009 -0.53603 0 0 0 0 1768 0 1 1 -0.941882 0 11.0059 1.17 -2.06 -2.01783 10.1337 3.79031 0 -0.941882 0 11.0059 1.17 -2.06 -2.01783 10.1337 3.79031 114 
20170507175352 -0.0601106 -0.652302 0.0790319 0 0 0 0.999934 -0.00136742 -0.011386 0.00137928 0.999999 0.00103342 0.0113846 -0.00104906 0.999935 -0.0601106 -0.652302 0.0790319 0.121858 0.220157 0.967823 0.999934 -0.00136742 -0.011386 0.00137928 0.999999 0.00103342 0.0113846 -0.00104906 0.999935 4.47757 0.79187 0 1 1768 0 0 0 -0.964614 -0.0113848 11.0059 1.17 -2.06 -2.01783 10.1337 3.79031 0 -0.964614 0 11.0059 1.17 -2.06 -2.01783 10.1337 3.79031 114.2 
20170507175352 -0.106256 -0.878958 0.211287 0 0 0 0.999876 -0.00365919 -0.0153468 0.00368722 0.999992 0.00179793 0.0153401 -0.0018543 0.999881 -0.106256 -0.878958 0.211287 0.100554 0.196052 0.975424 0.999876 -0.00365919 -0.0153468 0.00368722 0.999992 0.00179793 0.0153401 -0.0018543 0.999881 6.14597 1.04888 0 1 1768 0 0 0 -0.965443 -0.0153407 11.0059 1.18 -2.07 -2.00702 10.1761 3.68078 0 -0.965443 0 11.0059 1.18 -2.07 -2.00702 10.1761 3.68078 114 
20170507175352 -0.141847 -0.999988 0.312742 0 0 0 0.999833 -0.00541513 -0.0174654 0.00545752 0.999982 0.00238039 0.0174522 -0.00247531 0.999845 -0.141847 -0.999988 0.312742 0.0857484 0.183874 0.979202 0.999833 -0.00541513 -0.0174654 0.00545752 0.999982 0.00238039 0.0174522 -0.00247531 0.999845 7.08192 1.16669 0 1 1768 0 0 0 -0.965443 -0.0174531 11.0059 1.18 -2.07 -2.00702 10.1761 3.68078 0 -0.965443 0 11.0059 1.18 -2.07 -2.00702 10.1761 3.68078 114.1 
20170507175352 -0.22474 -1.10573 0.411419 0 0 0 0.999788 -0.00710481 -0.0193249 0.00717922 0.999967 0.00378378 0.0192974 -0.00392172 0.999806 -0.22474 -1.10573 0.411419 0.188975 0.141507 0.971733 0.999788 -0.00710481 -0.0193249 0.00717922 0.999967 0.00378378 0.0192974 -0.00392172 0.999806 7.89934 1.36686 0 1 1768 0 0 0 -0.965443 -0.0192986 11.0059 1.19 -2.08 -1.99401 10.2175 3.5715 0 -0.965443 0 11.0059 1.19 -2.08 -1.99401 10.2175 3.5715 114.1 
20170507175353 -0.56589 -1.39422 0.0325039 0 0 0 0.999704 -0.000326964 -0.0243358 0.000567133 0.999951 0.00986268 0.0243314 -0.00987356 0.999655 -0.56589 -1.39422 0.0325039 -0.00538222 0.0235368 0.999708 0.999704 -0.000326964 -0.0243358 0.000567133 0.999951 0.00986268 0.0243314 -0.00987356 0.999655 8.70768 1.51531 0 1 1768 0 0 0 -0.965443 -0.0243338 11.0059 1.2 -2.08 -1.94411 10.2579 3.48211 0 -0.965443 0 11.0059 1.2 -2.08 -1.94411 10.2579 3.48211 114.1 
20170507175353 -0.615635 -1.49754 0.0804861 0 0 0 0.999657 -0.00112387 -0.0261475 0.00140427 0.999942 0.0107079 0.0261339 -0.010741 0.999601 -0.615635 -1.49754 0.0804861 -0.0129469 0.0369729 0.999232 0.999657 -0.00112387 -0.0261475 0.00140427 0.999942 0.0107079 0.0261339 -0.010741 0.999601 9.2702 1.70763 0 1 1768 0 0 0 -0.965443 -0.0261369 11.0059 1.21 -2.09 -1.92783 10.2973 3.37326 0 -0.965443 0 11.0059 1.21 -2.09 -1.92783 10.2973 3.37326 114.1 
20170507175353 -0.157722 -0.819589 -0.281052 0 0 0 0.999886 0.00494462 -0.0142903 -0.00490476 0.999984 0.0028229 0.014304 -0.00275249 0.999894 -0.157722 -0.819589 -0.281052 0.80589 -0.371114 -0.46132 0.999886 0.00494462 -0.0142903 -0.00490476 0.999984 0.0028229 0.014304 -0.00275249 0.999894 10.1388 1.80678 0 1 1768 0 0 0 -0.965443 -0.0143045 11.0059 1.19 -2.1 -2.06504 10.2175 3.5309 0 -0.965443 0 11.0059 1.19 -2.1 -2.06504 10.2175 3.5309 113.9 
20170507175353 -0.115418 -0.865997 -0.251553 0 0 0 0.999876 0.00442085 -0.0151049 -0.00438991 0.999988 0.00208075 0.0151139 -0.00201419 0.999884 -0.115418 -0.865997 -0.251553 0.788487 -0.411316 -0.457283 0.999876 0.00442085 -0.0151049 -0.00438991 0.999988 0.00208075 0.0151139 -0.00201419 0.999884 10.8198 1.89761 0 1 1768 0 0 0 -0.964614 -0.0151145 11.0059 1.2 -2.11 -2.04768 10.2579 3.42222 0 -0.964614 0 11.0059 1.2 -2.11 -2.04768 10.2579 3.42222 114.1 
20170507175353 -0.37739 -1.93262 -0.153547 0 0 0 0.999428 0.00290196 -0.0337057 -0.00267837 0.999974 0.006677 0.0337242 -0.0065829 0.999409 -0.37739 -1.93262 -0.153547 0.366266 0.150662 0.918232 0.999428 0.00290196 -0.0337057 -0.00267837 0.999974 0.006677 0.0337242 -0.0065829 0.999409 11.5238 1.97565 0 1 1768 0 0 0 -0.964614 -0.0337306 11.0059 1.21 -2.11 -1.99491 10.2973 3.33403 0 -0.964614 0 11.0059 1.21 -2.11 -1.99491 10.2973 3.33403 114.1 
20170507175353 -0.368528 -1.98707 -0.147551 0 0 0 0.999395 0.00279821 -0.0346565 -0.00257369 0.999975 0.00652125 0.0346739 -0.00642811 0.999378 -0.368528 -1.98707 -0.147551 0.368924 0.146222 0.917886 0.999395 0.00279821 -0.0346565 -0.00257369 0.999975 0.00652125 0.0346739 -0.00642811 0.999378 11.7598 2.09301 0 1 1768 0 0 0 -0.965443 -0.0346809 11.0059 1.2 -2.11 -2.04768 10.2579 3.42222 0 -0.965443 0 11.0059 1.2 -2.11 -2.04768 10.2579 3.42222 113.9 
20170507175354 -0.18856 -1.24028 0.131536 0 0 0 0.999763 -0.00222449 -0.0216526 0.0022952 0.999992 0.00324129 0.0216453 -0.00329022 0.99976 -0.18856 -1.24028 0.131536 0.50323 -0.467914 -0.72651 0.999763 -0.00222449 -0.0216526 0.0022952 0.999992 0.00324129 0.0216453 -0.00329022 0.99976 11.3991 2.13805 0 1 1768 0 0 0 -0.964614 -0.021647 11.0059 1.22 -2.12 -1.9743 10.3356 3.22592 0 -0.964614 0 11.0059 1.22 -2.12 -1.9743 10.3356 3.22592 114 
20170507175354 -0.0430963 -1.0644 0.119765 0 0 0 0.999825 -0.00207632 -0.0185778 0.00208994 0.999998 0.000713342 0.0185762 -0.000752043 0.999827 -0.0430963 -1.0644 0.119765 0.528664 -0.550625 -0.646007 0.999825 -0.00207632 -0.0185778 0.00208994 0.999998 0.000713342 0.0185762 -0.000752043 0.999827 10.813 2.06193 0 1 1768 0 0 0 -0.964614 -0.0185773 11.0059 1.22 -2.11 -1.94194 10.3356 3.2455 0 -0.964614 0 11.0059 1.22 -2.11 -1.94194 10.3356 3.2455 114.1 
20170507175354 -0.158878 -1.1429 0.162695 0 0 0 0.999797 -0.00278425 -0.0199538 0.002839 0.999992 0.0027163 0.019946 -0.00277239 0.999797 -0.158878 -1.1429 0.162695 0.481817 -0.490552 -0.726093 0.999797 -0.00278425 -0.0199538 0.002839 0.999992 0.0027163 0.019946 -0.00277239 0.999797 10.5685 2.02391 0 1 1768 0 0 0 -0.964614 -0.0199474 11.0059 1.22 -2.12 -1.9743 10.3356 3.22592 0 -0.964614 0 11.0059 1.22 -2.12 -1.9743 10.3356 3.22592 114.1 
20170507175354 0.0170976 -0.695858 -0.130318 0 0 0 0.999924 0.00227085 -0.0121454 -0.0022743 0.999997 -0.000270787 0.0121447 0.000298388 0.999926 0.0170976 -0.695858 -0.130318 0.737869 -0.491629 -0.462439 0.999924 0.00227085 -0.0121454 -0.0022743 0.999997 -0.000270787 0.0121447 0.000298388 0.999926 9.90307 1.91423 0 1 1768 0 0 0 -0.964614 -0.012145 11.0059 1.21 -2.12 -2.02815 10.2973 3.31391 0 -0.964614 0 11.0059 1.21 -2.12 -2.02815 10.2973 3.31391 114.1 
20170507175354 0.0812526 -1.02347 0.420604 0 0 0 0.999814 -0.00736618 -0.017851 0.00733968 0.999972 -0.00154921 0.0178619 0.0014179 0.999839 0.0812526 -1.02347 0.420604 0.376826 -0.681359 -0.627497 0.999814 -0.00736618 -0.017851 0.00733968 0.999972 -0.00154921 0.0178619 0.0014179 0.999839 9.18343 1.76948 0 1 1768 0 0 0 -0.964178 -0.0178629 11.0059 1.22 -2.12 -1.9743 10.3356 3.22592 0 -0.964178 0 11.0059 1.22 -2.12 -1.9743 10.3356 3.22592 114.1 
20170507175354 0.103675 -0.281223 -0.109942 0 0 0 0.999986 0.00190997 -0.00491171 -0.00191883 0.999997 -0.00180004 0.00490825 0.00180944 0.999986 0.103675 -0.281223 -0.109942 0.847383 -0.468932 -0.249088 0.999986 0.00190997 -0.00491171 -0.00191883 0.999997 -0.00180004 0.00490825 0.00180944 0.999986 8.59033 1.58701 0 1 1768 0 0 0 -0.964614 -0.00490827 11.0059 1.2 -2.13 -2.11571 10.2579 3.38059 0 -0.964614 0 11.0059 1.2 -2.13 -2.11571 10.2579 3.38059 114.1 
20170507175355 0.542551 -0.0627214 0.236581 0 0 0 0.999991 -0.00413929 -0.00105554 0.00412911 0.999947 -0.0094736 0.0010947 0.00946915 0.999955 0.542551 -0.0627214 0.236581 0.739516 -0.652583 -0.16508 0.999991 -0.00413929 -0.00105554 0.00412911 0.999947 -0.0094736 0.0010947 0.00946915 0.999955 7.74448 1.47917 0 1 1768 0 0 0 -0.964614 -0.0010947 11.0059 1.2 -2.14 -2.14941 10.2579 3.35926 0 -0.964614 0 11.0059 1.2 -2.14 -2.14941 10.2579 3.35926 114.2 
20170507175355 0.5145 0.198374 0.19656 0 0 0 0.999988 -0.00339938 0.00349292 0.00343059 0.999954 -0.00896767 -0.00346227 0.00897954 0.999954 0.5145 0.198374 0.19656 0.806003 -0.587553 -0.0717031 0.999988 -0.00339938 0.00349292 0.00343059 0.999954 -0.00896767 -0.00346227 0.00897954 0.999954 6.83082 1.36663 0 1 1768 0 0 0 -0.964614 0.00346228 11.0059 1.21 -2.15 -2.12664 10.2973 3.25159 0 -0.964614 0 11.0059 1.21 -2.15 -2.12664 10.2973 3.25159 114.2 
20170507175355 -0.246292 -0.961951 0.169057 0 0 0 0.999855 -0.0028784 -0.0168009 0.00295018 0.999987 0.00424903 0.0167884 -0.00429798 0.99985 -0.246292 -0.961951 0.169057 0.28603 -0.399816 -0.870824 0.999855 -0.0028784 -0.0168009 0.00295018 0.999987 0.00424903 0.0167884 -0.00429798 0.99985 7.01861 1.34243 0 1 1768 0 0 0 -0.964614 -0.0167892 11.0059 1.21 -2.13 -2.06119 10.2973 3.29347 0 -0.964614 0 11.0059 1.21 -2.13 -2.06119 10.2973 3.29347 114 
20170507175355 0.54894 0.0613249 0.24281 0 0 0 0.99999 -0.00422737 0.00111086 0.00423782 0.999945 -0.00957604 -0.00107032 0.00958065 0.999954 0.54894 0.0613249 0.24281 -0.823248 0.564827 -0.0568623 0.99999 -0.00422737 0.00111086 0.00423782 0.999945 -0.00957604 -0.00107032 0.00958065 0.999954 7.82527 1.40594 0 1 1768 0 0 0 -0.964614 0.00107032 11.0059 1.19 -2.14 -2.20459 10.2175 3.4455 0 -0.964614 0 11.0059 1.19 -2.14 -2.20459 10.2175 3.4455 114.1 
20170507175355 -0.413957 -1.60015 0.169799 0 0 0 0.999606 -0.00276173 -0.0279448 0.0029624 0.99997 0.00714206 0.0279243 -0.00722203 0.999584 -0.413957 -1.60015 0.169799 -0.00853419 0.05031 0.998697 0.999606 -0.00276173 -0.0279448 0.0029624 0.99997 0.00714206 0.0279243 -0.00722203 0.999584 9.10732 1.52937 0 1 1768 0 0 0 -0.964614 -0.0279279 11.0059 1.2 -2.13 -2.11571 10.2579 3.38059 0 -0.964614 0 11.0059 1.2 -2.13 -2.11571 10.2579 3.38059 114.1 
20170507175355 -0.414747 -1.71876 0.158882 0 0 0 0.999546 -0.00255582 -0.0300128 0.00277176 0.999971 0.00715544 0.0299936 -0.00723538 0.999524 -0.414747 -1.71876 0.158882 0.0102872 0.0340116 0.999368 0.999546 -0.00255582 -0.0300128 0.00277176 0.999971 0.00715544 0.0299936 -0.00723538 0.999524 10.0809 1.7218 0 1 1768 0 0 0 -0.964614 -0.0299981 11.0059 1.21 -2.13 -2.06119 10.2973 3.29347 0 -0.964614 0 11.0059 1.21 -2.13 -2.06119 10.2973 3.29347 114.3 
20170507175356 -0.485634 -1.81671 0.140822 0 0 0 0.999494 -0.00218901 -0.0317219 0.00245656 0.999962 0.00839787 0.0317023 -0.00847155 0.999461 -0.485634 -1.81671 0.140822 0.032409 0.0146819 0.999367 0.999494 -0.00218901 -0.0317219 0.00245656 0.999962 0.00839787 0.0317023 -0.00847155 0.999461 10.9454 1.88948 0 1 1768 0 0 0 -0.964614 -0.0317076 11.0059 1.22 -2.11 -1.94194 10.3356 3.2455 0 -0.964614 0 11.0059 1.22 -2.11 -1.94194 10.3356 3.2455 114.2 
20170507175356 -0.52046 -1.90826 0.156187 0 0 0 0.999442 -0.00242339 -0.0333226 0.00272447 0.999956 0.00899282 0.0332993 -0.00907858 0.999404 -0.52046 -1.90826 0.156187 0.044572 0.00368086 0.998999 0.999442 -0.00242339 -0.0333226 0.00272447 0.999956 0.00899282 0.0332993 -0.00907858 0.999404 11.8161 2.24238 0 1 1768 0 0 0 -0.987161 -0.0333055 11.0059 1.21 -2.11 -1.99491 10.2973 3.33403 0 -0.987161 0 11.0059 1.21 -2.11 -1.99491 10.2973 3.33403 114.1 
20170507175356 -0.207523 -1.63036 0.243105 0 0 0 0.999586 -0.0041399 -0.0284663 0.00424126 0.999985 0.00350121 0.0284514 -0.00362049 0.999589 -0.207523 -1.63036 0.243105 0.294942 -0.0761588 0.952475 0.999586 -0.0041399 -0.0284663 0.00424126 0.999985 0.00350121 0.0284514 -0.00362049 0.999589 12.5475 2.61563 0 1 1766 0 0 0 -0.987161 -0.0284552 10.9718 1.23 -2.11 -1.88293 10.3408 3.14688 0 -0.987161 0 10.9718 1.23 -2.11 -1.88293 10.3408 3.14688 114.2 
20170507175356 -0.00126553 -1.35377 0.0780376 0 0 0 0.99972 -0.00136149 -0.0236256 0.00136163 0.999999 -1.00908e-05 0.0236256 -2.20814e-05 0.999721 -0.00126553 -1.35377 0.0780376 -0.4585 0.175189 -0.871256 0.99972 -0.00136149 -0.0236256 0.00136163 0.999999 -1.00908e-05 0.0236256 -2.20814e-05 0.999721 13.155 3.11924 0 1 1765 0 0 0 -0.987161 -0.0236278 10.9718 1.2 -2.12 -2.07535 10.2261 3.39105 0 -0.987161 0 10.9718 1.2 -2.12 -2.07535 10.2261 3.39105 114.2 
20170507175356 -0.259425 -1.88382 0.141803 0 0 0 0.999456 -0.00232607 -0.0328837 0.0024736 0.999987 0.00444643 0.032873 -0.00452536 0.999449 -0.259425 -1.88382 0.141803 0.102417 0.0517686 0.993394 0.999456 -0.00232607 -0.0328837 0.0024736 0.999987 0.00444643 0.032873 -0.00452536 0.999449 13.512 3.62824 0 1 1761 0 0 0 -0.987161 -0.0328789 10.9718 1.19 -2.12 -2.12863 10.1859 3.4781 0 -0.987161 0 10.9718 1.19 -2.12 -2.12863 10.1859 3.4781 114.2 
20170507175357 -0.349801 -1.78658 0.369624 0 0 0 0.999493 -0.00626065 -0.0312149 0.00644797 0.999962 0.0059039 0.0311767 -0.00610218 0.999495 -0.349801 -1.78658 0.369624 -0.0782772 -0.148719 -0.985776 0.999493 -0.00626065 -0.0312149 0.00644797 0.999962 0.0059039 0.0311767 -0.00610218 0.999495 13.9867 4.09606 0 1 1758 0 0 0 -0.987161 -0.0311818 10.9718 1.2 -2.12 -2.07535 10.2261 3.39105 0 -0.987161 0 10.9718 1.2 -2.12 -2.07535 10.2261 3.39105 114.1 
20170507175357 -0.382217 -1.70097 0.256237 0 0 0 0.999549 -0.00427406 -0.029712 0.0044702 0.999969 0.00653808 0.0296831 -0.00666795 0.999537 -0.382217 -1.70097 0.256237 -0.108597 -0.151795 -0.982428 0.999549 -0.00427406 -0.029712 0.0044702 0.999969 0.00653808 0.0296831 -0.00666795 0.999537 14.0049 4.4316 0 1 1757 0 0 0 -0.987161 -0.0296875 10.9718 1.19 -2.13 -2.1633 10.1859 3.45664 0 -0.987161 0 10.9718 1.19 -2.13 -2.1633 10.1859 3.45664 114.1 
20170507175357 -0.357833 -2.46755 0.463596 0 0 0 0.99904 -0.00782215 -0.0431019 0.00808368 0.99995 0.00589676 0.0430536 -0.00623953 0.999053 -0.357833 -2.46755 0.463596 0.168949 -0.0967106 -0.980869 0.99904 -0.00782215 -0.0431019 0.00808368 0.99995 0.00589676 0.0430536 -0.00623953 0.999053 13.9426 4.70687 0 1 1755 0 0 0 -0.987161 -0.0430669 10.9718 1.21 -2.13 -2.0548 10.2654 3.28327 0 -0.987161 0 10.9718 1.21 -2.13 -2.0548 10.2654 3.28327 114.2 
20170507175357 -0.578486 -2.48218 0.613357 0 0 0 0.999004 -0.0102671 -0.043412 0.0106949 0.999896 0.00963214 0.0433086 -0.0100868 0.999011 -0.578486 -2.48218 0.613357 0.177664 -0.13969 -0.974126 0.999004 -0.0102671 -0.043412 0.0106949 0.999896 0.00963214 0.0433086 -0.0100868 0.999011 13.7591 4.86273 0 1 1755 0 0 0 -0.987161 -0.0433221 11.0059 1.18 -2.15 -2.29475 10.1761 3.50862 0 -0.987161 0 11.0059 1.18 -2.15 -2.29475 10.1761 3.50862 114.3 
20170507175357 -0.309426 -1.98882 0.291072 0 0 0 0.999385 -0.00489264 -0.034731 0.00507708 0.999973 0.00522411 0.0347045 -0.00539722 0.999383 -0.309426 -1.98882 0.291072 -0.0668438 -0.0359409 -0.997116 0.999385 -0.00489264 -0.034731 0.00507708 0.999973 0.00522411 0.0347045 -0.00539722 0.999383 13.5955 4.9982 0 1 1755 0 0 0 -0.987161 -0.0347114 11.0059 1.2 -2.14 -2.14941 10.2579 3.35926 0 -0.987161 0 11.0059 1.2 -2.14 -2.14941 10.2579 3.35926 114.2 
20170507175357 -0.422693 -2.10716 0.295289 0 0 0 0.999311 -0.00488236 -0.0368052 0.00515027 0.999961 0.00718772 0.0367686 -0.00737232 0.999297 -0.422693 -2.10716 0.295289 -0.0612141 -0.0377715 -0.99741 0.999311 -0.00488236 -0.0368052 0.00515027 0.999961 0.00718772 0.0367686 -0.00737232 0.999297 14.4032 5.2028 0 1 1755 0 0 0 -0.987161 -0.0367769 11.0059 1.2 -2.15 -2.18289 10.2579 3.3376 0 -0.987161 0 11.0059 1.2 -2.15 -2.18289 10.2579 3.3376 114.2 
20170507175358 -0.412866 -2.08385 0.260035 0 0 0 0.999328 -0.00427632 -0.0363935 0.00453545 0.999965 0.00704071 0.0363621 -0.00720104 0.999313 -0.412866 -2.08385 0.260035 0.125148 0.0208719 0.991919 0.999328 -0.00427632 -0.0363935 0.00453545 0.999965 0.00704071 0.0363621 -0.00720104 0.999313 15.049 5.33729 0 1 1755 0 0 0 -0.987161 -0.0363701 11.0059 1.23 -2.15 -2.0135 10.3729 3.07859 0 -0.987161 0 11.0059 1.23 -2.15 -2.0135 10.3729 3.07859 114.2 
20170507175358 -0.172063 -1.07279 0.220029 0 0 0 0.999817 -0.00378397 -0.018734 0.00383954 0.999988 0.00293114 0.0187227 -0.00300254 0.99982 -0.172063 -1.07279 0.220029 -0.431571 0.180336 -0.883869 0.999817 -0.00378397 -0.018734 0.00383954 0.999988 0.00293114 0.0187227 -0.00300254 0.99982 14.9365 5.30048 0 1 1755 0 0 0 -0.987161 -0.0187238 11.0059 1.21 -2.15 -2.12664 10.2973 3.25159 0 -0.987161 0 11.0059 1.21 -2.15 -2.12664 10.2973 3.25159 114.3 
20170507175358 -0.222496 -0.954353 0.172113 0 0 0 0.999857 -0.00293923 -0.0166673 0.00300352 0.999988 0.00383322 0.0166558 -0.00388273 0.999854 -0.222496 -0.954353 0.172113 -0.424729 0.185136 -0.886188 0.999857 -0.00293923 -0.0166673 0.00300352 0.999988 0.00383322 0.0166558 -0.00388273 0.999854 14.6014 5.39552 0 1 1755 0 0 0 -0.987161 -0.0166566 11.0059 1.2 -2.15 -2.18289 10.2579 3.3376 0 -0.987161 0 11.0059 1.2 -2.15 -2.18289 10.2579 3.3376 114.3 
20170507175358 0.439168 -0.462158 0.238118 0 0 0 0.999959 -0.00421764 -0.00803393 0.0041558 0.999962 -0.0076983 0.00806609 0.0076646 0.999938 0.439168 -0.462158 0.238118 -0.554573 0.365084 -0.747771 0.999959 -0.00421764 -0.00803393 0.0041558 0.999962 -0.0076983 0.00806609 0.0076646 0.999938 14.5438 5.3666 0 1 1755 0 0 0 -0.964614 -0.00806618 11.0059 1.22 -2.14 -2.03842 10.3356 3.18579 0 -0.964614 0 11.0059 1.22 -2.14 -2.03842 10.3356 3.18579 114.2 
20170507175358 0.317296 -0.442373 0.254612 0 0 0 0.99996 -0.00448648 -0.00769598 0.00444366 0.999975 -0.00557209 0.00772078 0.00553767 0.999955 0.317296 -0.442373 0.254612 -0.508721 0.346772 -0.788005 0.99996 -0.00448648 -0.00769598 0.00444366 0.999975 -0.00557209 0.00772078 0.00553767 0.999955 13.9556 5.27173 0 1 1755 0 0 0 -0.965443 -0.00772086 11.0059 1.22 -2.12 -1.9743 10.3356 3.22592 0 -0.965443 0 11.0059 1.22 -2.12 -1.9743 10.3356 3.22592 114.3 
20170507175359 0.310142 -0.0635733 0.590134 0 0 0 0.999946 -0.0103054 -0.00105374 0.0102996 0.999932 -0.00542411 0.00110956 0.00541296 0.999985 0.310142 -0.0635733 0.590134 -0.465847 0.387632 -0.795442 0.999946 -0.0103054 -0.00105374 0.0102996 0.999932 -0.00542411 0.00110956 0.00541296 0.999985 12.6571 5.02013 0 1 1755 0 0 0 -0.964614 -0.00110956 11.0059 1.22 -2.11 -1.94194 10.3356 3.2455 0 -0.964614 0 11.0059 1.22 -2.11 -1.94194 10.3356 3.2455 114.3 
20170507175359 -0.575286 -0.949444 0.330419 0 0 0 0.999846 -0.00560021 -0.016627 0.00576608 0.999934 0.00994475 0.0165702 -0.0100391 0.999812 -0.575286 -0.949444 0.330419 -0.0648352 0.0748365 -0.995086 0.999846 -0.00560021 -0.016627 0.00576608 0.999934 0.00994475 0.0165702 -0.0100391 0.999812 10.9082 4.50366 0 1 1755 0 0 0 -0.964178 -0.0165709 11.0059 1.23 -2.1 -1.85711 10.3729 3.17538 0 -0.964178 0 11.0059 1.23 -2.1 -1.85711 10.3729 3.17538 114.4 
20170507175359 -0.623109 -0.641938 0.415292 0 0 0 0.999911 -0.00712588 -0.0112816 0.0072477 0.999915 0.0107936 0.0112037 -0.0108744 0.999878 -0.623109 -0.641938 0.415292 0.0150574 0.0505233 -0.998609 0.999911 -0.00712588 -0.0112816 0.0072477 0.999915 0.0107936 0.0112037 -0.0108744 0.999878 10.0041 4.05687 0 1 1755 0 0 0 -0.941391 -0.0112039 11.0059 1.23 -2.08 -1.79324 10.3729 3.21188 0 -0.941391 0 11.0059 1.23 -2.08 -1.79324 10.3729 3.21188 114.2 
20170507175359 -0.674694 -0.536001 0.42735 0 0 0 0.999928 -0.00734792 -0.00944177 0.00745827 0.999904 0.0117053 0.00935485 -0.0117748 0.999887 -0.674694 -0.536001 0.42735 0.139009 -0.00194282 -0.990289 0.999928 -0.00734792 -0.00944177 0.00745827 0.999904 0.0117053 0.00935485 -0.0117748 0.999887 9.59587 4.20816 0 1 1755 0 0 0 -0.941391 -0.00935499 11.0059 1.21 -2.07 -1.85999 10.2973 3.41114 0 -0.941391 0 11.0059 1.21 -2.07 -1.85999 10.2973 3.41114 114.3 
20170507175359 0.0112255 0.0742732 0.167988 0 0 0 0.999995 -0.00293169 0.00129688 0.00293194 0.999996 -0.00019212 -0.00129631 0.000195921 0.999999 0.0112255 0.0742732 0.167988 0.040278 0.190277 -0.980904 0.999995 -0.00293169 0.00129688 0.00293194 0.999996 -0.00019212 -0.00129631 0.000195921 0.999999 10.1516 4.88806 0 1 1754 0 0 0 -0.941882 0.00129631 11.0059 1.21 -2.08 -1.89401 10.2973 3.39237 0 -0.941882 0 11.0059 1.21 -2.08 -1.89401 10.2973 3.39237 114.3 
20170507175359 -0.390608 0.840878 0.542192 0 0 0 0.999848 -0.00956273 0.0146101 0.00946188 0.999931 0.00695591 -0.0146756 -0.00681662 0.999869 -0.390608 0.840878 0.542192 -0.0899473 -0.00699684 -0.995922 0.999848 -0.00956273 0.0146101 0.00946188 0.999931 0.00695591 -0.0146756 -0.00681662 0.999869 10.5413 5.59266 0 1 1752 0 0 0 -0.941882 0.0146761 11.0059 1.19 -2.07 -1.9582 10.2175 3.59126 0 -0.941882 0 11.0059 1.19 -2.07 -1.9582 10.2175 3.59126 114.3 
20170507175400 -0.246871 0.999085 0.531916 0 0 0 0.999805 -0.00935859 0.0173955 0.00928214 0.999947 0.00447038 -0.0174364 -0.00430804 0.999839 -0.246871 0.999085 0.531916 -0.0589066 -0.0048227 -0.998252 0.999805 -0.00935859 0.0173955 0.00928214 0.999947 0.00447038 -0.0174364 -0.00430804 0.999839 11.3466 6.25613 0 1 1752 0 0 0 -0.918965 0.0174373 11.0059 1.17 -2.06 -2.01783 10.1337 3.79031 0 -0.918965 0 11.0059 1.17 -2.06 -2.01783 10.1337 3.79031 114.1 
20170507175400 -0.248026 0.970716 -0.014288 0 0 0 0.999856 0.000176033 0.0169423 -0.000249336 0.999991 0.00432464 -0.0169414 -0.00432824 0.999847 -0.248026 0.970716 -0.014288 -0.0203606 -0.0548184 -0.998289 0.999856 0.000176033 0.0169423 -0.000249336 0.999991 0.00432464 -0.0169414 -0.00432824 0.999847 12.341 7.02015 0 1 1749 0 0 0 -0.918965 0.0169422 11.0059 1.17 -2.06 -2.01783 10.1337 3.79031 0 -0.918965 0 11.0059 1.17 -2.06 -2.01783 10.1337 3.79031 114.2 
20170507175400 -0.210222 1.51736 0.431881 0 0 0 0.999621 -0.00763477 0.0264512 0.00753503 0.999964 0.00386855 -0.0264798 -0.00366777 0.999643 -0.210222 1.51736 0.431881 -0.0960768 -0.0215046 -0.995142 0.999621 -0.00763477 0.0264512 0.00753503 0.999964 0.00386855 -0.0264798 -0.00366777 0.999643 13.0734 7.49791 0 1 1746 0 0 0 -0.92491 0.0264829 11.0059 1.17 -2.05 -1.97983 10.1337 3.81029 0 -0.92491 0 11.0059 1.17 -2.05 -1.97983 10.1337 3.81029 114.3 
20170507175400 -0.210921 1.52269 0.424215 0 0 0 0.999619 -0.00750164 0.0265446 0.00740126 0.999965 0.00387789 -0.0265728 -0.00367995 0.99964 -0.210921 1.52269 0.424215 -0.0807611 -0.0153138 -0.996616 0.999619 -0.00750164 0.0265446 0.00740126 0.999965 0.00387789 -0.0265728 -0.00367995 0.99964 13.534 7.7397 0 1 1746 0 0 0 -0.92491 0.0265759 11.0059 1.18 -2.04 -1.89571 10.1761 3.73933 0 -0.92491 0 11.0059 1.18 -2.04 -1.89571 10.1761 3.73933 114.4 
20170507175400 -0.191134 1.52664 0.400015 0 0 0 0.999621 -0.00707035 0.0266177 0.00697904 0.999969 0.00352183 -0.0266418 -0.00333472 0.999639 -0.191134 1.52664 0.400015 -0.0715086 -0.0113293 -0.997376 0.999621 -0.00707035 0.0266177 0.00697904 0.999969 0.00352183 -0.0266418 -0.00333472 0.999639 13.8398 7.86097 0 1 1746 0 0 0 -0.92454 0.0266449 11.0059 1.19 -2.03 -1.81302 10.2175 3.66669 0 -0.92454 0 11.0059 1.19 -2.03 -1.81302 10.2175 3.66669 114.1 
20170507175400 -0.259097 1.54017 0.389432 0 0 0 0.999616 -0.00691829 0.0268462 0.00679437 0.999966 0.00470466 -0.0268778 -0.00452045 0.999629 -0.259097 1.54017 0.389432 -0.0530857 -0.0142516 -0.998488 0.999616 -0.00691829 0.0268462 0.00679437 0.999966 0.00470466 -0.0268778 -0.00452045 0.999629 14.4425 8.13771 0 1 1746 0 0 0 -0.92491 0.0268811 11.0059 1.18 -2.02 -1.82055 10.1761 3.77649 0 -0.92491 0 11.0059 1.18 -2.02 -1.82055 10.1761 3.77649 114.1 
20170507175401 -0.431396 0.790988 0.422483 0 0 0 0.999878 -0.00747738 0.0137486 0.00737295 0.999944 0.00763079 -0.0138049 -0.00752848 0.999876 -0.431396 0.790988 0.422483 0.139728 -0.0790523 -0.987029 0.999878 -0.00747738 0.0137486 0.00737295 0.999944 0.00763079 -0.0138049 -0.00752848 0.999876 14.9532 8.44526 0 1 1745 0 0 0 -0.92491 0.0138053 11.0059 1.18 -2.02 -1.82055 10.1761 3.77649 0 -0.92491 0 11.0059 1.18 -2.02 -1.82055 10.1761 3.77649 114.2 
20170507175401 -0.275095 2.02917 0.119235 0 0 0 0.999371 -0.00225102 0.0353977 0.00207973 0.999986 0.00487497 -0.0354082 -0.00479828 0.999361 -0.275095 2.02917 0.119235 -0.077501 -0.000529153 -0.996992 0.999371 -0.00225102 0.0353977 0.00207973 0.999986 0.00487497 -0.0354082 -0.00479828 0.999361 15.9294 9.01693 0 1 1740 0 0 0 -0.92491 0.0354156 11.0059 1.18 -2 -1.74466 10.1761 3.81214 0 -0.92491 0 11.0059 1.18 -2 -1.74466 10.1761 3.81214 114.3 
20170507175401 0.257469 1.40874 0.407442 0 0 0 0.999672 -0.00700059 0.0246158 0.00710899 0.999965 -0.00431873 -0.0245847 0.00449231 0.999688 0.257469 1.40874 0.407442 0.0712253 0.0745816 -0.994668 0.999672 -0.00700059 0.0246158 0.00710899 0.999965 -0.00431873 -0.0245847 0.00449231 0.999688 16.7377 9.48959 0 1 1739 0 0 0 -0.92491 0.0245872 11.0059 1.17 -2 -1.78692 10.1337 3.90448 0 -0.92491 0 11.0059 1.17 -2 -1.78692 10.1337 3.90448 114.2 
20170507175401 0.122208 1.35288 0.397839 0 0 0 0.999697 -0.00689318 0.0236241 0.00694161 0.999974 -0.00196894 -0.02361 0.00213233 0.999719 0.122208 1.35288 0.397839 0.0987034 0.0559198 -0.993544 0.999697 -0.00689318 0.0236241 0.00694161 0.999974 -0.00196894 -0.02361 0.00213233 0.999719 17.4105 9.85467 0 1 1739 0 0 0 -0.92491 0.0236121 11.0059 1.17 -1.99 -1.74778 10.1337 3.92216 0 -0.92491 0 11.0059 1.17 -1.99 -1.74778 10.1337 3.92216 114.2 
20170507175401 0.128804 1.29732 0.412421 0 0 0 0.999718 -0.00714713 0.0226561 0.0071962 0.999972 -0.00208502 -0.0226406 0.00224747 0.999741 0.128804 1.29732 0.412421 0.107438 0.0559909 -0.992634 0.999718 -0.00714713 0.0226561 0.0071962 0.999972 -0.00208502 -0.0226406 0.00224747 0.999741 17.6995 9.98557 0 1 1739 0 0 0 -0.92491 0.0226425 11.0059 1.18 -1.98 -1.66807 10.1761 3.84627 0 -0.92491 0 11.0059 1.18 -1.98 -1.66807 10.1761 3.84627 114.2 
20170507175401 0.27865 1.34334 0.429039 0 0 0 0.999697 -0.00737397 0.0234791 0.00748601 0.999961 -0.00468766 -0.0234436 0.00486201 0.999713 0.27865 1.34334 0.429039 0.0705328 0.0808998 -0.994223 0.999697 -0.00737397 0.0234791 0.00748601 0.999961 -0.00468766 -0.0234436 0.00486201 0.999713 17.2833 9.67164 0 1 1739 0 0 0 -0.92491 0.0234458 11.0059 1.17 -1.99 -1.74778 10.1337 3.92216 0 -0.92491 0 11.0059 1.17 -1.99 -1.74778 10.1337 3.92216 114.2 
20170507175402 0.344598 1.51046 0.439964 0 0 0 0.999623 -0.00752007 0.0264043 0.00767607 0.999954 -0.00581175 -0.0263594 0.00601224 0.999634 0.344598 1.51046 0.439964 0.0175086 0.0960138 -0.995226 0.999623 -0.00752007 0.0264043 0.00767607 0.999954 -0.00581175 -0.0263594 0.00601224 0.999634 17.0077 9.41796 0 1 1739 0 0 0 -0.92491 0.0263625 11.0059 1.18 -1.97 -1.62952 10.1761 3.86276 0 -0.92491 0 11.0059 1.18 -1.97 -1.62952 10.1761 3.86276 114.3 
20170507175402 -1.16084 1.90212 -0.168379 0 0 0 0.999445 0.00226571 0.0332447 -0.00293714 0.999792 0.0201615 -0.0331921 -0.0202479 0.999244 -1.16084 1.90212 -0.168379 -0.0839873 -0.166288 -0.982494 0.999445 0.00226571 0.0332447 -0.00293714 0.999792 0.0201615 -0.0331921 -0.0202479 0.999244 16.893 9.2105 0 1 1739 0 0 0 -0.919765 0.0331982 11.0059 1.18 -1.97 -1.62952 10.1761 3.86276 0 -0.919765 0 11.0059 1.18 -1.97 -1.62952 10.1761 3.86276 114 
20170507175402 -1.16404 1.74655 -0.194513 0 0 0 0.99953 0.00277502 0.0305408 -0.0033933 0.99979 0.0202113 -0.0304783 -0.0203054 0.999329 -1.16404 1.74655 -0.194513 -0.0811126 -0.16303 -0.983281 0.99953 0.00277502 0.0305408 -0.0033933 0.99979 0.0202113 -0.0304783 -0.0203054 0.999329 16.8359 9.00376 0 1 1739 0 0 0 -0.941882 0.030483 11.0059 1.18 -1.97 -1.62952 10.1761 3.86276 0 -0.941882 0 11.0059 1.18 -1.97 -1.62952 10.1761 3.86276 114.3 
20170507175402 -0.612638 0.830158 0.116132 0 0 0 0.999893 -0.00218168 0.014466 0.00202667 0.99994 0.0107217 -0.0144885 -0.0106912 0.999838 -0.612638 0.830158 0.116132 0.0988231 -0.108843 -0.989135 0.999893 -0.00218168 0.014466 0.00202667 0.99994 0.0107217 -0.0144885 -0.0106912 0.999838 16.8426 8.86251 0 1 1739 0 0 0 -0.942697 0.014489 11.0059 1.19 -1.96 -1.55212 10.2175 3.78452 0 -0.942697 0 11.0059 1.19 -1.96 -1.55212 10.2175 3.78452 114.2 
20170507175402 -0.921675 1.40886 0.0166891 0 0 0 0.999698 -0.000686734 0.0245789 0.000291191 0.99987 0.0160927 -0.0245868 -0.0160807 0.999568 -0.921675 1.40886 0.0166891 -0.019269 -0.177354 -0.983959 0.999698 -0.000686734 0.0245789 0.000291191 0.99987 0.0160927 -0.0245868 -0.0160807 0.999568 17.2583 9.00698 0 1 1737 0 0 0 -0.941882 0.0245893 11.0059 1.16 -1.96 -1.66772 10.0902 4.06637 0 -0.941882 0 11.0059 1.16 -1.96 -1.66772 10.0902 4.06637 114.3 
20170507175402 -0.590951 0.378165 0.156509 0 0 0 0.999974 -0.00279953 0.00657163 0.00273154 0.999943 0.0103318 -0.00660018 -0.0103136 0.999925 -0.590951 0.378165 0.156509 0.152983 -0.135419 -0.978907 0.999974 -0.00279953 0.00657163 0.00273154 0.999943 0.0103318 -0.00660018 -0.0103136 0.999925 17.7594 9.18907 0 1 1736 0 0 0 -0.941882 0.00660023 11.0059 1.17 -1.97 -1.66899 10.1337 3.95632 0 -0.941882 0 11.0059 1.17 -1.97 -1.66899 10.1337 3.95632 114.4 
20170507175403 -0.259993 1.37145 0.0485936 0 0 0 0.999713 -0.000956715 0.0239299 0.000847875 0.999989 0.00455802 -0.023934 -0.00453642 0.999703 -0.259993 1.37145 0.0485936 -0.0510946 -0.0787765 -0.995582 0.999713 -0.000956715 0.0239299 0.000847875 0.999989 0.00455802 -0.023934 -0.00453642 0.999703 17.9973 9.07049 0 1 1735 0 0 0 -0.941882 0.0239363 11.0059 1.15 -1.98 -1.78877 10.0458 4.12458 0 -0.941882 0 11.0059 1.15 -1.98 -1.78877 10.0458 4.12458 114.3 
20170507175403 -0.462251 -0.925986 0.323553 0 0 0 0.999853 -0.00551647 -0.0162056 0.0056463 0.999952 0.00797632 0.0161608 -0.00806665 0.999837 -0.462251 -0.925986 0.323553 0.242619 -0.114094 -0.963389 0.999853 -0.00551647 -0.0162056 0.0056463 0.999952 0.00797632 0.0161608 -0.00806665 0.999837 18.0757 8.70774 0 1 1733 0 0 0 -0.941882 -0.0161615 11.0059 1.15 -1.98 -1.78877 10.0458 4.12458 0 -0.941882 0 11.0059 1.15 -1.98 -1.78877 10.0458 4.12458 114.2 
20170507175403 -0.000462274 -0.132934 0.402491 0 0 0 0.999973 -0.00702472 -0.00232014 0.00702472 0.999975 -8.23035e-06 0.00232014 -8.06818e-06 0.999997 -0.000462274 -0.132934 0.402491 0.113379 -0.071753 -0.990957 0.999973 -0.00702472 -0.00232014 0.00702472 0.999975 -8.23035e-06 0.00232014 -8.06818e-06 0.999997 18.3004 8.92754 0 1 1732 0 0 0 -0.965443 -0.00232014 11.0059 1.14 -1.97 -1.78639 10.0003 4.23461 0 -0.965443 0 11.0059 1.14 -1.97 -1.78639 10.0003 4.23461 114.2 
20170507175403 0.344644 -0.378568 0.212123 0 0 0 0.999971 -0.00374192 -0.00658477 0.00370216 0.999975 -0.00603956 0.0066072 0.00601501 0.99996 0.344644 -0.378568 0.212123 0.093 0.0244891 -0.995365 0.999971 -0.00374192 -0.00658477 0.00370216 0.999975 -0.00603956 0.0066072 0.00601501 0.99996 18.4802 8.98432 0 1 1731 0 0 0 -0.965443 -0.00660725 11.0059 1.15 -1.98 -1.78877 10.0458 4.12458 0 -0.965443 0 11.0059 1.15 -1.98 -1.78877 10.0458 4.12458 114.3 
20170507175403 0.287776 -0.55571 0.188371 0 0 0 0.999948 -0.00333635 -0.00968212 0.00328753 0.999982 -0.00505447 0.00969881 0.00502238 0.99994 0.287776 -0.55571 0.188371 0.0905391 0.0229395 -0.995629 0.999948 -0.00333635 -0.00968212 0.00328753 0.999982 -0.00505447 0.00969881 0.00502238 0.99994 18.7004 9.19436 0 1 1731 0 0 0 -0.965443 -0.00969896 11.0059 1.14 -1.99 -1.87072 10.0003 4.19804 0 -0.965443 0 11.0059 1.14 -1.99 -1.87072 10.0003 4.19804 114.2 
20170507175403 0.248603 -0.742279 0.159443 0 0 0 0.999912 -0.00283898 -0.0129426 0.00278256 0.999987 -0.00437496 0.0129549 0.00433856 0.999907 0.248603 -0.742279 0.159443 0.0887143 0.0238876 -0.995771 0.999912 -0.00283898 -0.0129426 0.00278256 0.999987 -0.00437496 0.0129549 0.00433856 0.999907 18.9561 9.48493 0 1 1731 0 0 0 -0.965443 -0.0129552 11.0059 1.16 -1.99 -1.78894 10.0902 4.01452 0 -0.965443 0 11.0059 1.16 -1.99 -1.78894 10.0902 4.01452 114.1 
20170507175404 0.129495 -1.02315 0.302311 0 0 0 0.999827 -0.00531664 -0.0178442 0.00527546 0.999983 -0.00235429 0.0178564 0.00225975 0.999838 0.129495 -1.02315 0.302311 0.131915 -0.0109055 -0.991201 0.999827 -0.00531664 -0.0178442 0.00527546 0.999983 -0.00235429 0.0178564 0.00225975 0.999838 19.3113 9.96568 0 1 1729 0 0 0 -0.988003 -0.0178574 11.0059 1.15 -2 -1.87089 10.0458 4.08798 0 -0.988003 0 11.0059 1.15 -2 -1.87089 10.0458 4.08798 114.3 
20170507175404 0.284926 -0.712666 0.0669033 0 0 0 0.999922 -0.00122952 -0.0124321 0.00116759 0.999987 -0.0049874 0.012438 0.00497249 0.99991 0.284926 -0.712666 0.0669033 0.0652278 0.00647652 -0.997849 0.999922 -0.00122952 -0.0124321 0.00116759 0.999987 -0.0049874 0.012438 0.00497249 0.99991 19.6597 10.3902 0 1 1728 0 0 0 -0.988003 -0.0124384 11.0059 1.16 -2 -1.829 10.0902 3.99643 0 -0.988003 0 11.0059 1.16 -2 -1.829 10.0902 3.99643 114.3 
20170507175404 -0.0320514 -0.648963 0.322851 0.037644 0.00178528 -0.99929 0.99992 -0.00562845 -0.0113293 0.00563442 0.999984 0.000495572 0.0113263 -0.000559366 0.999936 -0.0320514 -0.648963 0.322851 0.037644 0.00178528 -0.99929 0.99992 -0.00562845 -0.0113293 0.00563442 0.999984 0.000495572 0.0113263 -0.000559366 0.999936 20.1075 10.6363 1 1 1727 0 0 0 -0.988003 -0.0113265 11.0059 1.16 -2 -1.829 10.0902 3.99643 0 -0.988003 0 12.0223 0.993249 0.280569 6.30718 10.0724 -1.81754 114.2 
20170507175404 0.109991 -0.698853 0.375979 0.0208914 0.0334025 -0.999224 0.999904 -0.00658542 -0.0121841 0.00656153 0.999976 -0.0019997 0.012197 0.00191956 0.999924 0.109991 -0.698853 0.375979 0.0208914 0.0334025 -0.999224 0.999904 -0.00658542 -0.0121841 0.00656153 0.999976 -0.0019997 0.012197 0.00191956 0.999924 20.7024 11.0794 1 1 1727 0 0 0 -0.988003 -0.0121973 11.0059 1.17 -2 -1.78692 10.1337 3.90448 0 -0.988003 0 11.8595 0.972522 0.268078 6.44091 9.79963 -1.76925 114.1 
20170507175404 0.15286 -0.794321 0.371404 0.00953492 0.0494301 -0.998732 0.999883 -0.00651915 -0.0138454 0.00648156 0.999975 -0.00275771 0.0138631 0.00266764 0.9999 0.15286 -0.794321 0.371404 0.00953492 0.0494301 -0.998732 0.999883 -0.00651915 -0.0138454 0.00648156 0.999975 -0.00275771 0.0138631 0.00266764 0.9999 21.3764 11.6442 1 1 1727 0 0 0 -0.988003 -0.0138635 11.0059 1.17 -2 -1.78692 10.1337 3.90448 0 -0.988003 0 11.7453 0.962629 0.251759 6.49931 9.63935 -1.67173 114.3 
20170507175404 0.13238 -0.95346 0.416006 0.0105229 0.0481378 -0.998785 0.999835 -0.00729903 -0.016623 0.0072596 0.999971 -0.00243122 0.0166403 0.00231014 0.999859 0.13238 -0.95346 0.416006 0.0105229 0.0481378 -0.998785 0.999835 -0.00729903 -0.016623 0.0072596 0.999971 -0.00243122 0.0166403 0.00231014 0.999859 21.9322 12.0952 1 1 1727 0 0 0 -0.988003 -0.016641 11.0059 1.19 -2.01 -1.73933 10.2175 3.70222 0 -0.988003 0 11.8799 0.960616 0.280196 6.5419 9.73612 -1.88254 114.2 
20170507175405 0.141591 -1.06815 0.412474 0.0069543 0.0500027 -0.998725 0.9998 -0.00724502 -0.0186234 0.00719772 0.999971 -0.00260536 0.0186417 0.0024708 0.999823 0.141591 -1.06815 0.412474 0.0069543 0.0500027 -0.998725 0.9998 -0.00724502 -0.0186234 0.00719772 0.999971 -0.00260536 0.0186417 0.0024708 0.999823 22.5482 12.5596 1 1 1727 0 0 0 -0.988003 -0.0186428 11.0059 1.18 -2.01 -1.78269 10.1761 3.79451 0 -0.988003 0 11.7985 0.961604 0.263762 6.51768 9.67606 -1.76012 114.1 
20170507175405 0.164723 -1.20976 0.37905 0.00581284 0.0500315 -0.998731 0.999755 -0.00667628 -0.0210931 0.00661414 0.999974 -0.00301456 0.0211127 0.00287431 0.999773 0.164723 -1.20976 0.37905 0.00581284 0.0500315 -0.998731 0.999755 -0.00667628 -0.0210931 0.00661414 0.999974 -0.00301456 0.0211127 0.00287431 0.999773 23.0867 13.1559 1 1 1727 0 0 0 -0.988003 -0.0211143 11.0059 1.18 -2.01 -1.78269 10.1761 3.79451 0 -0.988003 0 11.8003 0.961336 0.26216 6.52401 9.67577 -1.75062 114.1 
20170507175405 0.164485 -1.39507 0.401235 0.0141961 0.0482213 -0.998736 0.999679 -0.00707267 -0.0243253 0.00700073 0.999971 -0.00304121 0.0243461 0.00286994 0.999699 0.164485 -1.39507 0.401235 0.0141961 0.0482213 -0.998736 0.999679 -0.00707267 -0.0243253 0.00700073 0.999971 -0.00304121 0.0243461 0.00286994 0.999699 23.557 13.4752 1 1 1727 0 0 0 -1.0056 -0.0243485 11.0059 1.18 -2.01 -1.78269 10.1761 3.79451 0 -1.0056 0 11.8326 0.960101 0.249353 6.57542 9.69387 -1.67445 114.4 
20170507175405 0.14969 -1.38698 0.390139 0.0164471 0.0530035 -0.998459 0.999684 -0.00687238 -0.0241866 0.00680717 0.999973 -0.00277734 0.024205 0.00261182 0.999704 0.14969 -1.38698 0.390139 0.0164471 0.0530035 -0.998459 0.999684 -0.00687238 -0.0241866 0.00680717 0.999973 -0.00277734 0.024205 0.00261182 0.999704 23.8864 13.4361 1 1 1727 0 0 0 -1.0056 -0.0242074 11.0059 1.19 -2.01 -1.73933 10.2175 3.70222 0 -1.0056 0 11.8595 0.95593 0.263864 6.60439 9.68746 -1.78426 114.1 
20170507175405 -0.275871 -1.24399 0.199627 0.0693479 -0.0106838 -0.997535 0.999758 -0.00337957 -0.0217263 0.00348332 0.999983 0.00473917 0.0217099 -0.00481371 0.999753 -0.275871 -1.24399 0.199627 0.0693479 -0.0106838 -0.997535 0.999758 -0.00337957 -0.0217263 0.00348332 0.999983 0.00473917 0.0217099 -0.00481371 0.999753 23.9458 13.1587 1 1 1726 0 0 0 -0.988003 -0.0217116 11.0059 1.19 -2 -1.70222 10.2175 3.71942 0 -0.988003 0 12.2927 0.997054 0.359864 6.24482 10.3243 -2.3496 114.4 
20170507175405 -0.344219 -0.984711 0.153353 0.0741426 -0.0123514 -0.997171 0.999849 -0.00257322 -0.0172013 0.00267612 0.999979 0.00596171 0.0171856 -0.00600684 0.999834 -0.344219 -0.984711 0.153353 0.0741426 -0.0123514 -0.997171 0.999849 -0.00257322 -0.0172013 0.00267612 0.999979 0.00596171 0.0171856 -0.00600684 0.999834 23.949 12.5477 1 1 1726 0 0 0 -0.988847 -0.0171865 11.0059 1.18 -2 -1.74466 10.1761 3.81214 0 -0.988847 0 12.2265 1.00172 0.354711 6.17811 10.2996 -2.28823 114.1 
20170507175406 -0.538184 -1.47228 0.467777 0.138306 -0.0566626 -0.988767 0.999637 -0.00792246 -0.0257681 0.00816146 0.999925 0.00918288 0.0256934 -0.00938985 0.999626 -0.538184 -1.47228 0.467777 0.138306 -0.0566626 -0.988767 0.999637 -0.00792246 -0.0257681 0.00816146 0.999925 0.00918288 0.0256934 -0.00938985 0.999626 23.6751 12.0795 1 1 1726 0 0 0 -0.988847 -0.0256962 11.0059 1.18 -1.98 -1.66807 10.1761 3.84627 0 -0.988847 0 12.5278 1.03041 0.439777 5.83182 10.7427 -2.74392 114.2 
20170507175406 -0.200645 -0.810002 0.253599 0.0988621 0.00388198 -0.995094 0.99989 -0.00437658 -0.014152 0.00442567 0.999984 0.0034393 0.0141367 -0.00350156 0.999894 -0.200645 -0.810002 0.253599 0.0988621 0.00388198 -0.995094 0.99989 -0.00437658 -0.014152 0.00442567 0.999984 0.0034393 0.0141367 -0.00350156 0.999894 23.5771 11.8188 1 1 1726 0 0 0 -0.966273 -0.0141372 11.0059 1.18 -1.95 -1.55195 10.1761 3.89458 0 -0.966273 0 12.0946 0.993903 0.40095 6.07351 10.1373 -2.57465 114.2 
20170507175406 0.229553 -1.63201 0.338209 0.221919 0.0460283 -0.973978 0.999577 -0.00601687 -0.0284557 0.00590043 0.999974 -0.00417449 0.02848 0.00400482 0.999586 0.229553 -1.63201 0.338209 0.221919 0.0460283 -0.973978 0.999577 -0.00601687 -0.0284557 0.00590043 0.999974 -0.00417449 0.02848 0.00400482 0.999586 23.6087 11.6221 1 1 1725 0 0 0 -0.966273 -0.0284839 11.0059 1.18 -1.94 -1.51293 10.1761 3.9099 0 -0.966273 0 11.5656 0.997396 0.582547 5.23939 9.7158 -3.45179 114.2 
20170507175406 -0.0167235 -1.03222 0.322647 0.20099 0.0134554 -0.979501 0.999822 -0.00562596 -0.018016 0.00563031 0.999984 0.000190432 0.0180146 -0.000291833 0.999838 -0.0167235 -1.03222 0.322647 0.20099 0.0134554 -0.979501 0.999822 -0.00562596 -0.018016 0.00563031 0.999984 0.000190432 0.0180146 -0.000291833 0.999838 23.5779 11.7102 1 1 1725 0 0 0 -0.966143 -0.0180156 11.0059 1.17 -1.9 -1.38819 10.1337 4.06337 0 -0.966143 0 11.8538 1.00384 0.519117 5.52758 9.9991 -3.1584 114.3 
20170507175406 0.608032 -1.80849 0.220085 0.318135 0.0768623 -0.944925 0.999495 -0.00417587 -0.0315161 0.00383928 0.999935 -0.0107331 0.0315588 0.0106067 0.999446 0.608032 -1.80849 0.220085 0.318135 0.0768623 -0.944925 0.999495 -0.00417587 -0.0315161 0.00383928 0.999935 -0.0107331 0.0315588 0.0106067 0.999446 23.6011 11.7606 1 1 1725 0 0 0 -0.966143 -0.0315641 11.0059 1.17 -1.85 -1.18337 10.1337 4.12767 0 -0.966143 0 11.2018 0.990002 0.679277 4.78199 9.36503 -3.8613 114 
20170507175406 -0.124056 -0.165383 0.305361 0.170361 -0.0168842 -0.985237 0.999982 -0.00532327 -0.00289796 0.00532951 0.999983 0.00214977 0.00288647 -0.00216517 0.999993 -0.124056 -0.165383 0.305361 0.170361 -0.0168842 -0.985237 0.999982 -0.00532327 -0.00289796 0.00532951 0.999983 0.00214977 0.00288647 -0.00216517 0.999993 23.7144 11.8695 1 1 1725 0 0 0 -0.966807 -0.00288647 11.0059 1.17 -1.83 -1.10059 10.1337 4.15051 0 -0.966807 0 12.2777 0.995663 0.440421 6.04113 10.3025 -2.84715 114.1 
