20170507182559 -0.137342 -0.0307511 0.156481 0 0 0 0.999996 -0.00272981 -0.000543252 0.00273111 0.999993 0.0023956 0.000536709 -0.00239707 0.999997 -0.137342 -0.0307511 0.156481 -0.761961 0.572933 -0.301931 0.999996 -0.00272981 -0.000543252 0.00273111 0.999993 0.0023956 0.000536709 -0.00239707 0.999997 2.79658 0.836072 0 1 1893 0 0 0 0.131806 -0.000536709 7.59847 0.9 -1.22 1.62314 5.95209 4.43564 0 0.131806 0 7.59847 0.9 -1.22 1.62314 5.95209 4.43564 113.4 
20170507182559 -0.428353 -0.503595 0.00638843 0 0 0 0.999961 -4.57865e-05 -0.00878986 0.000111495 0.999972 0.00747513 0.00878927 -0.00747582 0.999933 -0.428353 -0.503595 0.00638843 0.0377142 0.0844366 0.995715 0.999961 -4.57865e-05 -0.00878986 0.000111495 0.999972 0.00747513 0.00878927 -0.00747582 0.999933 3.32028 0.844139 0 1 1893 0 0 0 0.131806 -0.00878939 7.63255 0.93 -1.22 1.56805 6.1184 4.28511 0 0.131806 0 7.63255 0.93 -1.22 1.56805 6.1184 4.28511 113.2 
20170507182559 -0.468527 -0.204051 0.00264075 0 0 0 0.999994 -1.69661e-05 -0.00356162 4.60894e-05 0.999967 0.00817709 0.00356136 -0.0081772 0.99996 -0.468527 -0.204051 0.00264075 -0.00595937 -0.351896 -0.93602 0.999994 -1.69661e-05 -0.00356162 4.60894e-05 0.999967 0.00817709 0.00356136 -0.0081772 0.99996 3.41988 0.977269 0 1 1893 0 0 0 0.131806 -0.00356137 7.63255 0.95 -1.21 1.56731 6.20843 4.15388 0 0.131806 0 7.63255 0.95 -1.21 1.56731 6.20843 4.15388 113.6 
20170507182559 0.424239 0.169576 -0.0785415 0 0 0 0.999995 0.00139268 0.00294941 -0.0013708 0.999972 -0.00740834 -0.00295965 0.00740426 0.999968 0.424239 0.169576 -0.0785415 -0.3285 0.906961 0.263646 0.999995 0.00139268 0.00294941 -0.0013708 0.999972 -0.00740834 -0.00295965 0.00740426 0.999968 2.96766 1.02036 0 1 1893 0 0 0 0.131806 0.00295965 7.63255 0.97 -1.2 1.56346 6.29598 4.02145 0 0.131806 0 7.63255 0.97 -1.2 1.56346 6.29598 4.02145 113.7 
20170507182600 -0.129717 0.0339536 -0.111003 0 0 0 0.999998 0.00193602 0.000596986 -0.00193737 0.999996 0.00226283 -0.000592602 -0.00226398 0.999997 -0.129717 0.0339536 -0.111003 -0.177412 0.75227 0.63452 0.999998 0.00193602 0.000596986 -0.00193737 0.999996 0.00226283 -0.000592602 -0.00226398 0.999997 3.20934 1.11856 0 1 1893 0 0 0 0.131806 0.000592602 7.63255 0.96 -1.18 1.66747 6.25252 4.04739 0 0.131806 0 7.63255 0.96 -1.18 1.66747 6.25252 4.04739 113.4 
20170507182600 0.0817393 -0.184957 0.0257011 0 0 0 0.999995 -0.000453174 -0.00322746 0.000448567 0.999999 -0.00142807 0.00322811 0.00142661 0.999994 0.0817393 -0.184957 0.0257011 -0.148333 -0.888029 -0.435202 0.999995 -0.000453174 -0.00322746 0.000448567 0.999999 -0.00142807 0.00322811 0.00142661 0.999994 2.88058 0.887517 0 1 1893 0 0 0 0.131806 -0.00322811 7.63255 0.97 -1.17 1.68338 6.29598 3.97274 0 0.131806 0 7.63255 0.97 -1.17 1.68338 6.29598 3.97274 113.5 
20170507182600 -0.287963 -0.17485 -0.0640299 0 0 0 0.999995 0.00113285 -0.00304604 -0.00111753 0.999987 0.00502929 0.0030517 -0.00502586 0.999983 -0.287963 -0.17485 -0.0640299 -0.220179 0.556255 0.801313 0.999995 0.00113285 -0.00304604 -0.00111753 0.999987 0.00502929 0.0030517 -0.00502586 0.999983 2.79987 0.65044 0 1 1893 0 0 0 0.131806 -0.0030517 7.63255 0.96 -1.17 1.70786 6.25252 4.03051 0 0.131806 0 7.63255 0.96 -1.17 1.70786 6.25252 4.03051 113.5 
20170507182600 -0.249633 -0.325231 -0.0943095 0 0 0 0.999983 0.00167073 -0.00566909 -0.00164598 0.999989 0.00436624 0.00567632 -0.00435683 0.999974 -0.249633 -0.325231 -0.0943095 0.32182 -0.569572 -0.75632 0.999983 0.00167073 -0.00566909 -0.00164598 0.999989 0.00436624 0.00567632 -0.00435683 0.999974 3.12753 0.399033 0 1 1893 0 0 0 0.131806 -0.00567636 7.63255 0.92 -1.17 1.80404 6.07247 4.25751 0 0.131806 0 7.63255 0.92 -1.17 1.80404 6.07247 4.25751 113.4 
20170507182600 -0.0959838 -0.607719 -0.0967352 0 0 0 0.999942 0.00170611 -0.0106036 -0.00168825 0.999997 0.00169314 0.0106065 -0.00167514 0.999942 -0.0959838 -0.607719 -0.0967352 0.463418 -0.0979413 0.880711 0.999942 0.00170611 -0.0106036 -0.00168825 0.999997 0.00169314 0.0106065 -0.00167514 0.999942 3.76177 0.48222 0 1 1893 0 0 0 0.131806 -0.0106067 7.63255 0.93 -1.17 1.78026 6.1184 4.20138 0 0.131806 0 7.63255 0.93 -1.17 1.78026 6.1184 4.20138 113.3 
20170507182600 -0.000281474 -1.01002 0.118151 0 0 0 0.999843 -0.00206204 -0.0176273 0.0020618 0.999998 -3.1437e-05 0.0176273 -4.91189e-06 0.999845 -0.000281474 -1.01002 0.118151 0.967661 0.157803 -0.196802 0.999843 -0.00206204 -0.0176273 0.0020618 0.999998 -3.1437e-05 0.0176273 -4.91189e-06 0.999845 4.72164 0.58925 0 1 1893 0 0 0 0.129816 -0.0176282 7.63255 0.95 -1.17 1.73217 6.20843 4.08788 0 0.129816 0 7.63255 0.95 -1.17 1.73217 6.20843 4.08788 113.4 
20170507182601 -0.0949332 -0.948734 -0.183041 0 0 0 0.999858 0.0032221 -0.0165524 -0.00319423 0.999993 0.00170978 0.0165578 -0.00165667 0.999862 -0.0949332 -0.948734 -0.183041 0.256467 0.0324437 0.966008 0.999858 0.0032221 -0.0165524 -0.00319423 0.999993 0.00170978 0.0165578 -0.00165667 0.999862 5.50847 0.648765 0 1 1893 0 0 0 0.129816 -0.0165585 7.63255 0.95 -1.18 1.6912 6.20843 4.105 0 0.129816 0 7.63255 0.95 -1.18 1.6912 6.20843 4.105 113.3 
20170507182601 -0.156354 -1.13536 -0.260895 0 0 0 0.999793 0.00460752 -0.0198017 -0.00455257 0.999986 0.00281908 0.0198144 -0.00272835 0.9998 -0.156354 -1.13536 -0.260895 0.245896 0.0223424 0.969039 0.999793 0.00460752 -0.0198017 -0.00455257 0.999986 0.00281908 0.0198144 -0.00272835 0.9998 6.37196 0.744179 0 1 1893 0 0 0 0.129816 -0.0198157 7.63255 0.92 -1.18 1.76138 6.07247 4.27533 0 0.129816 0 7.63255 0.92 -1.18 1.76138 6.07247 4.27533 113.4 
20170507182601 -0.454 -1.15949 -0.267435 0 0 0 0.999784 0.00482779 -0.0201977 -0.00466664 0.999957 0.00801807 0.0202356 -0.00792209 0.999764 -0.454 -1.15949 -0.267435 0.538441 -0.142985 0.830443 0.999784 0.00482779 -0.0201977 -0.00466664 0.999957 0.00801807 0.0202356 -0.00792209 0.999764 6.69403 0.832068 0 1 1893 0 0 0 0.129816 -0.020237 7.63255 0.94 -1.18 1.71477 6.16373 4.16219 0 0.129816 0 7.63255 0.94 -1.18 1.71477 6.16373 4.16219 113.4 
20170507182601 -0.588187 -1.39106 -0.313551 0 0 0 0.99969 0.00572139 -0.0242183 -0.00547086 0.999931 0.0103983 0.0242761 -0.0102626 0.999653 -0.588187 -1.39106 -0.313551 0.543584 -0.146143 0.826534 0.99969 0.00572139 -0.0242183 -0.00547086 0.999931 0.0103983 0.0242761 -0.0102626 0.999653 7.23944 1.11604 0 1 1893 0 0 0 0.129816 -0.0242785 7.63255 0.94 -1.17 1.7563 6.16373 4.14484 0 0.129816 0 7.63255 0.94 -1.17 1.7563 6.16373 4.14484 113.4 
20170507182601 -0.545245 -1.10217 -0.136889 0 0 0 0.999812 0.0025721 -0.0192117 -0.00238872 0.999951 0.0095621 0.0192354 -0.00951441 0.99977 -0.545245 -1.10217 -0.136889 -0.126097 -0.356483 -0.925753 0.999812 0.0025721 -0.0192117 -0.00238872 0.999951 0.0095621 0.0192354 -0.00951441 0.99977 8.38739 1.44993 0 1 1893 0 0 0 0.129816 -0.0192365 7.63255 0.95 -1.17 1.73217 6.20843 4.08788 0 0.129816 0 7.63255 0.95 -1.17 1.73217 6.20843 4.08788 113.3 
20170507182602 -0.507881 -1.66982 0.0167423 0 0 0 0.999575 -3.39007e-05 -0.0291411 0.000292084 0.999961 0.00885556 0.0291397 -0.00886031 0.999536 -0.507881 -1.66982 0.0167423 -0.161858 -0.427122 -0.889589 0.999575 -3.39007e-05 -0.0291411 0.000292084 0.999961 0.00885556 0.0291397 -0.00886031 0.999536 10.4196 1.79924 0 1 1893 0 0 0 0.101222 -0.0291438 7.63255 0.97 -1.17 1.68338 6.29598 3.97274 0 0.101222 0 7.63255 0.97 -1.17 1.68338 6.29598 3.97274 113.4 
20170507182602 -0.721539 -1.68276 -0.167681 0 0 0 0.999564 0.00329614 -0.0293261 -0.00292531 0.999915 0.0126788 0.0293654 -0.0125875 0.999489 -0.721539 -1.68276 -0.167681 -0.0799651 -0.354527 -0.93162 0.999564 0.00329614 -0.0293261 -0.00292531 0.999915 0.0126788 0.0293654 -0.0125875 0.999489 12.5567 2.08612 0 1 1893 0 0 0 0.101222 -0.0293696 7.63255 1 -1.18 1.57089 6.42257 3.81297 0 0.101222 0 7.63255 1 -1.18 1.57089 6.42257 3.81297 113.4 
20170507182602 -0.349968 -1.81838 -0.699115 0 0 0 0.999422 0.0123951 -0.0316539 -0.0121954 0.999905 0.00649477 0.0317313 -0.00610498 0.999478 -0.349968 -1.81838 -0.699115 0.0257918 -0.511173 -0.859091 0.999422 0.0123951 -0.0316539 -0.0121954 0.999905 0.00649477 0.0317313 -0.00610498 0.999478 14.8514 2.4643 0 1 1893 0 0 0 0.101222 -0.0317367 7.63255 0.99 -1.18 1.59528 6.38101 3.87216 0 0.101222 0 7.63255 0.99 -1.18 1.59528 6.38101 3.87216 113.4 
20170507182602 -0.402147 -1.98432 0.00785258 0 0 0 0.9994 0.000105981 -0.0346261 0.000136971 0.999975 0.00701399 0.034626 -0.00701453 0.999376 -0.402147 -1.98432 0.00785258 0.412696 -0.529881 -0.740884 0.9994 0.000105981 -0.0346261 0.000136971 0.999975 0.00701399 0.034626 -0.00701453 0.999376 16.4399 2.46113 0 1 1893 0 0 0 0.0997089 -0.0346329 7.63255 1.01 -1.2 1.47097 6.46348 3.78357 0 0.0997089 0 7.63255 1.01 -1.2 1.47097 6.46348 3.78357 113.5 
20170507182602 -0.481927 -2.20237 -0.514041 0 0 0 0.999221 0.00929449 -0.0383507 -0.00896496 0.999921 0.00875553 0.0384291 -0.0084049 0.999226 -0.481927 -2.20237 -0.514041 0.244758 -0.472984 -0.846392 0.999221 0.00929449 -0.0383507 -0.00896496 0.999921 0.00875553 0.0384291 -0.0084049 0.999226 17.3859 2.43893 0 1 1893 0 0 0 0.0997089 -0.0384385 7.63255 1.01 -1.2 1.47097 6.46348 3.78357 0 0.0997089 0 7.63255 1.01 -1.2 1.47097 6.46348 3.78357 113.5 
20170507182602 0.140419 -1.82332 -0.0829189 0 0 0 0.999493 0.00136923 -0.0318209 -0.00144648 0.999996 -0.00240472 0.0318175 0.00244952 0.999491 0.140419 -1.82332 -0.0829189 0.527107 -0.688047 -0.498748 0.999493 0.00136923 -0.0318209 -0.00144648 0.999996 -0.00240472 0.0318175 0.00244952 0.999491 17.7745 2.4265 0 1 1893 0 0 0 0.0997089 -0.0318229 7.63255 1.02 -1.21 1.41018 6.50375 3.73743 0 0.0997089 0 7.63255 1.02 -1.21 1.41018 6.50375 3.73743 113.3 
20170507182603 -0.297532 -2.10834 0.0266178 0 0 0 0.999323 -0.000273521 -0.036791 0.000464255 0.999986 0.00517581 0.0367891 -0.00518938 0.99931 -0.297532 -2.10834 0.0266178 0.460524 -0.581215 -0.670899 0.999323 -0.000273521 -0.036791 0.000464255 0.999986 0.00517581 0.0367891 -0.00518938 0.99931 17.7566 2.32648 0 1 1893 0 0 0 0.0997089 -0.0367974 7.63255 1 -1.22 1.41715 6.42257 3.87274 0 0.0997089 0 7.63255 1 -1.22 1.41715 6.42257 3.87274 113.5 
20170507182603 -0.124688 -2.03325 -0.0247147 0 0 0 0.99937 0.000508563 -0.0354785 -0.000431082 0.999998 0.00219153 0.0354795 -0.00217485 0.999368 -0.124688 -2.03325 -0.0247147 0.494509 -0.61551 -0.613685 0.99937 0.000508563 -0.0354785 -0.000431082 0.999998 0.00219153 0.0354795 -0.00217485 0.999368 17.6222 2.28038 0 1 1893 0 0 0 0.098042 -0.0354869 7.63255 0.98 -1.23 1.42101 6.33881 4.00699 0 0.098042 0 7.63255 0.98 -1.23 1.42101 6.33881 4.00699 113.3 
20170507182603 0.566808 -1.27237 -0.283194 0 0 0 0.999741 0.00472275 -0.0222528 -0.00494143 0.99994 -0.00978263 0.0222052 0.00989006 0.999705 0.566808 -1.27237 -0.283194 0.681703 -0.667567 -0.299392 0.999741 0.00472275 -0.0222528 -0.00494143 0.99994 -0.00978263 0.0222052 0.00989006 0.999705 17.5196 2.27531 0 1 1893 0 0 0 0.0997089 -0.0222071 7.63255 0.98 -1.23 1.42101 6.33881 4.00699 0 0.0997089 0 7.63255 0.98 -1.23 1.42101 6.33881 4.00699 113.4 
20170507182603 0.169614 -1.78974 -0.134088 0 0 0 0.999509 0.00224781 -0.0312384 -0.00233913 0.999993 -0.00288722 0.0312317 0.00295888 0.999508 0.169614 -1.78974 -0.134088 0.572297 -0.671612 -0.470546 0.999509 0.00224781 -0.0312384 -0.00233913 0.999993 -0.00288722 0.0312317 0.00295888 0.999508 17.4998 2.25131 0 1 1893 0 0 0 0.0997089 -0.0312368 7.63255 0.98 -1.22 1.46101 6.33881 3.99258 0 0.0997089 0 7.63255 0.98 -1.22 1.46101 6.33881 3.99258 113.4 
20170507182603 0.0998061 -1.90163 -0.180241 0 0 0 0.999444 0.00308798 -0.0331888 -0.00314405 0.999994 -0.00163755 0.0331835 0.00174098 0.999448 0.0998061 -1.90163 -0.180241 0.530312 -0.656155 -0.536871 0.999444 0.00308798 -0.0331888 -0.00314405 0.999994 -0.00163755 0.0331835 0.00174098 0.999448 17.344 2.23473 0 1 1893 0 0 0 0.0997089 -0.0331896 7.63255 0.99 -1.2 1.51752 6.38101 3.90329 0 0.0997089 0 7.63255 0.99 -1.2 1.51752 6.38101 3.90329 113.4 
20170507182603 -0.634005 -2.44713 -0.221376 0 0 0 0.999081 0.00433596 -0.0426519 -0.00386021 0.999929 0.0112301 0.0426975 -0.0110552 0.999027 -0.634005 -2.44713 -0.221376 -0.0411177 -0.343669 -0.93819 0.999081 0.00433596 -0.0426519 -0.00386021 0.999929 0.0112301 0.0426975 -0.0110552 0.999027 17.3549 2.21087 0 1 1893 0 0 0 0.0709998 -0.0427105 7.63255 0.97 -1.2 1.56346 6.29598 4.02145 0 0.0709998 0 7.63255 0.97 -1.2 1.56346 6.29598 4.02145 113.4 
20170507182604 -0.643076 -2.4108 -0.241748 0 0 0 0.999106 0.00469112 -0.0420135 -0.00421554 0.999926 0.0114009 0.0420639 -0.0112136 0.999052 -0.643076 -2.4108 -0.241748 -0.130509 -0.362584 -0.922768 0.999106 0.00469112 -0.0420135 -0.00421554 0.999926 0.0114009 0.0420639 -0.0112136 0.999052 17.0698 2.17073 0 1 1893 0 0 0 0.0709998 -0.0420763 7.63255 0.97 -1.19 1.60359 6.29598 4.00561 0 0.0709998 0 7.63255 0.97 -1.19 1.60359 6.29598 4.00561 113.5 
20170507182604 0.334799 -1.53335 -0.276605 0 0 0 0.99963 0.0046712 -0.0267863 -0.00482591 0.999972 -0.00571407 0.0267589 0.00584122 0.999625 0.334799 -1.53335 -0.276605 0.597006 -0.68991 -0.4094 0.99963 0.0046712 -0.0267863 -0.00482591 0.999972 -0.00571407 0.0267589 0.00584122 0.999625 16.3158 2.1746 0 1 1893 0 0 0 0.0997089 -0.0267621 7.63255 0.98 -1.18 1.6195 6.33881 3.93096 0 0.0997089 0 7.63255 0.98 -1.18 1.6195 6.33881 3.93096 113.4 
20170507182604 -0.498005 -2.28734 -0.278253 0 0 0 0.999191 0.00520311 -0.0398669 -0.00485253 0.999949 0.00888543 0.039911 -0.00868479 0.999165 -0.498005 -2.28734 -0.278253 0.248629 0.356938 0.900432 0.999191 0.00520311 -0.0398669 -0.00485253 0.999949 0.00888543 0.039911 -0.00868479 0.999165 15.8214 2.14007 0 1 1893 0 0 0 0.0997089 -0.0399216 7.63255 0.98 -1.18 1.6195 6.33881 3.93096 0 0.0997089 0 7.63255 0.98 -1.18 1.6195 6.33881 3.93096 113.5 
20170507182604 -0.543633 -2.2126 -0.316901 0 0 0 0.999239 0.00589699 -0.0385527 -0.00552681 0.999938 0.00970142 0.0386075 -0.00948096 0.999209 -0.543633 -2.2126 -0.316901 0.249776 0.352601 0.901823 0.999239 0.00589699 -0.0385527 -0.00552681 0.999938 0.00970142 0.0386075 -0.00948096 0.999209 15.4817 2.06075 0 1 1893 0 0 0 0.0997089 -0.0386171 7.63255 0.98 -1.18 1.6195 6.33881 3.93096 0 0.0997089 0 7.63255 0.98 -1.18 1.6195 6.33881 3.93096 113.5 
20170507182604 -0.254844 -2.03238 -0.557111 0 0 0 0.999324 0.00988091 -0.035419 -0.00971716 0.999941 0.00479246 0.0354642 -0.00444505 0.999361 -0.254844 -2.03238 -0.557111 0.193327 -0.56922 -0.799133 0.999324 0.00988091 -0.035419 -0.00971716 0.999941 0.00479246 0.0354642 -0.00444505 0.999361 15.2673 2.01668 0 1 1893 0 0 0 0.0997089 -0.0354717 7.63255 0.97 -1.18 1.64357 6.29598 3.98937 0 0.0997089 0 7.63255 0.97 -1.18 1.64357 6.29598 3.98937 113.3 
20170507182604 -0.499906 -2.3231 -0.379931 0 0 0 0.999156 0.0069844 -0.0404743 -0.00662555 0.999938 0.00899348 0.0405346 -0.00871772 0.99914 -0.499906 -2.3231 -0.379931 0.562446 0.144179 0.814166 0.999156 0.0069844 -0.0404743 -0.00662555 0.999938 0.00899348 0.0405346 -0.00871772 0.99914 15.3441 1.98014 0 1 1893 0 0 0 0.0997089 -0.0405457 7.63255 0.98 -1.19 1.58011 6.33881 3.94696 0 0.0997089 0 7.63255 0.98 -1.19 1.58011 6.33881 3.94696 113.4 
20170507182605 -0.618011 -2.09296 -0.216273 0 0 0 0.999326 0.00416836 -0.0364779 -0.00377215 0.999933 0.0109239 0.036521 -0.0107789 0.999275 -0.618011 -2.09296 -0.216273 -0.152767 -0.36057 -0.920137 0.999326 0.00416836 -0.0364779 -0.00377215 0.999933 0.0109239 0.036521 -0.0107789 0.999275 15.0568 1.93608 0 1 1893 0 0 0 0.0981013 -0.0365291 7.63255 0.96 -1.19 1.62691 6.25252 4.06386 0 0.0981013 0 7.63255 0.96 -1.19 1.62691 6.25252 4.06386 113.4 
20170507182605 -0.594505 -1.91368 -0.187727 0 0 0 0.999437 0.00362276 -0.0333579 -0.00327462 0.99994 0.0104852 0.0333939 -0.0103701 0.999388 -0.594505 -1.91368 -0.187727 -0.165954 -0.357101 -0.919205 0.999437 0.00362276 -0.0333579 -0.00327462 0.99994 0.0104852 0.0333939 -0.0103701 0.999388 14.0046 1.81365 0 1 1893 0 0 0 0.0997089 -0.0334001 7.63255 0.97 -1.2 1.56346 6.29598 4.02145 0 0.0997089 0 7.63255 0.97 -1.2 1.56346 6.29598 4.02145 113.5 
20170507182605 -0.042439 -1.8578 0.0768487 0 0 0 0.999473 -0.00131725 -0.03242 0.00134056 0.999999 0.000697218 0.0324191 -0.000740311 0.999474 -0.042439 -1.8578 0.0768487 0.154305 -0.969837 -0.188698 0.999473 -0.00131725 -0.03242 0.00134056 0.999999 0.000697218 0.0324191 -0.000740311 0.999474 13.624 1.80875 0 1 1893 0 0 0 0.0996284 -0.0324248 7.63255 0.97 -1.2 1.56346 6.29598 4.02145 0 0.0996284 0 7.63255 0.97 -1.2 1.56346 6.29598 4.02145 113.4 
20170507182605 -0.677753 -1.71676 -0.331759 0 0 0 0.999534 0.00614422 -0.0298875 -0.00578766 0.999911 0.012002 0.0299586 -0.0118234 0.999481 -0.677753 -1.71676 -0.331759 0.275969 0.340717 0.898751 0.999534 0.00614422 -0.0298875 -0.00578766 0.999911 0.012002 0.0299586 -0.0118234 0.999481 13.3326 1.81465 0 1 1893 0 0 0 0.0996284 -0.0299631 7.59847 0.93 -1.2 1.64606 6.09109 4.2339 0 0.0996284 0 7.59847 0.93 -1.2 1.64606 6.09109 4.2339 113.3 
20170507182605 -0.790592 -1.65111 -0.297152 0 0 0 0.999571 0.00558332 -0.0287387 -0.0051841 0.999889 0.0139472 0.0288134 -0.0137923 0.99949 -0.790592 -1.65111 -0.297152 -0.164891 -0.36212 -0.917431 0.999571 0.00558332 -0.0287387 -0.0051841 0.999889 0.0139472 0.0288134 -0.0137923 0.99949 12.9633 1.81232 0 1 1893 0 0 0 0.0996284 -0.0288174 7.59847 0.96 -1.2 1.57911 6.22461 4.06171 0 0.0996284 0 7.59847 0.96 -1.2 1.57911 6.22461 4.06171 113.4 
20170507182605 0.241944 -0.945198 -0.353047 0 0 0 0.999845 0.00609209 -0.0165216 -0.00616096 0.999973 -0.00412098 0.0164961 0.00422213 0.999855 0.241944 -0.945198 -0.353047 -0.630201 0.774185 -0.0590323 0.999845 0.00609209 -0.0165216 -0.00616096 0.999973 -0.00412098 0.0164961 0.00422213 0.999855 13.0125 1.8635 0 1 1893 0 0 0 0.101222 -0.0164968 7.59847 0.93 -1.2 1.64606 6.09109 4.2339 0 0.101222 0 7.59847 0.93 -1.2 1.64606 6.09109 4.2339 113.5 
20170507182606 -0.138947 -1.38445 -0.0789239 0 0 0 0.999707 0.00143607 -0.0241574 -0.00137708 0.999996 0.00245836 0.0241608 -0.00242437 0.999705 -0.138947 -1.38445 -0.0789239 0.423394 -0.900225 -0.101647 0.999707 0.00143607 -0.0241574 -0.00137708 0.999996 0.00245836 0.0241608 -0.00242437 0.999705 13.534 1.92915 0 1 1893 0 0 0 0.0995871 -0.0241632 7.59847 0.95 -1.2 1.60159 6.18072 4.11952 0 0.0995871 0 7.59847 0.95 -1.2 1.60159 6.18072 4.11952 113.5 
20170507182606 -0.434614 -1.49831 0.0930094 0 0 0 0.999657 -0.00142493 -0.0261591 0.00162276 0.99997 0.00754292 0.0261475 -0.00758278 0.999629 -0.434614 -1.49831 0.0930094 0.244 -0.958556 -0.147084 0.999657 -0.00142493 -0.0261591 0.00162276 0.99997 0.00754292 0.0261475 -0.00758278 0.999629 14.1795 2.09097 0 1 1893 0 0 0 0.101222 -0.0261505 7.59847 0.93 -1.2 1.64606 6.09109 4.2339 0 0.101222 0 7.59847 0.93 -1.2 1.64606 6.09109 4.2339 113.5 
20170507182606 -0.326722 -1.38068 0.155304 0 0 0 0.999706 -0.00257312 -0.0241101 0.00270977 0.99998 0.00563701 0.0240951 -0.00570068 0.999693 -0.326722 -1.38068 0.155304 0.187959 -0.974781 -0.120306 0.999706 -0.00257312 -0.0241101 0.00270977 0.99998 0.00563701 0.0240951 -0.00570068 0.999693 13.775 2.22743 0 1 1893 0 0 0 0.101222 -0.0240975 7.59847 0.93 -1.19 1.68831 6.09109 4.21723 0 0.101222 0 7.59847 0.93 -1.19 1.68831 6.09109 4.21723 113.6 
20170507182606 0.361187 -1.47478 0.29212 0 0 0 0.999656 -0.00526058 -0.025704 0.00509675 0.999966 -0.006435 0.025737 0.00630178 0.999649 0.361187 -1.47478 0.29212 -0.089703 0.995773 -0.0197181 0.999656 -0.00526058 -0.025704 0.00509675 0.999966 -0.006435 0.025737 0.00630178 0.999649 14.7571 2.37315 0 1 1893 0 0 0 0.101222 -0.0257398 7.63255 0.95 -1.2 1.60877 6.20843 4.138 0 0.101222 0 7.63255 0.95 -1.2 1.60877 6.20843 4.138 113.5 
20170507182606 0.0611029 -1.82246 0.446963 0 0 0 0.999464 -0.0078348 -0.0317932 0.00779694 0.999969 -0.0013145 0.0318025 0.00106591 0.999494 0.0611029 -1.82246 0.446963 0.139757 0.984492 -0.106034 0.999464 -0.0078348 -0.0317932 0.00779694 0.999969 -0.0013145 0.0318025 0.00106591 0.999494 16.1139 2.84454 0 1 1892 0 0 0 0.101222 -0.0318079 7.63255 0.95 -1.2 1.60877 6.20843 4.138 0 0.101222 0 7.63255 0.95 -1.2 1.60877 6.20843 4.138 113.4 
20170507182606 0.0892218 -1.97673 0.511829 0 0 0 0.999365 -0.00898669 -0.0344782 0.00892767 0.999958 -0.00186528 0.0344935 0.00155629 0.999404 0.0892218 -1.97673 0.511829 0.188962 0.973441 -0.129255 0.999365 -0.00898669 -0.0344782 0.00892767 0.999958 -0.00186528 0.0344935 0.00155629 0.999404 17.0431 3.24247 0 1 1892 0 0 0 0.101222 -0.0345004 7.63255 0.96 -1.2 1.58619 6.25252 4.07993 0 0.101222 0 7.63255 0.96 -1.2 1.58619 6.25252 4.07993 113.5 
20170507182607 0.283811 -1.78808 0.484755 0 0 0 0.999477 -0.00861493 -0.0311594 0.00845635 0.999951 -0.00521723 0.0312028 0.00495101 0.999501 0.283811 -1.78808 0.484755 0.0413092 0.995908 -0.0803794 0.999477 -0.00861493 -0.0311594 0.00845635 0.999951 -0.00521723 0.0312028 0.00495101 0.999501 18.088 3.34551 0 1 1892 0 0 0 0.101222 -0.0312079 7.63255 0.96 -1.2 1.58619 6.25252 4.07993 0 0.101222 0 7.63255 0.96 -1.2 1.58619 6.25252 4.07993 113.5 
20170507182607 0.244167 -1.76108 0.461056 0 0 0 0.999495 -0.00817775 -0.0306962 0.00804306 0.999957 -0.00450867 0.0307318 0.0042595 0.999519 0.244167 -1.76108 0.461056 0.0329383 0.996279 -0.0796505 0.999495 -0.00817775 -0.0306962 0.00804306 0.999957 -0.00450867 0.0307318 0.0042595 0.999519 18.7521 3.59868 0 1 1892 0 0 0 0.101222 -0.0307366 7.63255 0.95 -1.19 1.65007 6.20843 4.1217 0 0.101222 0 7.63255 0.95 -1.19 1.65007 6.20843 4.1217 113.6 
20170507182607 -0.0913351 -1.39031 0.0152156 0 0 0 0.999706 -0.000226885 -0.0242635 0.000265485 0.999999 0.00158765 0.0242631 -0.00159363 0.999704 -0.0913351 -1.39031 0.0152156 -0.133951 0.990605 -0.0275619 0.999706 -0.000226885 -0.0242635 0.000265485 0.999999 0.00158765 0.0242631 -0.00159363 0.999704 18.9347 3.94031 0 1 1891 0 0 0 0.101222 -0.0242655 7.63255 0.96 -1.2 1.58619 6.25252 4.07993 0 0.101222 0 7.63255 0.96 -1.2 1.58619 6.25252 4.07993 113.5 
20170507182607 -0.10601 -1.5011 0.547733 0 0 0 0.999611 -0.00951112 -0.0262125 0.00955632 0.999953 0.00159971 0.0261961 -0.00184959 0.999655 -0.10601 -1.5011 0.547733 0.0239209 0.998204 -0.0549162 0.999611 -0.00951112 -0.0262125 0.00955632 0.999953 0.00159971 0.0261961 -0.00184959 0.999655 19.14 4.27599 0 1 1885 0 0 0 0.101222 -0.0261991 7.63255 0.94 -1.2 1.63118 6.16373 4.19565 0 0.101222 0 7.63255 0.94 -1.2 1.63118 6.16373 4.19565 113.7 
20170507182607 -0.0200075 -1.24539 0.482145 0 0 0 0.999728 -0.00840732 -0.0217366 0.00841293 0.999965 0.000166291 0.0217344 -0.000349114 0.999764 -0.0200075 -1.24539 0.482145 -0.00616035 0.999577 -0.0284358 0.999728 -0.00840732 -0.0217366 0.00841293 0.999965 0.000166291 0.0217344 -0.000349114 0.999764 18.2564 4.26144 0 1 1885 0 0 0 0.101222 -0.0217361 7.63255 0.98 -1.2 1.54056 6.33881 3.96257 0 0.101222 0 7.63255 0.98 -1.2 1.54056 6.33881 3.96257 113.5 
20170507182607 0.0144187 -1.05562 0.497805 0 0 0 0.999793 -0.00869286 -0.0184201 0.00868675 0.999962 -0.000411708 0.018423 0.000251611 0.99983 0.0144187 -1.05562 0.497805 -0.0108993 0.99887 -0.0462555 0.999793 -0.00869286 -0.0184201 0.00868675 0.999962 -0.000411708 0.018423 0.000251611 0.99983 19.0581 4.61214 0 1 1885 0 0 0 0.129816 -0.018424 7.63255 0.98 -1.2 1.54056 6.33881 3.96257 0 0.129816 0 7.63255 0.98 -1.2 1.54056 6.33881 3.96257 113.6 
20170507182608 -0.149566 -0.912748 0.437583 0 0 0 0.999844 -0.00759559 -0.0159492 0.00763623 0.999968 0.00248868 0.0159298 -0.00261008 0.99987 -0.149566 -0.912748 0.437583 -0.00567666 0.998736 -0.0499332 0.999844 -0.00759559 -0.0159492 0.00763623 0.999968 0.00248868 0.0159298 -0.00261008 0.99987 19.2037 4.8907 0 1 1885 0 0 0 0.129816 -0.0159305 7.63255 0.98 -1.2 1.54056 6.33881 3.96257 0 0.129816 0 7.63255 0.98 -1.2 1.54056 6.33881 3.96257 113.7 
20170507182608 1.14148 -0.173416 0.110635 0 0 0 0.999994 -0.00199086 -0.0029876 0.00193094 0.9998 -0.0199271 0.00302668 0.0199212 0.999797 1.14148 -0.173416 0.110635 -0.155804 0.983393 -0.0930715 0.999994 -0.00199086 -0.0029876 0.00193094 0.9998 -0.0199271 0.00302668 0.0199212 0.999797 19.8451 4.93765 0 1 1885 0 0 0 0.129816 -0.00302668 7.63255 0.96 -1.19 1.62691 6.25252 4.06386 0 0.129816 0 7.63255 0.96 -1.19 1.62691 6.25252 4.06386 113.6 
20170507182608 -0.355479 -0.377665 0.0553127 -0.118005 0.992568 -0.0297176 0.999978 -0.000924475 -0.00659731 0.000965367 0.99998 0.00619787 0.00659145 -0.0062041 0.999959 -0.355479 -0.377665 0.0553127 -0.118005 0.992568 -0.0297176 0.999978 -0.000924475 -0.00659731 0.000965367 0.99998 0.00619787 0.00659145 -0.0062041 0.999959 20.0667 5.06494 1 1 1885 0 0 0 0.129816 -0.0065915 7.63255 0.96 -1.19 1.62691 6.25252 4.06386 0 0.129816 0 5.84639 -0.679338 -0.919161 2.75856 -3.67316 3.61642 113.5 
20170507182608 0.151736 -0.438141 0.156079 -0.0415007 0.989213 -0.14048 0.999967 -0.00274433 -0.00763965 0.00272401 0.999993 -0.00266911 0.00764692 0.00264821 0.999967 0.151736 -0.438141 0.156079 -0.0415007 0.989213 -0.14048 0.999967 -0.00274433 -0.00763965 0.00272401 0.999993 -0.00266911 0.00764692 0.00264821 0.999967 20.0969 5.21897 1 1 1885 0 0 0 0.129711 -0.007647 7.59847 0.96 -1.18 1.66002 6.22461 4.02932 0 0.129711 0 4.86747 -0.853335 -0.93908 1.88984 -3.66753 2.58263 113.5 
20170507182608 -0.0763036 -0.492847 0.0971156 -0.097595 0.990047 -0.101398 0.999962 -0.00168353 -0.00860394 0.00169492 0.999998 0.00131717 0.0086017 -0.0013317 0.999962 -0.0763036 -0.492847 0.0971156 -0.097595 0.990047 -0.101398 0.999962 -0.00168353 -0.00860394 0.00169492 0.999998 0.00131717 0.0086017 -0.0013317 0.999962 20.7368 5.34691 1 1 1885 0 0 0 0.129711 -0.0086018 7.59847 0.95 -1.19 1.6427 6.18072 4.1033 0 0.129711 0 5.36786 -0.765598 -0.87547 2.4793 -3.71976 2.9716 113.6 
20170507182608 -0.750548 -0.454313 -0.0756877 -0.177524 0.964452 -0.195748 0.999968 0.00142475 -0.00791118 -0.00132096 0.999913 0.0131096 0.00792917 -0.0130987 0.999883 -0.750548 -0.454313 -0.0756877 -0.177524 0.964452 -0.195748 0.999968 0.00142475 -0.00791118 -0.00132096 0.999913 0.0131096 0.00792917 -0.0130987 0.999883 21.749 5.49084 1 1 1884 0 0 0 0.129711 -0.00792926 7.59847 0.95 -1.19 1.6427 6.18072 4.1033 0 0.129711 0 5.06503 -0.75305 -0.550337 3.14983 -3.4638 1.93264 113.5 
20170507182609 1.28142 0.0133642 -0.545883 -0.225087 0.951955 -0.207649 0.999955 0.00953014 2.01202e-05 -0.00952731 0.999704 -0.0223643 -0.00023325 0.0223631 0.99975 1.28142 0.0133642 -0.545883 -0.225087 0.951955 -0.207649 0.999955 0.00953014 2.01202e-05 -0.00952731 0.999704 -0.0223643 -0.00023325 0.0223631 0.99975 22.5534 5.75465 1 1 1882 0 0 0 0.129711 0.00023325 7.59847 0.94 -1.19 1.66559 6.13621 4.16048 0 0.129711 0 5.28143 -0.695293 -0.462723 3.62896 -3.38334 1.81029 113.5 
20170507182609 -0.451254 -0.311363 0.420316 -0.171839 0.929044 -0.32764 0.999958 -0.0072928 -0.00549175 0.00733572 0.999942 0.0078357 0.00543429 -0.00787566 0.999954 -0.451254 -0.311363 0.420316 -0.171839 0.929044 -0.32764 0.999958 -0.0072928 -0.00549175 0.00733572 0.999942 0.0078357 0.00543429 -0.00787566 0.999954 23.1195 6.04948 1 1 1880 0 0 0 0.129816 -0.00543432 7.59847 0.94 -1.19 1.66559 6.13621 4.16048 0 0.129816 0 4.3703 -0.806318 -0.229855 2.94539 -3.15423 0.689192 113.5 
20170507182609 -0.849805 -0.598249 0.467776 -0.0849757 0.955144 -0.283687 0.999912 -0.00800839 -0.0105608 0.00816369 0.999858 0.0147456 0.0104412 -0.0148305 0.999836 -0.849805 -0.598249 0.467776 -0.0849757 0.955144 -0.283687 0.999912 -0.00800839 -0.0105608 0.00816369 0.999858 0.0147456 0.0104412 -0.0148305 0.999836 23.6745 6.34882 1 1 1879 0 0 0 0.129816 -0.0104414 7.59847 0.96 -1.2 1.57911 6.22461 4.06171 0 0.129816 0 4.07252 -0.956015 -0.506105 2.05448 -3.32684 1.13871 113.5 
20170507182609 -0.538903 -0.870774 0.0552464 -0.0648105 0.958805 -0.276573 0.999884 -0.00082125 -0.0152057 0.000964119 0.999955 0.00939083 0.0151973 -0.0094044 0.99984 -0.538903 -0.870774 0.0552464 -0.0648105 0.958805 -0.276573 0.999884 -0.00082125 -0.0152057 0.000964119 0.999955 0.00939083 0.0151973 -0.0094044 0.99984 25.4578 6.75137 1 1 1878 0 0 0 0.129816 -0.0151979 7.59847 0.94 -1.2 1.6239 6.13621 4.17692 0 0.129816 0 4.16914 -0.975443 -0.615842 1.90853 -3.45184 1.35057 113.5 
20170507182609 -0.637763 -0.773581 -0.170724 -0.175613 0.9623 -0.207699 0.999904 0.00312979 -0.0134671 -0.00297943 0.999933 0.011171 0.0135011 -0.0111298 0.999847 -0.637763 -0.773581 -0.170724 -0.175613 0.9623 -0.207699 0.999904 0.00312979 -0.0134671 -0.00297943 0.999933 0.011171 0.0135011 -0.0111298 0.999847 27.1236 7.06974 1 1 1877 0 0 0 0.101222 -0.0135015 7.59847 0.95 -1.2 1.60159 6.18072 4.11952 0 0.101222 0 5.02195 -0.755218 -0.538637 3.13885 -3.44228 1.87571 113.6 
20170507182609 -0.554829 -0.845527 -0.147423 -0.157907 0.969973 -0.184982 0.999888 0.00271579 -0.014731 -0.00257273 0.999949 0.00972137 0.0147567 -0.00968238 0.999844 -0.554829 -0.845527 -0.147423 -0.157907 0.969973 -0.184982 0.999888 0.00271579 -0.014731 -0.00257273 0.999949 0.00972137 0.0147567 -0.00968238 0.999844 28.723 7.43925 1 1 1877 0 0 0 0.101222 -0.0147572 7.59847 0.95 -1.2 1.60159 6.18072 4.11952 0 0.101222 0 5.07841 -0.765552 -0.617361 2.98565 -3.51901 2.11961 113.7 
20170507182610 -0.914473 -0.605439 -1.03158 0.294582 -0.938296 0.181168 0.999782 0.0181699 -0.0102763 -0.0180025 0.999708 0.0161475 0.0105667 -0.015959 0.999817 -0.914473 -0.605439 -1.03158 0.294582 -0.938296 0.181168 0.999782 0.0181699 -0.0102763 -0.0180025 0.999708 0.0161475 0.0105667 -0.015959 0.999817 29.5817 7.71559 1 1 1877 0 0 0 0.101222 -0.0105669 7.59847 0.95 -1.2 1.60159 6.18072 4.11952 0 0.101222 0 16.7996 1.18483 -1.75302 -1.14609 15.5637 6.2196 113.6 
20170507182610 -1.45491 -0.694647 -1.23609 0.356054 -0.916646 0.181619 0.999694 0.021873 -0.0115691 -0.0215706 0.999438 0.0256457 0.0121236 -0.0253883 0.999604 -1.45491 -0.694647 -1.23609 0.356054 -0.916646 0.181619 0.999694 0.021873 -0.0115691 -0.0215706 0.999438 0.0256457 0.0121236 -0.0253883 0.999604 31.2985 7.93889 1 1 1877 0 0 0 0.101222 -0.0121239 7.59847 0.96 -1.19 1.61965 6.22461 4.04572 0 0.101222 0 16.6884 1.17389 -1.84376 -1.73914 15.3911 6.2124 113.6 
20170507182610 -1.92483 -0.90755 -0.5709 0.281595 -0.949156 0.14074 0.999825 0.0104903 -0.0154947 -0.00996268 0.999381 0.0337443 0.0158391 -0.033584 0.99931 -1.92483 -0.90755 -0.5709 0.281595 -0.949156 0.14074 0.999825 0.0104903 -0.0154947 -0.00996268 0.999381 0.0337443 0.0158391 -0.033584 0.99931 32.6638 8.25001 1 1 1877 0 0 0 0.101222 -0.0158397 7.59847 0.97 -1.19 1.59643 6.26787 3.98773 0 0.101222 0 16.7829 1.21976 -1.75603 -1.06289 15.7594 5.67248 113.7 
20170507182610 -1.00685 -1.25128 -0.286045 -0.0951176 0.987278 -0.127414 0.999749 0.00537535 -0.0217458 -0.00499121 0.999831 0.0176807 0.0218372 -0.0175677 0.999607 -1.00685 -1.25128 -0.286045 -0.0951176 0.987278 -0.127414 0.999749 0.00537535 -0.0217458 -0.00499121 0.999831 0.0176807 0.0218372 -0.0175677 0.999607 34.1662 8.53326 1 1 1877 0 0 0 0.101222 -0.0218389 7.63255 0.96 -1.19 1.62691 6.25252 4.06386 0 0.101222 0 5.13541 -0.782368 -0.835053 2.44447 -3.62026 2.70013 113.6 
20170507182610 -1.04194 -1.31411 -0.0453389 -0.0559869 0.98754 -0.147069 0.999737 0.00120821 -0.0229154 -0.000791105 0.999834 0.0182024 0.0229336 -0.0181795 0.999572 -1.04194 -1.31411 -0.0453389 -0.0559869 0.98754 -0.147069 0.999737 0.00120821 -0.0229154 -0.000791105 0.999834 0.0182024 0.0229336 -0.0181795 0.999572 34.8194 8.89589 1 1 1877 0 0 0 0.101222 -0.0229356 7.63255 0.95 -1.19 1.65007 6.20843 4.1217 0 0.101222 0 4.94511 -0.835354 -0.901495 2.05846 -3.66697 2.60197 113.8 
20170507182610 -1.00752 -1.2617 -0.262367 -0.0858774 0.986571 -0.138931 0.999747 0.00496562 -0.0219348 -0.00457805 0.999833 0.0176843 0.022019 -0.0175794 0.999603 -1.00752 -1.2617 -0.262367 -0.0858774 0.986571 -0.138931 0.999747 0.00496562 -0.0219348 -0.00457805 0.999833 0.0176843 0.022019 -0.0175794 0.999603 35.2256 9.03412 1 1 1877 0 0 0 0.101222 -0.0220208 7.63255 0.95 -1.19 1.65007 6.20843 4.1217 0 0.101222 0 5.09916 -0.799822 -0.842875 2.36406 -3.65728 2.65272 113.7 
20170507182611 -0.817427 -1.46443 -0.161877 -0.0553511 0.988876 -0.138062 0.999669 0.00318958 -0.0255133 -0.00282436 0.999893 0.0143385 0.0255563 -0.0142617 0.999572 -0.817427 -1.46443 -0.161877 -0.0553511 0.988876 -0.138062 0.999669 0.00318958 -0.0255133 -0.00282436 0.999893 0.0143385 0.0255563 -0.0142617 0.999572 35.7451 9.20496 1 1 1877 0 0 0 0.101222 -0.0255591 7.63255 0.96 -1.19 1.62691 6.25252 4.06386 0 0.101222 0 4.93112 -0.829223 -0.912332 2.03808 -3.63624 2.63438 113.5 
20170507182611 -0.868097 -1.5117 -0.31823 -0.0850245 0.985533 -0.146616 0.999637 0.00595318 -0.0262934 -0.00555221 0.999868 0.0152969 0.026381 -0.0151453 0.999537 -0.868097 -1.5117 -0.31823 -0.0850245 0.985533 -0.146616 0.999637 0.00595318 -0.0262934 -0.00555221 0.999868 0.0152969 0.026381 -0.0151453 0.999537 36.8703 9.48355 1 1 1877 0 0 0 0.0997089 -0.0263841 7.63255 0.94 -1.19 1.67306 6.16373 4.17913 0 0.0997089 0 5.1192 -0.805431 -0.837756 2.37313 -3.6916 2.63562 113.7 
20170507182611 -1.37801 -1.96963 0.0661396 0.0592218 0.962492 -0.264767 0.999409 -0.000327477 -0.0343876 0.00115367 0.999711 0.0240088 0.0343698 -0.0240343 0.99912 -1.37801 -1.96963 0.0661396 0.0592218 0.962492 -0.264767 0.999409 -0.000327477 -0.0343876 0.00115367 0.999711 0.0240088 0.0343698 -0.0240343 0.99912 37.6491 9.72015 1 1 1876 0 0 0 0.0997089 -0.0343766 7.63255 0.94 -1.18 1.71477 6.16373 4.16219 0 0.0997089 0 3.90387 -1.08996 -1.07315 0.861929 -3.4612 1.58662 113.6 
20170507182611 0.933846 -1.12833 -0.191319 -0.111355 0.971645 -0.208583 0.999801 0.00301776 -0.0197436 -0.0033385 0.999863 -0.0162321 0.0196919 0.0162948 0.999673 0.933846 -1.12833 -0.191319 -0.111355 0.971645 -0.208583 0.999801 0.00301776 -0.0197436 -0.0033385 0.999863 -0.0162321 0.0196919 0.0162948 0.999673 37.9273 9.9638 1 1 1876 0 0 0 0.0997089 -0.0196931 7.59847 0.96 -1.18 1.66002 6.22461 4.02932 0 0.0997089 0 4.70588 -0.836073 -0.623895 2.56041 -3.49184 1.843 113.7 
20170507182611 -1.0071 -1.13568 -0.859705 -0.163934 0.966005 -0.199899 0.999691 0.0153501 -0.019551 -0.0150012 0.999728 0.0178717 0.01982 -0.0175729 0.999649 -1.0071 -1.13568 -0.859705 -0.163934 0.966005 -0.199899 0.999691 0.0153501 -0.019551 -0.0150012 0.999728 0.0178717 0.01982 -0.0175729 0.999649 38.4494 10.2255 1 1 1876 0 0 0 0.0997089 -0.0198213 7.59847 0.94 -1.18 1.70711 6.13621 4.14361 0 0.0997089 0 5.12234 -0.758642 -0.56528 3.13932 -3.52384 1.99136 113.7 
20170507182611 -1.19578 -1.20743 -0.876194 -0.149434 0.967722 -0.202937 0.999661 0.0157282 -0.0207459 -0.0152885 0.999659 0.0211885 0.0210721 -0.0208641 0.99956 -1.19578 -1.20743 -0.876194 -0.149434 0.967722 -0.202937 0.999661 0.0157282 -0.0207459 -0.0152885 0.999659 0.0211885 0.0210721 -0.0208641 0.99956 39.0066 10.5146 1 1 1876 0 0 0 0.0997089 -0.0210737 7.59847 0.93 -1.18 1.7304 6.09109 4.20014 0 0.0997089 0 5.10704 -0.778475 -0.593011 3.01531 -3.58613 2.03209 113.8 
20170507182612 1.19133 -1.57953 0.947667 0.00144502 0.979314 -0.202342 0.999483 -0.0171086 -0.0272109 0.0165329 0.999638 -0.021244 0.0275645 0.0207832 0.999404 1.19133 -1.57953 0.947667 0.00144502 0.979314 -0.202342 0.999483 -0.0171086 -0.0272109 0.0165329 0.999638 -0.021244 0.0275645 0.0207832 0.999404 40.7955 10.9718 1 1 1874 0 0 0 0.0981013 -0.0275679 7.59847 0.91 -1.18 1.77645 5.99902 4.31193 0 0.0981013 0 4.7042 -0.938273 -0.973581 1.56389 -3.79412 2.29965 113.5 
20170507182612 1.31735 -1.86002 1.07429 0.00955124 0.980447 -0.19655 0.999297 -0.0194899 -0.0320124 0.0187389 0.999546 -0.0235943 0.0324577 0.0229779 0.999209 1.31735 -1.86002 1.07429 0.00955124 0.980447 -0.19655 0.999297 -0.0194899 -0.0320124 0.0187389 0.999546 -0.0235943 0.0324577 0.0229779 0.999209 42.0842 11.252 1 1 1874 0 0 0 0.0981013 -0.0324634 7.59847 0.91 -1.18 1.77645 5.99902 4.31193 0 0.0981013 0 4.7215 -0.937334 -1.00897 1.48889 -3.80545 2.36523 113.7 
20170507182612 -0.526229 -1.78234 0.0499 -0.0698513 0.981107 -0.180415 0.999516 -0.000585226 -0.0311093 0.000870497 0.999958 0.0091572 0.0311026 -0.00917985 0.999474 -0.526229 -1.78234 0.0499 -0.0698513 0.981107 -0.180415 0.999516 -0.000585226 -0.0311093 0.000870497 0.999958 0.0091572 0.0311026 -0.00917985 0.999474 43.1251 11.578 1 1 1872 0 0 0 0.0694213 -0.0311077 7.59847 0.93 -1.18 1.7304 6.09109 4.20014 0 0.0694213 0 4.96681 -0.846504 -0.796097 2.30208 -3.71998 2.35188 113.8 
20170507182612 1.47901 -1.96311 0.248832 -0.0316592 0.986102 -0.163094 0.999404 -0.00522564 -0.0341323 0.00434038 0.999654 -0.0259592 0.0342561 0.0257955 0.99908 1.47901 -1.96311 0.248832 -0.0316592 0.986102 -0.163094 0.999404 -0.00522564 -0.0341323 0.00434038 0.999654 -0.0259592 0.0342561 0.0257955 0.99908 44.2086 11.8839 1 1 1872 0 0 0 0.0709998 -0.0342628 7.63255 0.96 -1.17 1.70786 6.25252 4.03051 0 0.0709998 0 4.72565 -0.868869 -0.895294 1.90795 -3.60851 2.38122 113.8 
20170507182612 -1.5108 -2.01905 0.80839 -0.0188071 0.989113 -0.145954 0.99928 -0.0131749 -0.035588 0.0140998 0.999566 0.0258658 0.0352317 -0.026349 0.999032 -1.5108 -2.01905 0.80839 -0.0188071 0.989113 -0.145954 0.99928 -0.0131749 -0.035588 0.0140998 0.999566 0.0258658 0.0352317 -0.026349 0.999032 45.9396 13.0249 1 1 1871 0 0 0 0.0694213 -0.035239 7.63255 0.95 -1.17 1.73217 6.20843 4.08788 0 0.0694213 0 4.87109 -0.857228 -0.963828 1.81854 -3.68269 2.61881 113.7 
20170507182612 2.03576 -1.94514 0.7703 -0.0148278 0.982366 -0.186381 0.999333 -0.014641 -0.0334405 0.0134361 0.999262 -0.035976 0.0339426 0.0355027 0.998793 2.03576 -1.94514 0.7703 -0.0148278 0.982366 -0.186381 0.999333 -0.014641 -0.0334405 0.0134361 0.999262 -0.035976 0.0339426 0.0355027 0.998793 47.1338 14.1582 1 1 1863 0 0 0 0.0694213 -0.0339491 7.63255 0.93 -1.18 1.73816 6.1184 4.21897 0 0.0694213 0 4.72597 -0.901117 -0.928721 1.75679 -3.70525 2.34936 113.8 
20170507182613 0.406104 -2.09134 0.12037 -0.0218057 0.988289 -0.151026 0.999332 -0.00235945 -0.0364768 0.00209945 0.999972 -0.00716444 0.0364926 0.00708307 0.999309 0.406104 -2.09134 0.12037 -0.0218057 0.988289 -0.151026 0.999332 -0.00235945 -0.0364768 0.00209945 0.999972 -0.00716444 0.0364926 0.00708307 0.999309 48.3172 14.0797 1 1 1855 0 0 0 0.0694213 -0.0365007 7.63255 0.93 -1.18 1.73816 6.1184 4.21897 0 0.0694213 0 4.98722 -0.855391 -0.969369 1.85093 -3.76449 2.69723 113.7 
20170507182613 -1.05157 -2.17875 -1.0183 -0.0912018 0.985817 -0.14088 0.999119 0.0184663 -0.0376787 -0.0177589 0.999661 0.019025 0.0380172 -0.0183391 0.999109 -1.05157 -2.17875 -1.0183 -0.0912018 0.985817 -0.14088 0.999119 0.0184663 -0.0376787 -0.0177589 0.999661 0.019025 0.0380172 -0.0183391 0.999109 49.745 14.8074 1 1 1849 0 0 0 0.0694213 -0.0380264 7.63255 0.92 -1.18 1.76138 6.07247 4.27533 0 0.0694213 0 5.36951 -0.782474 -0.828713 2.57348 -3.7857 2.80666 113.7 
20170507182613 -0.46925 -1.62488 -1.95444 -0.232039 0.962688 -0.139246 0.999016 0.0343357 -0.0280589 -0.034091 0.999377 0.00915214 0.0283556 -0.00818658 0.999564 -0.46925 -1.62488 -1.95444 -0.232039 0.962688 -0.139246 0.999016 0.0343357 -0.0280589 -0.034091 0.999377 0.00915214 0.0283556 -0.00818658 0.999564 51.0908 14.1854 1 1 1838 0 0 0 0.0699507 -0.0283594 7.63255 0.95 -1.18 1.6912 6.20843 4.105 0 0.0699507 0 5.78659 -0.631993 -0.578742 3.90859 -3.41845 2.55376 113.8 
20170507182613 -0.943081 -2.61085 0.121478 -0.0296449 0.99585 -0.0860455 0.99896 -0.00137016 -0.0455807 0.00211799 0.999864 0.0163625 0.0455521 -0.016442 0.998827 -0.943081 -2.61085 0.121478 -0.0296449 0.99585 -0.0860455 0.99896 -0.00137016 -0.0455807 0.00211799 0.999864 0.0163625 0.0455521 -0.016442 0.998827 52.9208 14.1647 1 1 1834 0 0 0 0.0699507 -0.0455679 7.63255 0.96 -1.18 1.66747 6.25252 4.04739 0 0.0699507 0 5.23394 -0.786757 -1.0299 1.90305 -3.70598 3.16832 113.8 
20170507182613 -0.300468 -2.89656 0.481615 -0.00019037 0.9957 -0.0926312 0.998687 -0.00814055 -0.0505746 0.00839492 0.999953 0.00481919 0.050533 -0.00523743 0.998709 -0.300468 -2.89656 0.481615 -0.00019037 0.9957 -0.0926312 0.998687 -0.00814055 -0.0505746 0.00839492 0.999953 0.00481919 0.050533 -0.00523743 0.998709 55.0853 14.5148 1 1 1822 0 0 0 0.0699507 -0.0505545 7.63255 0.98 -1.18 1.6195 6.33881 3.93096 0 0.0699507 0 4.95533 -0.81856 -1.09308 1.55666 -3.61819 3.00678 113.7 
