20170507022428 0.197541 -0.347853 0.136912 0 0 0 0.999979 -0.00241047 -0.00606285 0.00238951 0.999991 -0.00346222 0.00607114 0.00344766 0.999976 0.197541 -0.347853 0.136912 -0.636659 -0.76096 -0.124921 0.999979 -0.00241047 -0.00606285 0.00238951 0.999991 -0.00346222 0.00607114 0.00344766 0.999976 1.69688 0.362927 0 1 2687 1 0 0 
20170507022428 -0.266819 0.0701187 -0.202128 0 0 0 0.999993 0.00352205 0.00124021 -0.00352778 0.999983 0.0046525 -0.0012238 -0.00465685 0.999988 -0.266819 0.0701187 -0.202128 0.160694 -0.296937 -0.941279 0.999993 0.00352205 0.00124021 -0.00352778 0.999983 0.0046525 -0.0012238 -0.00465685 0.999988 2.11704 0.546489 0 1 2687 0 0 0 
20170507022429 -0.324504 0.0985521 0.0389286 0 0 0 0.999998 -0.000689163 0.00171618 0.000679432 0.999984 0.00566479 -0.00172006 -0.00566362 0.999982 -0.324504 0.0985521 0.0389286 -0.000848055 0.408158 0.912911 0.999998 -0.000689163 0.00171618 0.000679432 0.999984 0.00566479 -0.00172006 -0.00566362 0.999982 2.59001 0.852516 0 1 2687 0 0 0 
20170507022429 -0.351419 0.244679 -0.168706 0 0 0 0.999987 0.00291822 0.00428841 -0.00294444 0.999977 0.00612077 -0.00427045 -0.00613332 0.999972 -0.351419 0.244679 -0.168706 0.189262 -0.299683 -0.935077 0.999987 0.00291822 0.00428841 -0.00294444 0.999977 0.00612077 -0.00427045 -0.00613332 0.999972 2.84991 0.828704 0 1 2687 0 0 0 
20170507022429 -0.392096 0.373592 -0.24207 0 0 0 0.99997 0.00418018 0.00654906 -0.00422481 0.999968 0.00681571 -0.00652036 -0.00684317 0.999955 -0.392096 0.373592 -0.24207 0.209143 -0.19586 -0.95807 0.99997 0.00418018 0.00654906 -0.00422481 0.999968 0.00681571 -0.00652036 -0.00684317 0.999955 3.28858 1.00251 0 1 2687 0 0 0 
20170507022429 -0.030831 -0.128145 -0.124484 0 0 0 0.999995 0.00217386 -0.00223538 -0.00217265 0.999997 0.00054296 0.00223655 -0.0005381 0.999997 -0.030831 -0.128145 -0.124484 0.54336 0.719013 0.433337 0.999995 0.00217386 -0.00223538 -0.00217265 0.999997 0.00054296 0.00223655 -0.0005381 0.999997 3.62964 0.991589 0 1 2687 0 0 0 
20170507022430 -0.413035 0.285408 -0.363315 0 0 0 0.999967 0.00630493 0.00502676 -0.00634093 0.999954 0.00717703 -0.00498128 -0.00720867 0.999962 -0.413035 0.285408 -0.363315 0.0692537 -0.36766 -0.927378 0.999967 0.00630493 0.00502676 -0.00634093 0.999954 0.00717703 -0.00498128 -0.00720867 0.999962 4.08242 1.16701 0 1 2687 0 0 0 
20170507022430 -0.118218 -0.0417936 -0.116296 0 0 0 0.999998 0.00203125 -0.000725246 -0.00202975 0.999996 0.00206476 0.000729437 -0.00206328 0.999998 -0.118218 -0.0417936 -0.116296 0.441396 0.756227 0.483002 0.999998 0.00203125 -0.000725246 -0.00202975 0.999996 0.00206476 0.000729437 -0.00206328 0.999998 4.65596 1.23461 0 1 2687 0 0 0 
20170507022430 -0.474328 0.453195 -0.355886 0 0 0 0.999949 0.00614565 0.00796066 -0.00621115 0.999947 0.0082292 -0.00790967 -0.00827823 0.999934 -0.474328 0.453195 -0.355886 0.0735305 -0.257562 -0.96346 0.999949 0.00614565 0.00796066 -0.00621115 0.999947 0.0082292 -0.00790967 -0.00827823 0.999934 4.35998 1.17905 0 1 2687 0 0 0 
20170507022430 -0.407643 0.379564 -0.266384 0 0 0 0.999967 0.00460201 0.00665743 -0.00464915 0.999964 0.00708377 -0.0066246 -0.00711449 0.999953 -0.407643 0.379564 -0.266384 0.121467 -0.252855 -0.959849 0.999967 0.00460201 0.00665743 -0.00464915 0.999964 0.00708377 -0.0066246 -0.00711449 0.999953 3.6119 0.954109 0 1 2687 0 0 0 
20170507022430 -0.378168 0.199518 -0.078071 0 0 0 0.999993 0.00133958 0.00349116 -0.00136259 0.999977 0.00659547 -0.00348225 -0.00660018 0.999972 -0.378168 0.199518 -0.078071 2.64497e-05 0.407515 0.913198 0.999993 0.00133958 0.00349116 -0.00136259 0.999977 0.00659547 -0.00348225 -0.00660018 0.999972 3.31834 1.14744 0 1 2687 0 0 0 
20170507022431 0.0804853 -0.5573 -0.0291426 0 0 0 0.999953 0.000494971 -0.00972726 -0.00050861 0.999999 -0.00139978 0.00972656 0.00140467 0.999952 0.0804853 -0.5573 -0.0291426 0.867842 0.403323 0.290139 0.999953 0.000494971 -0.00972726 -0.00050861 0.999999 -0.00139978 0.00972656 0.00140467 0.999952 2.82133 1.21639 0 1 2687 0 0 0 
20170507022431 -0.0218092 0.21381 -0.362685 0 0 0 0.999973 0.00632858 0.00373401 -0.00632996 0.99998 0.000357013 -0.00373168 -0.000380639 0.999993 -0.0218092 0.21381 -0.362685 -0.265773 -0.378612 -0.886576 0.999973 0.00632858 0.00373401 -0.00632996 0.99998 0.000357013 -0.00373168 -0.000380639 0.999993 2.87203 1.33502 0 1 2687 0 0 0 
20170507022431 -0.0254609 -0.53949 -0.00366159 0 0 0 0.999956 6.8091e-05 -0.00941571 -6.3904e-05 1 0.000444979 0.00941574 -0.000444358 0.999956 -0.0254609 -0.53949 -0.00366159 0.909576 0.255463 0.327735 0.999956 6.8091e-05 -0.00941571 -6.3904e-05 1 0.000444979 0.00941574 -0.000444358 0.999956 2.75352 1.22874 0 1 2687 0 0 0 
20170507022431 0.0103246 -0.64453 0.0239694 0 0 0 0.999937 -0.000420372 -0.0112488 0.000418319 1 -0.000184905 0.0112489 0.000180188 0.999937 0.0103246 -0.64453 0.0239694 0.922498 0.246702 0.296877 0.999937 -0.000420372 -0.0112488 0.000418319 1 -0.000184905 0.0112489 0.000180188 0.999937 2.55682 1.18937 0 1 2687 0 0 0 
20170507022432 0.0246023 0.103536 -0.137924 0 0 0 0.999995 0.00240801 0.001806 -0.00240723 0.999997 -0.00043374 -0.00180704 0.000429391 0.999998 0.0246023 0.103536 -0.137924 0.416659 0.244679 0.875516 0.999995 0.00240801 0.001806 -0.00240723 0.999997 -0.00043374 -0.00180704 0.000429391 0.999998 2.84513 1.23755 0 1 2687 0 0 0 
20170507022432 -0.00221725 0.069545 -0.0878397 0 0 0 0.999998 0.00153304 0.00121385 -0.00153309 0.999999 3.68374e-05 -0.00121379 -3.86983e-05 0.999999 -0.00221725 0.069545 -0.0878397 0.407062 0.130707 0.904 0.999998 0.00153304 0.00121385 -0.00153309 0.999999 3.68374e-05 -0.00121379 -3.86983e-05 0.999999 3.85661 1.57814 0 1 2687 0 0 0 
20170507022432 0.0715673 0.202272 -0.205632 0 0 0 0.999987 0.00359336 0.0035258 -0.00358893 0.999993 -0.00126175 -0.00353031 0.00124908 0.999993 0.0715673 0.202272 -0.205632 0.351056 0.198245 0.915128 0.999987 0.00359336 0.0035258 -0.00358893 0.999993 -0.00126175 -0.00353031 0.00124908 0.999993 4.76675 2.05865 0 1 2687 0 0 0 
20170507022432 0.0100322 0.274921 -0.168158 0 0 0 0.999984 0.00293574 0.00479772 -0.00293487 0.999996 -0.000189177 -0.00479825 0.000175094 0.999988 0.0100322 0.274921 -0.168158 0.413054 0.253426 0.874735 0.999984 0.00293574 0.00479772 -0.00293487 0.999996 -0.000189177 -0.00479825 0.000175094 0.999988 5.77982 2.66607 0 1 2687 0 0 0 
20170507022432 -0.462643 0.613197 -0.0435309 0 0 0 0.999942 0.000673318 0.0107079 -0.000759714 0.999967 0.00806643 -0.0107021 -0.0080741 0.99991 -0.462643 0.613197 -0.0435309 0.583502 0.0976353 0.806221 0.999942 0.000673318 0.0107079 -0.000759714 0.999967 0.00806643 -0.0107021 -0.0080741 0.99991 8.07237 3.12907 0 1 2687 0 0 0 
20170507022433 -0.710663 0.367702 -0.127552 0 0 0 0.999977 0.00214644 0.00644467 -0.00222616 0.999921 0.0123888 -0.00641757 -0.0124028 0.999902 -0.710663 0.367702 -0.127552 0.886301 -0.130295 0.444402 0.999977 0.00214644 0.00644467 -0.00222616 0.999921 0.0123888 -0.00641757 -0.0124028 0.999902 12.2962 3.39788 0 1 2687 0 0 0 
20170507022433 -0.0421903 0.761406 -0.151718 0 0 0 0.999908 0.00263819 0.0132905 -0.00264775 0.999996 0.000701169 -0.0132886 -0.000736295 0.999911 -0.0421903 0.761406 -0.151718 0.956029 0.149721 0.252174 0.999908 0.00263819 0.0132905 -0.00264775 0.999996 0.000701169 -0.0132886 -0.000736295 0.999911 18.5258 3.84778 0 1 2682 0 0 0 
20170507022433 -0.093128 1.4574 -0.167249 0.994465 0.0845541 0.062376 0.999672 0.00287771 0.0254383 -0.0029181 0.999995 0.00155114 -0.0254337 -0.00162486 0.999675 -0.093128 1.4574 -0.167249 0.994465 0.0845541 0.062376 0.999672 0.00287771 0.0254383 -0.0029181 0.999995 0.00155114 -0.0254337 -0.00162486 0.999675 24.0269 4.59644 1 1 2682 0 0 0 
20170507022433 -0.104598 1.33999 -0.106569 0.998692 0.0510702 0.00252175 0.999725 0.00181728 0.0233885 -0.00185946 0.999997 0.00178209 -0.0233852 -0.00182509 0.999725 -0.104598 1.33999 -0.106569 0.998692 0.0510702 0.00252175 0.999725 0.00181728 0.0233885 -0.00185946 0.999997 0.00178209 -0.0233852 -0.00182509 0.999725 29.0163 5.69633 1 1 2673 0 0 0 
20170507022434 -0.0597714 1.23271 -0.0246754 -0.989925 -0.0179687 0.140446 0.999768 0.000408223 0.0215135 -0.000430567 0.999999 0.00103394 -0.0215131 -0.00104297 0.999768 -0.0597714 1.23271 -0.0246754 -0.989925 -0.0179687 0.140446 0.999768 0.000408223 0.0215135 -0.000430567 0.999999 0.00103394 -0.0215131 -0.00104297 0.999768 33.0022 7.1236 1 1 2666 0 0 0 
20170507022434 0.122211 1.68858 -0.278166 -0.973074 -0.0578293 0.22312 0.999554 0.00491774 0.0294562 -0.00485279 0.999986 -0.00227602 -0.029467 0.00213206 0.999563 0.122211 1.68858 -0.278166 -0.973074 -0.0578293 0.22312 0.999554 0.00491774 0.0294562 -0.00485279 0.999986 -0.00227602 -0.029467 0.00213206 0.999563 35.6042 8.39245 1 1 2648 0 0 0 
20170507022434 -0.330055 1.28323 -0.170002 -0.972461 0.0402183 0.229568 0.999745 0.00283805 0.0224113 -0.00296635 0.999979 0.00569405 -0.0223947 -0.00575907 0.999733 -0.330055 1.28323 -0.170002 -0.972461 0.0402183 0.229568 0.999745 0.00283805 0.0224113 -0.00296635 0.999979 0.00569405 -0.0223947 -0.00575907 0.999733 36.0142 9.46076 1 1 2645 0 0 0 
20170507022434 -0.29338 0.571629 0.103936 0.963946 -0.0536891 -0.260626 0.999949 -0.00186508 0.00996721 0.00181393 0.999985 0.00513851 -0.00997665 -0.00512017 0.999937 -0.29338 0.571629 0.103936 0.963946 -0.0536891 -0.260626 0.999949 -0.00186508 0.00996721 0.00181393 0.999985 0.00513851 -0.00997665 -0.00512017 0.999937 34.0926 9.98755 1 1 2642 0 0 0 
20170507022435 -0.272939 0.339307 0.166095 0.946542 -0.0685046 -0.315223 0.999978 -0.00292708 0.00590808 0.00289885 0.999984 0.00478082 -0.00592199 -0.00476359 0.999971 -0.272939 0.339307 0.166095 0.946542 -0.0685046 -0.315223 0.999978 -0.00292708 0.00590808 0.00289885 0.999984 0.00478082 -0.00592199 -0.00476359 0.999971 31.0387 10.3915 1 1 2642 0 0 0 
20170507022435 0.48319 0.625188 -0.0483473 0.855259 0.00985834 -0.518106 0.99994 0.000935807 0.0109039 -0.00084377 0.999964 -0.00844237 -0.0109114 0.00843266 0.999905 0.48319 0.625188 -0.0483473 0.855259 0.00985834 -0.518106 0.99994 0.000935807 0.0109039 -0.00084377 0.999964 -0.00844237 -0.0109114 0.00843266 0.999905 27.7615 11.0395 1 1 2638 0 0 0 
20170507022435 -0.239977 0.347381 0.16532 0.889178 -0.145926 -0.433668 0.999977 -0.00291075 0.00605075 0.00288533 0.999987 0.00420585 -0.00606291 -0.0041883 0.999973 -0.239977 0.347381 0.16532 0.889178 -0.145926 -0.433668 0.999977 -0.00291075 0.00605075 0.00288533 0.999987 0.00420585 -0.00606291 -0.0041883 0.999973 29.7743 12.1741 1 1 2618 0 0 0 
20170507022435 -0.297379 0.733714 0.00838555 0.838954 -0.225874 -0.495114 0.999918 -0.000212816 0.0128044 0.000146343 0.999987 0.00519209 -0.0128054 -0.00518979 0.999905 -0.297379 0.733714 0.00838555 0.838954 -0.225874 -0.495114 0.999918 -0.000212816 0.0128044 0.000146343 0.999987 0.00519209 -0.0128054 -0.00518979 0.999905 33.2608 13.1221 1 1 2606 0 0 0 
20170507022436 0.448887 0.457303 -0.160276 0.886146 -0.0854146 -0.455466 0.999964 0.00285979 0.00795917 -0.00279726 0.999965 -0.00785677 -0.00798136 0.00783422 0.999937 0.448887 0.457303 -0.160276 0.886146 -0.0854146 -0.455466 0.999964 0.00285979 0.00795917 -0.00279726 0.999965 -0.00785677 -0.00798136 0.00783422 0.999937 35.5533 14.495 1 1 2587 0 0 0 
20170507022436 0.159083 0.656359 -0.111775 0.869063 -0.137264 -0.475278 0.999932 0.00198264 0.0114499 -0.00195072 0.999994 -0.00279887 -0.0114554 0.00277634 0.999931 0.159083 0.656359 -0.111775 0.869063 -0.137264 -0.475278 0.999932 0.00198264 0.0114499 -0.00195072 0.999994 -0.00279887 -0.0114554 0.00277634 0.999931 36.9324 15.9243 1 1 2581 0 0 0 
20170507022436 -0.844778 0.172141 0.0291258 0.86993 -0.243099 -0.429097 0.999995 -0.000552582 0.0029966 0.000508339 0.999891 0.0147452 -0.00300443 -0.0147436 0.999887 -0.844778 0.172141 0.0291258 0.86993 -0.243099 -0.429097 0.999995 -0.000552582 0.0029966 0.000508339 0.999891 0.0147452 -0.00300443 -0.0147436 0.999887 36.0718 16.5826 1 1 2579 0 0 0 
20170507022436 0.433433 0.58813 -0.31307 0.811313 -0.0335069 -0.583651 0.999932 0.00554158 0.0102228 -0.0054638 0.999956 -0.00762074 -0.0102646 0.00756437 0.999919 0.433433 0.58813 -0.31307 0.811313 -0.0335069 -0.583651 0.999932 0.00554158 0.0102228 -0.0054638 0.999956 -0.00762074 -0.0102646 0.00756437 0.999919 35.0126 17.5413 1 1 2567 0 0 0 
20170507022436 -0.00120488 0.532401 -0.373966 0.773591 -0.0949689 -0.626528 0.999936 0.0065267 0.00929196 -0.00652662 0.999979 -3.96194e-05 -0.00929202 -2.10282e-05 0.999957 -0.00120488 0.532401 -0.373966 0.773591 -0.0949689 -0.626528 0.999936 0.0065267 0.00929196 -0.00652662 0.999979 -3.96194e-05 -0.00929202 -2.10282e-05 0.999957 33.2466 17.7719 1 1 2566 0 0 0 
20170507022437 -0.0510001 1.23305 -0.264681 0.643729 -0.148095 -0.750787 0.999758 0.00460038 0.0215229 -0.00461846 0.999989 0.000790702 -0.0215191 -0.000889913 0.999768 -0.0510001 1.23305 -0.264681 0.643729 -0.148095 -0.750787 0.999758 0.00460038 0.0215229 -0.00461846 0.999989 0.000790702 -0.0215191 -0.000889913 0.999768 31.3873 17.2538 1 1 2564 0 0 0 
20170507022437 0.115836 1.40556 -0.243906 0.619181 -0.151389 -0.770517 0.99969 0.00430653 0.0245204 -0.00425567 0.999989 -0.00212612 -0.0245292 0.00202111 0.999697 0.115836 1.40556 -0.243906 0.619181 -0.151389 -0.770517 0.99969 0.00430653 0.0245204 -0.00425567 0.999989 -0.00212612 -0.0245292 0.00202111 0.999697 30.5508 16.3583 1 1 2564 0 0 0 
20170507022437 0.192059 1.50748 -0.207748 0.604254 -0.150677 -0.782416 0.999647 0.00371404 0.026295 -0.00362462 0.999987 -0.00344742 -0.0263075 0.00335089 0.999648 0.192059 1.50748 -0.207748 0.604254 -0.150677 -0.782416 0.999647 0.00371404 0.026295 -0.00362462 0.999987 -0.00344742 -0.0263075 0.00335089 0.999648 30.3093 16.0376 1 1 2564 0 0 0 
20170507022437 -0.0861556 1.2086 -0.106811 0.648341 -0.171253 -0.74184 0.999776 0.00183249 0.0210952 -0.00186379 0.999997 0.00146437 -0.0210924 -0.00150336 0.999776 -0.0861556 1.2086 -0.106811 0.648341 -0.171253 -0.74184 0.999776 0.00183249 0.0210952 -0.00186379 0.999997 0.00146437 -0.0210924 -0.00150336 0.999776 28.9077 16.4033 1 1 2563 0 0 0 
20170507022437 0.21344 1.171 -0.0218318 0.695716 -0.0687759 -0.715017 0.999791 0.000457164 0.0204349 -0.000380956 0.999993 -0.00373301 -0.0204364 0.00372445 0.999784 0.21344 1.171 -0.0218318 0.695716 -0.0687759 -0.715017 0.999791 0.000457164 0.0204349 -0.000380956 0.999993 -0.00373301 -0.0204364 0.00372445 0.999784 31.0713 16.4656 1 1 2553 0 0 0 
20170507022438 0.113633 1.08307 -0.139001 0.669722 -0.0760716 -0.738705 0.999818 0.00246351 0.0188972 -0.00242559 0.999995 -0.00202912 -0.0189021 0.00198292 0.999819 0.113633 1.08307 -0.139001 0.669722 -0.0760716 -0.738705 0.999818 0.00246351 0.0188972 -0.00242559 0.999995 -0.00202912 -0.0189021 0.00198292 0.999819 30.1876 16.7765 1 1 2553 0 0 0 
20170507022438 -0.748221 2.05876 -0.359232 0.536677 -0.215544 -0.815793 0.999335 0.0058001 0.0360025 -0.0062657 0.999898 0.0128331 -0.0359244 -0.0130501 0.999269 -0.748221 2.05876 -0.359232 0.536677 -0.215544 -0.815793 0.999335 0.0058001 0.0360025 -0.0062657 0.999898 0.0128331 -0.0359244 -0.0130501 0.999269 31.7055 16.9198 1 1 2543 0 0 0 
20170507022438 -0.965335 2.15704 -0.211665 0.568702 -0.205894 -0.796358 0.999285 0.0030596 0.0376953 -0.00369162 0.999854 0.0167083 -0.0376386 -0.0168355 0.99915 -0.965335 2.15704 -0.211665 0.568702 -0.205894 -0.796358 0.999285 0.0030596 0.0376953 -0.00369162 0.999854 0.0167083 -0.0376386 -0.0168355 0.99915 33.9538 17.0227 1 1 2505 0 0 0 
20170507022438 -0.546779 3.21455 -0.165391 0.434881 -0.133232 -0.890577 0.998422 0.00235137 0.0560998 -0.00288208 0.999952 0.00938105 -0.0560751 -0.00952793 0.998381 -0.546779 3.21455 -0.165391 0.434881 -0.133232 -0.890577 0.998422 0.00235137 0.0560998 -0.00288208 0.999952 0.00938105 -0.0560751 -0.00952793 0.998381 34.9958 16.1201 1 1 2503 0 0 0 
20170507022439 -0.50974 3.35359 -0.252725 0.445635 -0.112633 -0.888101 0.998278 0.00389028 0.0585342 -0.00440332 0.999953 0.00863842 -0.0584978 -0.00888129 0.998248 -0.50974 3.35359 -0.252725 0.445635 -0.112633 -0.888101 0.998278 0.00389028 0.0585342 -0.00440332 0.999953 0.00863842 -0.0584978 -0.00888129 0.998248 35.5575 14.8399 1 1 2503 0 0 0 
20170507022439 -0.415576 3.38331 -0.206774 0.43739 -0.116794 -0.891655 0.998251 0.00318074 0.0590398 -0.00360259 0.999969 0.00704008 -0.0590155 -0.00724046 0.998231 -0.415576 3.38331 -0.206774 0.43739 -0.116794 -0.891655 0.998251 0.00318074 0.0590398 -0.00360259 0.999969 0.00704008 -0.0590155 -0.00724046 0.998231 34.4435 13.4872 1 1 2503 0 0 0 
20170507022439 -0.405409 4.13769 0.106597 0.304443 -0.116642 -0.945362 0.997392 -0.00237096 0.0721385 0.00185562 0.999972 0.00720988 -0.0721536 -0.00705722 0.997369 -0.405409 4.13769 0.106597 0.304443 -0.116642 -0.945362 0.997392 -0.00237096 0.0721385 0.00185562 0.999972 0.00720988 -0.0721536 -0.00705722 0.997369 34.5635 12.8727 1 1 2503 0 0 0 
20170507022439 -0.290313 4.08813 0.117119 0.294942 -0.11835 -0.948157 0.997453 -0.00240531 0.0712793 0.00203891 0.999984 0.00521262 -0.0712907 -0.00505401 0.997443 -0.290313 4.08813 0.117119 0.294942 -0.11835 -0.948157 0.997453 -0.00240531 0.0712793 0.00203891 0.999984 0.00521262 -0.0712907 -0.00505401 0.997443 34.3063 12.5516 1 1 2503 0 0 0 
20170507022439 -0.0736353 3.84885 -0.0469171 0.288385 -0.114772 -0.950611 0.997744 0.00073259 0.0671256 -0.000817011 0.999999 0.00123021 -0.0671246 -0.00128228 0.997744 -0.0736353 3.84885 -0.0469171 0.288385 -0.114772 -0.950611 0.997744 0.00073259 0.0671256 -0.000817011 0.999999 0.00123021 -0.0671246 -0.00128228 0.997744 32.5932 12.0907 1 1 2503 0 0 0 
20170507022440 -0.162091 4.1212 -0.086777 0.160674 -0.179449 -0.970557 0.997413 0.00131123 0.0718705 -0.00151063 0.999995 0.00272017 -0.0718665 -0.0028217 0.99741 -0.162091 4.1212 -0.086777 0.160674 -0.179449 -0.970557 0.997413 0.00131123 0.0718705 -0.00151063 0.999995 0.00272017 -0.0718665 -0.0028217 0.99741 31.5575 12.0112 1 1 2503 0 0 0 
20170507022440 -1.03439 3.77331 -0.253427 0.1515 -0.385002 -0.910396 0.997822 0.00323439 0.0658776 -0.00441353 0.999833 0.0177614 -0.0658092 -0.0180134 0.99767 -1.03439 3.77331 -0.253427 0.1515 -0.385002 -0.910396 0.997822 0.00323439 0.0658776 -0.00441353 0.999833 0.0177614 -0.0658092 -0.0180134 0.99767 29.399 12.4477 1 1 2503 0 0 0 
20170507022440 -0.111382 4.2787 -0.211185 -0.100806 -0.109414 -0.988871 0.997206 0.00354082 0.0746145 -0.00367559 0.999992 0.00166897 -0.074608 -0.00193856 0.997211 -0.111382 4.2787 -0.211185 -0.100806 -0.109414 -0.988871 0.997206 0.00354082 0.0746145 -0.00367559 0.999992 0.00166897 -0.074608 -0.00193856 0.997211 26.2282 12.4201 1 1 2503 0 0 0 
20170507022440 -0.148178 3.30026 -0.185146 -0.0328354 -0.116921 -0.992598 0.998336 0.00308251 0.0575764 -0.00322605 0.999992 0.00240014 -0.0575685 -0.00258189 0.998338 -0.148178 3.30026 -0.185146 -0.0328354 -0.116921 -0.992598 0.998336 0.00308251 0.0575764 -0.00322605 0.999992 0.00240014 -0.0575685 -0.00258189 0.998338 22.1928 11.3212 1 1 2503 0 0 0 
20170507022440 -0.823091 2.57095 -0.0667805 0 0 0 0.998993 0.000521048 0.0448686 -0.00116437 0.999897 0.0143129 -0.0448565 -0.0143507 0.99889 -0.823091 2.57095 -0.0667805 0 0 0 0.998993 0.000521048 0.0448686 -0.00116437 0.999897 0.0143129 -0.0448565 -0.0143507 0.99889 18.4233 9.60022 0 1 2503 0 0 0 
20170507022441 -0.672399 2.6015 -0.00727928 0 0 0 0.998969 -0.000405616 0.0453875 -0.000126916 0.999931 0.0117295 -0.0453891 -0.0117232 0.998901 -0.672399 2.6015 -0.00727928 0 0 0 0.998969 -0.000405616 0.0453875 -0.000126916 0.999931 0.0117295 -0.0453891 -0.0117232 0.998901 17.9594 7.89299 0 1 2503 0 0 0 
20170507022441 -0.120125 2.70629 0.0415707 0 0 0 0.998884 -0.000824537 0.0472145 0.000724737 0.999997 0.00213084 -0.0472162 -0.00209425 0.998882 -0.120125 2.70629 0.0415707 0 0 0 0.998884 -0.000824537 0.0472145 0.000724737 0.999997 0.00213084 -0.0472162 -0.00209425 0.998882 18.6322 6.13397 0 1 2503 0 0 0 
20170507022441 0.159385 2.32482 0.0896654 0.342606 -0.11723 -0.932137 0.999176 -0.00145211 0.0405687 0.00156367 0.999995 -0.0027183 -0.0405646 0.0027795 0.999173 0.159385 2.32482 0.0896654 0.342606 -0.11723 -0.932137 0.999176 -0.00145211 0.0405687 0.00156367 0.999995 -0.0027183 -0.0405646 0.0027795 0.999173 20.8576 4.78841 1 1 2503 0 0 0 
20170507022441 0.2062 2.84236 0.0743835 0.179104 -0.150709 -0.972218 0.998769 -0.00111977 0.0495926 0.00129664 0.999993 -0.00353448 -0.0495882 0.00359444 0.998763 0.2062 2.84236 0.0743835 0.179104 -0.150709 -0.972218 0.998769 -0.00111977 0.0495926 0.00129664 0.999993 -0.00353448 -0.0495882 0.00359444 0.998763 22.6472 4.1021 1 1 2503 0 0 0 
20170507022442 0.387987 3.25573 0.10346 0.300149 -0.111646 -0.947336 0.998384 -0.0014211 0.0568035 0.0018028 0.999976 -0.00666904 -0.0567926 0.00676067 0.998363 0.387987 3.25573 0.10346 0.300149 -0.111646 -0.947336 0.998384 -0.0014211 0.0568035 0.0018028 0.999976 -0.00666904 -0.0567926 0.00676067 0.998363 25.9672 3.74189 1 1 2503 0 0 0 
20170507022442 0.339823 3.09064 -0.0732623 0.33446 -0.0966942 -0.937436 0.998545 0.00159842 0.0539071 -0.00127681 0.999981 -0.00599992 -0.0539157 0.00592236 0.998528 0.339823 3.09064 -0.0732623 0.33446 -0.0966942 -0.937436 0.998545 0.00159842 0.0539071 -0.00127681 0.999981 -0.00599992 -0.0539157 0.00592236 0.998528 25.1178 4.2512 1 1 2503 0 0 0 
20170507022442 -0.140184 2.58882 0.251424 -0.549217 0.244921 0.798983 0.99897 -0.00449867 0.0451568 0.00438369 0.999987 0.00264486 -0.0451681 -0.00244418 0.998976 -0.140184 2.58882 0.251424 -0.549217 0.244921 0.798983 0.99897 -0.00449867 0.0451568 0.00438369 0.999987 0.00264486 -0.0451681 -0.00244418 0.998976 23.4657 5.21619 1 1 2503 0 0 0 
20170507022442 -0.252026 3.76616 0.124668 -0.0481376 -0.198219 -0.978975 0.997838 -0.00246476 0.0656742 0.00217116 0.999987 0.00454158 -0.0656845 -0.00438917 0.997831 -0.252026 3.76616 0.124668 -0.0481376 -0.198219 -0.978975 0.997838 -0.00246476 0.0656742 0.00217116 0.999987 0.00454158 -0.0656845 -0.00438917 0.997831 24.3342 6.44744 1 1 2503 0 0 0 
20170507022442 0.123645 3.42367 0.0513093 0.0596208 0.0576468 -0.996555 0.998215 -0.000766641 0.0597206 0.000893918 0.999997 -0.00210453 -0.0597188 0.00215416 0.998213 0.123645 3.42367 0.0513093 0.0596208 0.0576468 -0.996555 0.998215 -0.000766641 0.0597206 0.000893918 0.999997 -0.00210453 -0.0597188 0.00215416 0.998213 24.1706 7.46337 1 1 2503 0 0 0 
20170507022443 -0.0295856 3.1557 -0.0431295 0.167852 0.0940262 -0.981318 0.998483 0.000724326 0.0550499 -0.00075161 1 0.000474927 -0.0550495 -0.000515583 0.998483 -0.0295856 3.1557 -0.0431295 0.167852 0.0940262 -0.981318 0.998483 0.000724326 0.0550499 -0.00075161 1 0.000474927 -0.0550495 -0.000515583 0.998483 24.6603 8.38308 1 1 2503 0 0 0 
20170507022443 0.145949 3.24347 -0.21918 -0.00578066 0.152393 -0.988303 0.998391 0.00396952 0.0565686 -0.00381928 0.999989 -0.0027637 -0.056579 0.0025432 0.998395 0.145949 3.24347 -0.21918 -0.00578066 0.152393 -0.988303 0.998391 0.00396952 0.0565686 -0.00381928 0.999989 -0.0027637 -0.056579 0.0025432 0.998395 22.8205 9.06294 1 1 2503 0 0 0 
20170507022443 0.149647 3.07207 -0.122266 0.0746059 0.138297 -0.987577 0.998561 0.0022739 0.0535861 -0.00213087 0.999994 -0.00272619 -0.053592 0.00260808 0.99856 0.149647 3.07207 -0.122266 0.0746059 0.138297 -0.987577 0.998561 0.0022739 0.0535861 -0.00213087 0.999994 -0.00272619 -0.053592 0.00260808 0.99856 22.8769 8.84545 1 1 2503 0 0 0 
20170507022443 0.144828 3.07523 -0.150024 0.0933076 0.108987 -0.989654 0.998557 0.00275401 0.0536402 -0.00261464 0.999993 -0.00266819 -0.0536472 0.00252409 0.998557 0.144828 3.07523 -0.150024 0.0933076 0.108987 -0.989654 0.998557 0.00275401 0.0536402 -0.00261464 0.999993 -0.00266819 -0.0536472 0.00252409 0.998557 22.8806 8.2248 1 1 2503 0 0 0 
20170507022443 0.0157027 3.25282 -0.0669895 0.0619454 -0.00426446 -0.99807 0.998388 0.00118474 0.0567416 -0.0011673 0.999999 -0.000340406 -0.056742 0.000273622 0.998389 0.0157027 3.25282 -0.0669895 0.0619454 -0.00426446 -0.99807 0.998388 0.00118474 0.0567416 -0.0011673 0.999999 -0.000340406 -0.056742 0.000273622 0.998389 23.1078 7.15608 1 1 2503 0 0 0 
20170507022444 -0.0623709 2.45923 0.0792252 0.415771 -0.116371 -0.901994 0.999078 -0.00142945 0.0429069 0.00138147 0.999998 0.00114791 -0.0429084 -0.00108757 0.999078 -0.0623709 2.45923 0.0792252 0.415771 -0.116371 -0.901994 0.999078 -0.00142945 0.0429069 0.00138147 0.999998 0.00114791 -0.0429084 -0.00108757 0.999078 23.0515 5.79382 1 1 2503 0 0 0 
20170507022444 0.344963 2.65367 0.0917214 0.34629 -0.0376717 -0.937371 0.998926 -0.00132206 0.0463075 0.00159912 0.999981 -0.00594658 -0.0462987 0.00601424 0.99891 0.344963 2.65367 0.0917214 0.34629 -0.0376717 -0.937371 0.998926 -0.00132206 0.0463075 0.00159912 0.999981 -0.00594658 -0.0462987 0.00601424 0.99891 22.93 4.43098 1 1 2503 0 0 0 
20170507022444 0.804192 2.69397 0.0528114 0.323017 0.119585 -0.938807 0.998894 -0.000261964 0.0470095 0.000920714 0.999902 -0.013992 -0.0470013 0.0140198 0.998796 0.804192 2.69397 0.0528114 0.323017 0.119585 -0.938807 0.998894 -0.000261964 0.0470095 0.000920714 0.999902 -0.013992 -0.0470013 0.0140198 0.998796 22.4665 2.76082 1 1 2503 0 0 0 
20170507022444 1.02615 2.89563 0.00618005 0.212647 0.229621 -0.949766 0.998723 0.000796844 0.0505106 0.000107724 0.99984 -0.0179032 -0.0505168 0.0178858 0.998563 1.02615 2.89563 0.00618005 0.212647 0.229621 -0.949766 0.998723 0.000796844 0.0505106 0.000107724 0.99984 -0.0179032 -0.0505168 0.0178858 0.998563 22.8717 1.76109 1 1 2503 0 0 0 
20170507022445 1.07762 2.75173 0.38551 0.126398 0.721594 0.68068 0.998824 -0.00582431 0.0481253 0.00672061 0.999807 -0.0184835 -0.0480084 0.0187852 0.99867 1.07762 2.75173 0.38551 0.126398 0.721594 0.68068 0.998824 -0.00582431 0.0481253 0.00672061 0.999807 -0.0184835 -0.0480084 0.0187852 0.99867 20.6618 1.86834 1 1 2503 0 0 0 
20170507022445 0.973149 2.32531 0.0246314 0 0 0 0.999176 0.000259251 0.0405746 0.000429545 0.999856 -0.0169664 -0.0405731 0.0169699 0.999032 0.973149 2.32531 0.0246314 0 0 0 0.999176 0.000259251 0.0405746 0.000429545 0.999856 -0.0169664 -0.0405731 0.0169699 0.999032 18.9425 2.3421 0 1 2503 0 0 0 
20170507022445 1.0013 2.08981 0.156792 0 0 0 0.999331 -0.00209887 0.0365081 0.00273471 0.999845 -0.0173753 -0.036466 0.0174635 0.999182 1.0013 2.08981 0.156792 0 0 0 0.999331 -0.00209887 0.0365081 0.00273471 0.999845 -0.0173753 -0.036466 0.0174635 0.999182 17.6582 3.07261 0 1 2503 0 0 0 
20170507022445 0.939872 2.05979 0.128201 0 0 0 0.999351 -0.00164766 0.0359741 0.00223608 0.999864 -0.0163227 -0.0359423 0.0163925 0.999219 0.939872 2.05979 0.128201 0 0 0 0.999351 -0.00164766 0.0359741 0.00223608 0.999864 -0.0163227 -0.0359423 0.0163925 0.999219 17.4294 3.57346 0 1 2503 0 0 0 
20170507022446 0.767044 2.06892 0.0765072 0 0 0 0.999347 -0.000851888 0.0361163 0.00133443 0.99991 -0.0133388 -0.0361017 0.0133783 0.999259 0.767044 2.06892 0.0765072 0 0 0 0.999347 -0.000851888 0.0361163 0.00133443 0.99991 -0.0133388 -0.0361017 0.0133783 0.999259 16.9826 3.81963 0 1 2503 0 0 0 
20170507022446 0.666583 2.11621 0.0542623 0 0 0 0.999318 -0.000517396 0.036935 0.000946409 0.999932 -0.0115988 -0.0369265 0.0116259 0.99925 0.666583 2.11621 0.0542623 0 0 0 0.999318 -0.000517396 0.036935 0.000946409 0.999932 -0.0115988 -0.0369265 0.0116259 0.99925 16.8767 3.82746 0 1 2503 0 0 0 
20170507022446 0.50918 2.11956 0.0141149 0 0 0 0.999316 8.23344e-05 0.0369856 0.000246182 0.999961 -0.00887764 -0.0369849 0.00888067 0.999276 0.50918 2.11956 0.0141149 0 0 0 0.999316 8.23344e-05 0.0369856 0.000246182 0.999961 -0.00887764 -0.0369849 0.00888067 0.999276 16.3968 3.51987 0 1 2503 0 0 0 
20170507022446 0.38103 2.04458 -0.0183034 0 0 0 0.999363 0.000556707 0.0356742 -0.000319252 0.999978 -0.00666157 -0.0356771 0.00664594 0.999341 0.38103 2.04458 -0.0183034 0 0 0 0.999363 0.000556707 0.0356742 -0.000319252 0.999978 -0.00666157 -0.0356771 0.00664594 0.999341 15.5652 3.02329 0 1 2503 0 0 0 
20170507022446 0.388505 1.82946 0.00522461 0 0 0 0.99949 0.000125285 0.0319245 9.11401e-05 0.999977 -0.00677772 -0.0319247 0.00677718 0.999467 0.388505 1.82946 0.00522461 0 0 0 0.99949 0.000125285 0.0319245 9.11401e-05 0.999977 -0.00677772 -0.0319247 0.00677718 0.999467 14.0529 2.60414 0 1 2503 0 0 0 
20170507022447 0.396653 1.59986 0.108845 0 0 0 0.999608 -0.00170637 0.0279316 0.00189896 0.999975 -0.00686979 -0.0279192 0.00692015 0.999586 0.396653 1.59986 0.108845 0 0 0 0.999608 -0.00170637 0.0279316 0.00189896 0.999975 -0.00686979 -0.0279192 0.00692015 0.999586 12.3003 2.22898 0 1 2503 0 0 0 
20170507022447 0.467029 1.31286 0.0540791 0 0 0 0.999737 -0.000757072 0.0229186 0.000943611 0.999967 -0.00812947 -0.0229117 0.00814896 0.999704 0.467029 1.31286 0.0540791 0 0 0 0.999737 -0.000757072 0.0229186 0.000943611 0.999967 -0.00812947 -0.0229117 0.00814896 0.999704 10.7003 1.90336 0 1 2503 0 0 0 
20170507022447 0.879308 1.18152 0.0579185 0 0 0 0.999787 -0.00069431 0.0206331 0.00101065 0.999882 -0.0153254 -0.02062 0.015343 0.99967 0.879308 1.18152 0.0579185 0 0 0 0.999787 -0.00069431 0.0206331 0.00101065 0.999882 -0.0153254 -0.02062 0.015343 0.99967 11.2699 1.57669 0 1 2503 0 0 0 
20170507022447 1.61327 1.05958 0.253875 0 0 0 0.999819 -0.00390859 0.0186093 0.00443019 0.999596 -0.0280709 -0.018492 0.0281483 0.999433 1.61327 1.05958 0.253875 0 0 0 0.999819 -0.00390859 0.0186093 0.00443019 0.999596 -0.0280709 -0.018492 0.0281483 0.999433 12.1515 1.59148 0 1 2503 0 0 0 
20170507022448 -1.16107 1.34611 -0.316184 0 0 0 0.999709 0.00504127 0.0235985 -0.00551689 0.999782 0.0201333 -0.0234919 -0.0202576 0.999519 -1.16107 1.34611 -0.316184 0 0 0 0.999709 0.00504127 0.0235985 -0.00551689 0.999782 0.0201333 -0.0234919 -0.0202576 0.999519 12.3604 1.82202 0 1 2503 0 0 0 
20170507022448 1.92119 0.696831 0.728699 0 0 0 0.999845 -0.012303 0.0125802 0.0127169 0.999362 -0.0333675 -0.0121617 0.0335224 0.999364 1.92119 0.696831 0.728699 0 0 0 0.999845 -0.012303 0.0125802 0.0127169 0.999362 -0.0333675 -0.0121617 0.0335224 0.999364 13.322 2.31187 0 1 2503 0 0 0 
20170507022448 -1.06103 1.45431 -0.304203 0 0 0 0.999664 0.00483845 0.0254734 -0.00530762 0.999817 0.0183825 -0.0253798 -0.0185115 0.999506 -1.06103 1.45431 -0.304203 0 0 0 0.999664 0.00483845 0.0254734 -0.00530762 0.999817 0.0183825 -0.0253798 -0.0185115 0.999506 14.5929 2.61035 0 1 2503 0 0 0 
20170507022448 -1.14548 1.50683 -0.319774 0 0 0 0.999639 0.00505428 0.026402 -0.00557915 0.999788 0.0198441 -0.0262961 -0.0199842 0.999454 -1.14548 1.50683 -0.319774 0 0 0 0.999639 0.00505428 0.026402 -0.00557915 0.999788 0.0198441 -0.0262961 -0.0199842 0.999454 15.0194 2.76647 0 1 2503 0 0 0 
20170507022448 -1.16428 1.58518 -0.255514 0 0 0 0.999607 0.00389654 0.0277477 -0.00445784 0.999786 0.0201957 -0.0276631 -0.0203114 0.999411 -1.16428 1.58518 -0.255514 0 0 0 0.999607 0.00389654 0.0277477 -0.00445784 0.999786 0.0201957 -0.0276631 -0.0203114 0.999411 14.9088 2.64726 0 1 2503 0 0 0 
20170507022449 -0.984968 1.57065 -0.303399 0 0 0 0.99961 0.00482333 0.0274962 -0.00529329 0.999841 0.0170447 -0.0274096 -0.0171836 0.999477 -0.984968 1.57065 -0.303399 0 0 0 0.99961 0.00482333 0.0274962 -0.00529329 0.999841 0.0170447 -0.0274096 -0.0171836 0.999477 14.2554 2.45771 0 1 2503 0 0 0 
20170507022449 -0.862512 1.35999 -0.212777 0 0 0 0.999711 0.00335596 0.0237871 -0.0037126 0.999881 0.0149649 -0.0237341 -0.0150489 0.999605 -0.862512 1.35999 -0.212777 0 0 0 0.999711 0.00335596 0.0237871 -0.0037126 0.999881 0.0149649 -0.0237341 -0.0150489 0.999605 12.548 2.26185 0 1 2503 0 0 0 
20170507022449 -0.674732 1.21471 -0.279892 0 0 0 0.999763 0.00463504 0.0212549 -0.00488392 0.99992 0.0116723 -0.0211991 -0.0117734 0.999706 -0.674732 1.21471 -0.279892 0 0 0 0.999763 0.00463504 0.0212549 -0.00488392 0.99992 0.0116723 -0.0211991 -0.0117734 0.999706 11.7424 2.20215 0 1 2503 0 0 0 
20170507022449 -0.642197 1.06293 -0.20234 0 0 0 0.999822 0.00332335 0.0185888 -0.00353088 0.999932 0.0111426 -0.0185505 -0.0112063 0.999765 -0.642197 1.06293 -0.20234 0 0 0 0.999822 0.00332335 0.0185888 -0.00353088 0.999932 0.0111426 -0.0185505 -0.0112063 0.999765 10.9426 2.18594 0 1 2503 0 0 0 
20170507022450 -0.749086 0.926115 -0.189984 0 0 0 0.999864 0.00310424 0.0162049 -0.0033154 0.99991 0.01302 -0.016163 -0.0130719 0.999784 -0.749086 0.926115 -0.189984 0 0 0 0.999864 0.00310424 0.0162049 -0.0033154 0.99991 0.01302 -0.016163 -0.0130719 0.999784 10.9556 2.44906 0 1 2503 0 0 0 
20170507022450 -0.2567 0.412636 -0.67005 0 0 0 0.999906 0.0116619 0.00725363 -0.011694 0.999922 0.00439572 -0.0072018 -0.00448013 0.999964 -0.2567 0.412636 -0.67005 0 0 0 0.999906 0.0116619 0.00725363 -0.011694 0.999922 0.00439572 -0.0072018 -0.00448013 0.999964 11.1475 3.11651 0 1 2503 0 0 0 
20170507022450 -0.0826331 0.12213 0.129884 0 0 0 0.999995 -0.00226997 0.00212829 0.0022669 0.999996 0.00144705 -0.00213156 -0.00144222 0.999997 -0.0826331 0.12213 0.129884 0 0 0 0.999995 -0.00226997 0.00212829 0.0022669 0.999996 0.00144705 -0.00213156 -0.00144222 0.999997 11.7151 3.53582 0 1 2503 0 0 0 
20170507022450 -0.3152 0.24637 -0.0652381 0 0 0 0.99999 0.00111495 0.00430614 -0.00113861 0.999984 0.00549634 -0.00429995 -0.00550119 0.999976 -0.3152 0.24637 -0.0652381 0 0 0 0.99999 0.00111495 0.00430614 -0.00113861 0.999984 0.00549634 -0.00429995 -0.00550119 0.999976 10.9584 3.60684 0 1 2503 0 0 0 
20170507022451 -0.146142 0.338949 -0.19527 0 0 0 0.999977 0.00339299 0.00592438 -0.00340803 0.999991 0.00253048 -0.00591574 -0.00255061 0.999979 -0.146142 0.338949 -0.19527 0 0 0 0.999977 0.00339299 0.00592438 -0.00340803 0.999991 0.00253048 -0.00591574 -0.00255061 0.999979 9.97844 3.68516 0 1 2503 0 0 0 
20170507022451 -0.373701 0.363165 -0.0458868 0 0 0 0.99998 0.000759518 0.00634347 -0.00080086 0.999978 0.00651719 -0.00633838 -0.00652214 0.999959 -0.373701 0.363165 -0.0458868 0 0 0 0.99998 0.000759518 0.00634347 -0.00080086 0.999978 0.00651719 -0.00633838 -0.00652214 0.999959 9.4659 4.00319 0 1 2501 0 0 0 
20170507022451 0.199512 0.071508 -0.176962 0 0 0 0.999994 0.0030929 0.00123728 -0.00308857 0.999989 -0.00348597 -0.00124805 0.00348213 0.999993 0.199512 0.071508 -0.176962 0 0 0 0.999994 0.0030929 0.00123728 -0.00308857 0.999989 -0.00348597 -0.00124805 0.00348213 0.999993 10.7619 4.78797 0 1 2494 0 0 0 
20170507022451 -0.174666 0.503876 -0.120403 0 0 0 0.999959 0.00207461 0.00880052 -0.00210134 0.999993 0.00303 -0.00879418 -0.00304837 0.999957 -0.174666 0.503876 -0.120403 0 0 0 0.999959 0.00207461 0.00880052 -0.00210134 0.999993 0.00303 -0.00879418 -0.00304837 0.999957 12.7041 5.49871 0 1 2488 0 0 0 
20170507022451 -0.032639 0.233073 -0.0651463 0 0 0 0.999991 0.0011347 0.00406852 -0.00113701 0.999999 0.000565033 -0.00406787 -0.000569654 0.999992 -0.032639 0.233073 -0.0651463 0 0 0 0.999991 0.0011347 0.00406852 -0.00113701 0.999999 0.000565033 -0.00406787 -0.000569654 0.999992 15.7111 6.39329 0 1 2482 0 0 0 
20170507022452 0.0195186 -0.0433941 -0.0516332 0 0 0 0.999999 0.000900911 -0.000757677 -0.000901168 1 -0.00033998 0.000757371 0.000340663 1 0.0195186 -0.0433941 -0.0516332 0 0 0 0.999999 0.000900911 -0.000757677 -0.000901168 1 -0.00033998 0.000757371 0.000340663 1 19.9906 7.06496 0 1 2470 0 0 0 
20170507022452 -0.227339 -0.642518 0.0140146 -0.979995 -0.175284 0.0942641 0.999937 -0.000200104 -0.0112147 0.000244585 0.999992 0.00396507 0.0112138 -0.00396756 0.999929 -0.227339 -0.642518 0.0140146 -0.979995 -0.175284 0.0942641 0.999937 -0.000200104 -0.0112147 0.000244585 0.999992 0.00396507 0.0112138 -0.00396756 0.999929 24.7889 7.70855 1 1 2433 0 0 0 
20170507022452 0.215406 -0.47645 -0.0684117 -0.987595 -0.0614082 0.144518 0.999965 0.00116274 -0.00831995 -0.00119397 0.999992 -0.0037496 0.00831552 0.0037594 0.999958 0.215406 -0.47645 -0.0684117 -0.987595 -0.0614082 0.144518 0.999965 0.00116274 -0.00831995 -0.00119397 0.999992 -0.0037496 0.00831552 0.0037594 0.999958 28.6181 8.38612 1 1 2417 0 0 0 
20170507022452 -0.00572919 -0.564018 -0.156138 -0.987846 -0.141764 0.0637403 0.999948 0.00272611 -0.00984351 -0.00272499 0.999996 0.000126819 0.00984382 -9.99884e-05 0.999952 -0.00572919 -0.564018 -0.156138 -0.987846 -0.141764 0.0637403 0.999948 0.00272611 -0.00984351 -0.00272499 0.999996 0.000126819 0.00984382 -9.99884e-05 0.999952 32.8552 9.08077 1 1 2405 0 0 0 
20170507022453 0.0357045 -0.594333 -0.0871354 -0.983548 -0.158506 0.0866569 0.999945 0.00151433 -0.0103738 -0.00152072 0.999999 -0.000607386 0.0103729 0.000623128 0.999946 0.0357045 -0.594333 -0.0871354 -0.983548 -0.158506 0.0866569 0.999945 0.00151433 -0.0103738 -0.00152072 0.999999 -0.000607386 0.0103729 0.000623128 0.999946 34.7255 9.81127 1 1 2405 0 0 0 
20170507022453 0.0958906 0.193348 -0.0777668 -0.989178 -0.121931 0.0816046 0.999993 0.00136293 0.00337227 -0.00135728 0.999998 -0.00167818 -0.00337455 0.0016736 0.999993 0.0958906 0.193348 -0.0777668 -0.989178 -0.121931 0.0816046 0.999993 0.00136293 0.00337227 -0.00135728 0.999998 -0.00167818 -0.00337455 0.0016736 0.999993 35.744 10.4326 1 1 2403 0 0 0 
20170507022453 0.124924 0.43917 -0.113442 -0.991001 -0.110463 0.075597 0.999969 0.00199664 0.00766053 -0.00197987 0.999996 -0.00219551 -0.00766488 0.00218027 0.999968 0.124924 0.43917 -0.113442 -0.991001 -0.110463 0.075597 0.999969 0.00199664 0.00766053 -0.00197987 0.999996 -0.00219551 -0.00766488 0.00218027 0.999968 35.7617 10.673 1 1 2403 0 0 0 
20170507022453 0.186564 0.119609 -0.097497 -0.993281 -0.0832794 0.0803552 0.999996 0.00170843 0.00208201 -0.00170164 0.999993 -0.0032597 -0.00208757 0.00325615 0.999993 0.186564 0.119609 -0.097497 -0.993281 -0.0832794 0.0803552 0.999996 0.00170843 0.00208201 -0.00170164 0.999993 -0.0032597 -0.00208757 0.00325615 0.999993 36.1297 10.5456 1 1 2403 0 0 0 
20170507022454 0.183481 0.551569 -0.194533 -0.99762 -0.0684437 0.00831712 0.999948 0.00342605 0.00961558 -0.00339508 0.999989 -0.00323501 -0.00962655 0.0032022 0.999949 0.183481 0.551569 -0.194533 -0.99762 -0.0684437 0.00831712 0.999948 0.00342605 0.00961558 -0.00339508 0.999989 -0.00323501 -0.00962655 0.0032022 0.999949 35.4348 10.2091 1 1 2403 0 0 0 
20170507022454 0.169966 0.459075 -0.185819 -0.998944 -0.0313958 -0.0335482 0.999963 0.00326689 0.00800259 -0.00324304 0.99999 -0.00299243 -0.00801229 0.00296636 0.999964 0.169966 0.459075 -0.185819 -0.998944 -0.0313958 -0.0335482 0.999963 0.00326689 0.00800259 -0.00324304 0.99999 -0.00299243 -0.00801229 0.00296636 0.999964 33.9777 9.67616 1 1 2403 0 0 0 
20170507022454 0.0186173 0.962466 -0.235321 -0.993201 -0.0158427 -0.115328 0.99985 0.00411257 0.0167959 -0.00410654 0.999991 -0.000393919 -0.0167974 0.000324887 0.999859 0.0186173 0.962466 -0.235321 -0.993201 -0.0158427 -0.115328 0.99985 0.00411257 0.0167959 -0.00410654 0.999991 -0.000393919 -0.0167974 0.000324887 0.999859 31.2799 9.40768 1 1 2403 0 0 0 
20170507022454 -0.157108 1.65527 -0.313014 -0.971047 -0.00589014 -0.238817 0.999568 0.00538387 0.0289002 -0.00546081 0.999982 0.0025842 -0.0288858 -0.0027409 0.999579 -0.157108 1.65527 -0.313014 -0.971047 -0.00589014 -0.238817 0.999568 0.00538387 0.0289002 -0.00546081 0.999982 0.0025842 -0.0288858 -0.0027409 0.999579 29.8906 9.1955 1 1 2403 0 0 0 
20170507022454 -0.154137 0.462101 0.256239 0.984623 -0.155243 0.0801019 0.999957 -0.00449388 0.00805295 0.00447206 0.999986 0.00272624 -0.00806509 -0.00269011 0.999964 -0.154137 0.462101 0.256239 0.984623 -0.155243 0.0801019 0.999957 -0.00449388 0.00805295 0.00447206 0.999986 0.00272624 -0.00806509 -0.00269011 0.999964 27.9264 9.16859 1 1 2402 0 0 0 
20170507022455 -0.173223 1.34642 -0.0770281 -0.944241 0.145199 -0.295509 0.999723 0.00127335 0.0235012 -0.00134402 0.999995 0.00299172 -0.0234973 -0.00302248 0.999719 -0.173223 1.34642 -0.0770281 -0.944241 0.145199 -0.295509 0.999723 0.00127335 0.0235012 -0.00134402 0.999995 0.00299172 -0.0234973 -0.00302248 0.999719 25.5398 9.1432 1 1 2386 0 0 0 
20170507022455 0.160041 1.59337 0.032908 -0.909174 0.272979 -0.314459 0.999613 -0.000496681 0.0278075 0.00057413 0.999996 -0.00277726 -0.027806 0.00279215 0.999609 0.160041 1.59337 0.032908 -0.909174 0.272979 -0.314459 0.999613 -0.000496681 0.0278075 0.00057413 0.999996 -0.00277726 -0.027806 0.00279215 0.999609 24.2766 8.68058 1 1 2355 0 0 0 
