20170507010141 -0.16515 0.197503 -0.0719073 0 0 0 0.999993 0.00124508 0.00345067 -0.00125501 0.999995 0.00287808 -0.00344707 -0.00288239 0.99999 -0.16515 0.197503 -0.0719073 0.48709 -0.184318 0.85368 0.999993 0.00124508 0.00345067 -0.00125501 0.999995 0.00287808 -0.00344707 -0.00288239 0.99999 2.20212 0.440419 0 1 2000 0 0 0 
20170507010141 -0.150347 -0.134525 0.00246327 0 0 0 0.999997 -3.6831e-05 -0.00234801 4.2992e-05 0.999997 0.00262395 0.00234791 -0.00262404 0.999994 -0.150347 -0.134525 0.00246327 0.650852 -0.00178317 0.759203 0.999997 -3.6831e-05 -0.00234801 4.2992e-05 0.999997 0.00262395 0.00234791 -0.00262404 0.999994 1.16048 0.280741 0 1 2000 0 0 0 
20170507010141 -0.0833942 -0.205825 0.0162861 0 0 0 0.999994 -0.000279018 -0.00359272 0.000284245 0.999999 0.00145448 0.00359232 -0.00145549 0.999992 -0.0833942 -0.205825 0.0162861 0.683456 -0.37253 -0.627782 0.999994 -0.000279018 -0.00359272 0.000284245 0.999999 0.00145448 0.00359232 -0.00145549 0.999992 1.81299 0.588157 0 1 1999 0 0 0 
20170507010142 0.00179298 -0.0549544 -0.0487414 0 0 0 0.999999 0.000850668 -0.000959161 -0.000850698 1 -3.04774e-05 0.000959134 3.12933e-05 1 0.00179298 -0.0549544 -0.0487414 -0.948746 0.304613 0.0842139 0.999999 0.000850668 -0.000959161 -0.000850698 1 -3.04774e-05 0.000959134 3.12933e-05 1 2.51319 0.691903 0 1 1997 0 0 0 
20170507010142 0.058598 -0.12639 0.0127273 0 0 0 0.999998 -0.000224389 -0.0022057 0.000222133 0.999999 -0.00102322 0.00220593 0.00102272 0.999997 0.058598 -0.12639 0.0127273 -0.839453 0.498817 0.215638 0.999998 -0.000224389 -0.0022057 0.000222133 0.999999 -0.00102322 0.00220593 0.00102272 0.999997 3.06619 0.843852 0 1 1995 0 0 0 
20170507010142 -0.0579587 -0.437961 0.0559483 0 0 0 0.99997 -0.000968749 -0.00764477 0.000976453 0.999999 0.00100411 0.00764379 -0.00101154 0.99997 -0.0579587 -0.437961 0.0559483 0.339271 0.189215 0.921462 0.99997 -0.000968749 -0.00764477 0.000976453 0.999999 0.00100411 0.00764379 -0.00101154 0.99997 3.03777 1.01917 0 1 1995 0 0 0 
20170507010142 -0.044789 -0.453996 0.0927707 0 0 0 0.999967 -0.00161296 -0.0079249 0.0016191 0.999998 0.000768886 0.00792365 -0.000781692 0.999968 -0.044789 -0.453996 0.0927707 0.341015 0.22588 0.912517 0.999967 -0.00161296 -0.0079249 0.0016191 0.999998 0.000768886 0.00792365 -0.000781692 0.999968 3.02021 1.02986 0 1 1995 0 0 0 
20170507010142 -0.0327808 -0.281646 0.0817415 0 0 0 0.999987 -0.00142385 -0.00491644 0.00142664 0.999999 0.00056512 0.00491563 -0.000572127 0.999988 -0.0327808 -0.281646 0.0817415 -0.164144 -0.134242 -0.977259 0.999987 -0.00142385 -0.00491644 0.00142664 0.999999 0.00056512 0.00491563 -0.000572127 0.999988 1.93043 0.948134 0 1 1995 0 0 0 
20170507010143 0.0652049 0.0477731 0.119312 0 0 0 0.999997 -0.00208144 0.000836166 0.00208239 0.999997 -0.0011363 -0.000833799 0.00113804 0.999999 0.0652049 0.0477731 0.119312 -0.671908 0.023737 -0.740254 0.999997 -0.00208144 0.000836166 0.00208239 0.999997 -0.0011363 -0.000833799 0.00113804 0.999999 0.923022 0.41444 0 1 1995 0 0 0 
20170507010143 -0.050607 0.293707 0.115836 0 0 0 0.999985 -0.00202625 0.00512434 0.00202169 0.999998 0.000893621 -0.00512613 -0.000883248 0.999986 -0.050607 0.293707 0.115836 0.190184 -0.127644 -0.973415 0.999985 -0.00202625 0.00512434 0.00202169 0.999998 0.000893621 -0.00512613 -0.000883248 0.999986 2.53429 0.908267 0 1 1993 0 0 0 
20170507010143 0.040385 0.490842 0.133773 0 0 0 0.999961 -0.00232873 0.00856832 0.00233469 0.999997 -0.000684847 -0.0085667 0.000704825 0.999963 0.040385 0.490842 0.133773 -0.0317633 -0.149308 -0.98828 0.999961 -0.00232873 0.00856832 0.00233469 0.999997 -0.000684847 -0.0085667 0.000704825 0.999963 4.68812 0.923971 0 1 1990 0 0 0 
20170507010143 0.00873214 0.776917 0.0864768 0 0 0 0.999907 -0.00150724 0.0135596 0.00150916 0.999999 -0.000131939 -0.0135593 0.000152391 0.999908 0.00873214 0.776917 0.0864768 0.272358 -0.106914 -0.956238 0.999907 -0.00150724 0.0135596 0.00150916 0.999999 -0.000131939 -0.0135593 0.000152391 0.999908 5.83783 1.11952 0 1 1988 0 0 0 
20170507010143 -0.0551196 1.13072 0.0755625 0 0 0 0.999804 -0.0013378 0.0197322 0.00131856 0.999999 0.000988043 -0.0197335 -0.000961831 0.999805 -0.0551196 1.13072 0.0755625 0.312599 -0.154787 -0.937189 0.999804 -0.0013378 0.0197322 0.00131856 0.999999 0.000988043 -0.0197335 -0.000961831 0.999805 6.98695 1.00264 0 1 1987 0 0 0 
20170507010144 -0.0748252 1.13793 0.089651 0 0 0 0.999802 -0.00159064 0.0198572 0.0015644 0.999998 0.00133702 -0.0198593 -0.00130569 0.999802 -0.0748252 1.13793 0.089651 -0.318058 0.0179677 -0.947901 0.999802 -0.00159064 0.0198572 0.0015644 0.999998 0.00133702 -0.0198593 -0.00130569 0.999802 7.94865 1.0099 0 1 1987 0 0 0 
20170507010144 -0.106395 1.16362 0.0933739 0 0 0 0.999792 -0.00166739 0.0203045 0.00162935 0.999997 0.00189003 -0.0203076 -0.00185656 0.999792 -0.106395 1.16362 0.0933739 0.251575 -0.172751 -0.952296 0.999792 -0.00166739 0.0203045 0.00162935 0.999997 0.00189003 -0.0203076 -0.00185656 0.999792 8.25293 0.934352 0 1 1987 0 0 0 
20170507010144 -0.198837 1.30443 0.188248 0 0 0 0.999735 -0.00336452 0.022753 0.00328469 0.999988 0.00354513 -0.0227647 -0.00346946 0.999735 -0.198837 1.30443 0.188248 -0.137325 0.00038402 -0.990526 0.999735 -0.00336452 0.022753 0.00328469 0.999988 0.00354513 -0.0227647 -0.00346946 0.999735 9.18971 1.09239 0 1 1987 0 0 0 
20170507010144 -0.25066 1.41719 0.23691 0 0 0 0.999686 -0.00424301 0.0247135 0.00413359 0.999981 0.00447705 -0.0247321 -0.00437349 0.999685 -0.25066 1.41719 0.23691 -0.1179 -0.0510792 -0.991711 0.999686 -0.00424301 0.0247135 0.00413359 0.999981 0.00447705 -0.0247321 -0.00437349 0.999685 10.059 1.30513 0 1 1987 0 0 0 
20170507010144 -0.47147 1.62896 0.210933 0 0 0 0.999589 -0.00391526 0.0283955 0.00367999 0.999959 0.0083332 -0.0284269 -0.00822529 0.999562 -0.47147 1.62896 0.210933 0.00850374 0.167856 -0.985775 0.999589 -0.00391526 0.0283955 0.00367999 0.999959 0.0083332 -0.0284269 -0.00822529 0.999562 11.2445 1.61829 0 1 1987 0 0 0 
20170507010145 -0.320018 1.20143 0.31894 0 0 0 0.999765 -0.00568354 0.0209356 0.0055653 0.999968 0.00570196 -0.0209674 -0.0055841 0.999765 -0.320018 1.20143 0.31894 -0.469664 -0.260965 -0.843394 0.999765 -0.00568354 0.0209356 0.0055653 0.999968 0.00570196 -0.0209674 -0.0055841 0.999765 11.6301 2.0021 0 1 1987 0 0 0 
20170507010145 -0.408172 1.57835 0.324107 0 0 0 0.999605 -0.00585278 0.0275025 0.00565456 0.999958 0.00727958 -0.0275439 -0.00712119 0.999595 -0.408172 1.57835 0.324107 -0.071715 -0.0927625 -0.993102 0.999605 -0.00585278 0.0275025 0.00565456 0.999958 0.00727958 -0.0275439 -0.00712119 0.999595 11.1852 2.26878 0 1 1987 0 0 0 
20170507010145 -0.460265 1.54143 0.337283 0 0 0 0.999621 -0.00610256 0.0268512 0.00588453 0.999949 0.00819126 -0.0268998 -0.00803015 0.999606 -0.460265 1.54143 0.337283 -0.0906033 -0.0443225 -0.9949 0.999621 -0.00610256 0.0268512 0.00588453 0.999949 0.00819126 -0.0268998 -0.00803015 0.999606 11.0349 2.4756 0 1 1987 0 0 0 
20170507010145 -0.298225 2.36062 0.154314 0 0 0 0.999148 -0.00290764 0.0411742 0.002691 0.999982 0.0053159 -0.0411889 -0.00520057 0.999138 -0.298225 2.36062 0.154314 -0.992633 0.0716039 0.0977402 0.999148 -0.00290764 0.0411742 0.002691 0.999982 0.0053159 -0.0411889 -0.00520057 0.999138 10.8679 2.85121 0 1 1985 0 0 0 
20170507010145 -0.203307 2.3787 0.168398 0 0 0 0.999134 -0.00308635 0.0414933 0.00293656 0.999989 0.00367034 -0.0415042 -0.00354531 0.999132 -0.203307 2.3787 0.168398 -0.997928 0.0523875 0.0373425 0.999134 -0.00308635 0.0414933 0.00293656 0.999989 0.00367034 -0.0415042 -0.00354531 0.999132 10.374 2.9929 0 1 1985 0 0 0 
20170507010146 0.737271 2.62985 0.36743 0 0 0 0.998926 -0.0058219 0.0459612 0.00640607 0.9999 -0.012573 -0.0458834 0.0128539 0.998864 0.737271 2.62985 0.36743 0.837868 -0.545752 0.0114769 0.998926 -0.0058219 0.0459612 0.00640607 0.9999 -0.012573 -0.0458834 0.0128539 0.998864 10.3674 3.23168 0 1 1985 0 0 0 
20170507010146 -0.341834 2.80604 0.044152 0 0 0 0.998801 -0.00106266 0.0489496 0.000769674 0.999982 0.00600382 -0.0489551 -0.00595894 0.998783 -0.341834 2.80604 0.044152 0.978064 0.19412 0.0755532 0.998801 -0.00106266 0.0489496 0.000769674 0.999982 0.00600382 -0.0489551 -0.00595894 0.998783 11.3344 3.29333 0 1 1985 0 0 0 
20170507010146 0.0819667 3.24218 0.0231287 0 0 0 0.998399 -0.000322763 0.0565571 0.000403027 0.999999 -0.00140776 -0.0565566 0.0014283 0.998398 0.0819667 3.24218 0.0231287 -0.999943 0.0077258 0.00738126 0.998399 -0.000322763 0.0565571 0.000403027 0.999999 -0.00140776 -0.0565566 0.0014283 0.998398 11.9035 3.3694 0 1 1984 0 0 0 
20170507010146 -0.0214927 3.02689 0.0685084 0 0 0 0.998604 -0.0012155 0.0528041 0.00119403 0.999999 0.000438256 -0.0528046 -0.000374594 0.998605 -0.0214927 3.02689 0.0685084 -0.999279 -0.0362416 0.0112851 0.998604 -0.0012155 0.0528041 0.00119403 0.999999 0.000438256 -0.0528046 -0.000374594 0.998605 10.6404 3.5048 0 1 1984 0 0 0 
20170507010146 -0.0655326 2.90319 0.0642971 0 0 0 0.998716 -0.00118012 0.0506471 0.00112076 0.999999 0.0012006 -0.0506485 -0.00114229 0.998716 -0.0655326 2.90319 0.0642971 -0.998509 -0.0545378 0.00250752 0.998716 -0.00118012 0.0506471 0.00112076 0.999999 0.0012006 -0.0506485 -0.00114229 0.998716 9.44382 3.5584 0 1 1984 0 0 0 
20170507010147 -0.0228968 2.59856 0.105166 0 0 0 0.99897 -0.00185361 0.045337 0.0018336 0.999998 0.000482841 -0.0453378 -0.000399213 0.998972 -0.0228968 2.59856 0.105166 -0.997222 -0.072965 0.0149485 0.99897 -0.00185361 0.045337 0.0018336 0.999998 0.000482841 -0.0453378 -0.000399213 0.998972 8.41816 3.31835 0 1 1984 0 0 0 
20170507010147 -0.0991334 2.41444 0.114916 0 0 0 0.99911 -0.00207855 0.0421238 0.00200388 0.999996 0.00181469 -0.0421275 -0.00172867 0.999111 -0.0991334 2.41444 0.114916 -0.994221 -0.10727 0.00414072 0.99911 -0.00207855 0.0421238 0.00200388 0.999996 0.00181469 -0.0421275 -0.00172867 0.999111 8.09338 3.2229 0 1 1984 0 0 0 
20170507010147 -0.131337 2.30239 0.0814789 0 0 0 0.999192 -0.00151416 0.04017 0.00142093 0.999996 0.00234939 -0.0401734 -0.00229041 0.99919 -0.131337 2.30239 0.0814789 -0.99631 -0.0858188 -0.00127939 0.999192 -0.00151416 0.04017 0.00142093 0.999996 0.00234939 -0.0401734 -0.00229041 0.99919 7.58032 3.03777 0 1 1984 0 0 0 
20170507010147 -0.0248591 2.11822 0.0814594 0 0 0 0.999316 -0.00143777 0.0369609 0.00142076 0.999999 0.000486423 -0.0369615 -0.000433577 0.999317 -0.0248591 2.11822 0.0814594 0.999106 0.0340036 -0.0251164 0.999316 -0.00143777 0.0369609 0.00142076 0.999999 0.000486423 -0.0369615 -0.000433577 0.999317 6.9247 2.66079 0 1 1984 0 0 0 
20170507010148 0.0267291 0.543188 0.467177 0 0 0 0.999922 -0.00814926 0.00948377 0.00815332 0.999967 -0.000389196 -0.00948028 0.00046649 0.999955 0.0267291 0.543188 0.467177 0.245803 -0.177107 -0.953003 0.999922 -0.00814926 0.00948377 0.00815332 0.999967 -0.000389196 -0.00948028 0.00046649 0.999955 6.55068 2.46566 0 1 1984 0 0 0 
20170507010148 -0.0774089 0.656931 0.432449 0 0 0 0.999906 -0.00756308 0.0114548 0.0075471 0.99997 0.00143754 -0.0114654 -0.00135095 0.999933 -0.0774089 0.656931 0.432449 0.19917 -0.221272 -0.954657 0.999906 -0.00756308 0.0114548 0.0075471 0.99997 0.00143754 -0.0114654 -0.00135095 0.999933 6.59723 2.22576 0 1 1984 0 0 0 
20170507010148 -0.0774686 1.0647 0.390562 0 0 0 0.999804 -0.00684165 0.0185719 0.00681536 0.999976 0.00147871 -0.0185815 -0.00135185 0.999826 -0.0774686 1.0647 0.390562 -0.58615 0.368613 0.721493 0.999804 -0.00684165 0.0185719 0.00681536 0.999976 0.00147871 -0.0185815 -0.00135185 0.999826 6.43501 2.08998 0 1 1984 0 0 0 
20170507010148 -0.21094 0.710606 0.418324 0 0 0 0.999896 -0.00734667 0.0123748 0.0073005 0.999966 0.00377205 -0.0124021 -0.00368131 0.999916 -0.21094 0.710606 0.418324 0.151529 -0.298175 -0.942407 0.999896 -0.00734667 0.0123748 0.0073005 0.999966 0.00377205 -0.0124021 -0.00368131 0.999916 6.14255 1.88667 0 1 1984 0 0 0 
20170507010148 -0.221431 0.636695 0.396489 0 0 0 0.999914 -0.00696288 0.0110851 0.00691956 0.999968 0.00394149 -0.0111122 -0.00386445 0.999931 -0.221431 0.636695 0.396489 0.152249 -0.292664 -0.944017 0.999914 -0.00696288 0.0110851 0.00691956 0.999968 0.00394149 -0.0111122 -0.00386445 0.999931 5.63347 1.8131 0 1 1984 0 0 0 
20170507010148 -0.256212 0.524622 0.432492 0 0 0 0.99993 -0.00758921 0.00912214 0.00754802 0.999961 0.00454071 -0.00915625 -0.00447153 0.999948 -0.256212 0.524622 0.432492 0.0887958 -0.304828 -0.948259 0.99993 -0.00758921 0.00912214 0.00754802 0.999961 0.00454071 -0.00915625 -0.00447153 0.999948 5.07796 1.75583 0 1 1984 0 0 0 
20170507010149 -0.285654 0.391191 0.407554 0 0 0 0.999951 -0.00714705 0.0067918 0.00711293 0.999962 0.00503403 -0.00682752 -0.00498547 0.999964 -0.285654 0.391191 0.407554 0.00324875 -0.332591 -0.943066 0.999951 -0.00714705 0.0067918 0.00711293 0.999962 0.00503403 -0.00682752 -0.00498547 0.999964 4.40783 1.59201 0 1 1984 0 0 0 
20170507010149 -0.120735 0.711676 0.297032 0 0 0 0.999909 -0.00521033 0.0124096 0.00518377 0.999984 0.00217158 -0.0124208 -0.00210705 0.999921 -0.120735 0.711676 0.297032 -0.604662 0.339895 0.720316 0.999909 -0.00521033 0.0124096 0.00518377 0.999984 0.00217158 -0.0124208 -0.00210705 0.999921 3.70568 1.78221 0 1 1984 0 0 0 
20170507010149 -0.0878774 0.169194 0.407259 0 0 0 0.99997 -0.00711247 0.00294201 0.00710792 0.999974 0.0015547 -0.00295299 -0.00153374 0.999994 -0.0878774 0.169194 0.407259 0.366605 -0.141761 -0.919513 0.99997 -0.00711247 0.00294201 0.00710792 0.999974 0.0015547 -0.00295299 -0.00153374 0.999994 3.36919 1.63213 0 1 1984 0 0 0 
20170507010149 -0.350134 1.12898 0.249341 0 0 0 0.999796 -0.00447214 0.019676 0.00435097 0.999971 0.00619664 -0.0197032 -0.00610977 0.999787 -0.350134 1.12898 0.249341 -0.806234 -0.161174 0.569219 0.999796 -0.00447214 0.019676 0.00435097 0.999971 0.00619664 -0.0197032 -0.00610977 0.999787 4.18271 2.14396 0 1 1984 0 0 0 
20170507010149 -0.326643 1.41861 0.118417 0 0 0 0.999691 -0.00220788 0.0247446 0.00206614 0.999981 0.00575212 -0.0247569 -0.00569922 0.999677 -0.326643 1.41861 0.118417 -0.778382 -0.165145 0.60568 0.999691 -0.00220788 0.0247446 0.00206614 0.999981 0.00575212 -0.0247569 -0.00569922 0.999677 5.4249 3.21253 0 1 1984 0 0 0 
20170507010150 -0.349079 1.55225 0.181331 0 0 0 0.999628 -0.0033298 0.0270686 0.00316366 0.999976 0.00617825 -0.0270886 -0.00609031 0.999614 -0.349079 1.55225 0.181331 -0.753838 -0.240006 0.611658 0.999628 -0.0033298 0.0270686 0.00316366 0.999976 0.00617825 -0.0270886 -0.00609031 0.999614 6.88512 3.99019 0 1 1984 0 0 0 
20170507010150 -0.454336 1.61815 0.0867794 0 0 0 0.9996 -0.00173846 0.0282254 0.00151398 0.999967 0.00797234 -0.0282384 -0.00792642 0.99957 -0.454336 1.61815 0.0867794 -0.691288 -0.259348 0.674432 0.9996 -0.00173846 0.0282254 0.00151398 0.999967 0.00797234 -0.0282384 -0.00792642 0.99957 8.82847 4.57167 0 1 1984 0 0 0 
20170507010150 -0.579115 1.59548 0.00449048 0 0 0 0.999612 -0.000359784 0.0278405 7.83432e-05 0.999949 0.0101095 -0.0278427 -0.0101034 0.999561 -0.579115 1.59548 0.00449048 -0.637617 -0.295321 0.711498 0.999612 -0.000359784 0.0278405 7.83432e-05 0.999949 0.0101095 -0.0278427 -0.0101034 0.999561 10.6533 4.9404 0 1 1984 0 0 0 
20170507010150 -0.715667 1.48648 0.0265773 0 0 0 0.999663 -0.000787841 0.0259333 0.000463706 0.999922 0.0125024 -0.0259411 -0.0124862 0.999585 -0.715667 1.48648 0.0265773 -0.555604 -0.328813 0.763666 0.999663 -0.000787841 0.0259333 0.000463706 0.999922 0.0125024 -0.0259411 -0.0124862 0.999585 13.068 5.62449 0 1 1984 0 0 0 
20170507010150 -0.62939 1.25938 0.0406893 0 0 0 0.999758 -0.000951546 0.0219694 0.00070999 0.999939 0.0110003 -0.0219785 -0.0109821 0.999698 -0.62939 1.25938 0.0406893 -0.478737 -0.286784 0.829799 0.999758 -0.000951546 0.0219694 0.00070999 0.999939 0.0110003 -0.0219785 -0.0109821 0.999698 14.5475 5.94212 0 1 1984 0 0 0 
20170507010151 -0.612092 0.969815 -0.0168789 0 0 0 0.999857 0.000113761 0.0169278 -0.000294549 0.999943 0.0106778 -0.0169257 -0.0106813 0.9998 -0.612092 0.969815 -0.0168789 -0.382357 -0.237956 0.892849 0.999857 0.000113761 0.0169278 -0.000294549 0.999943 0.0106778 -0.0169257 -0.0106813 0.9998 15.8921 6.26015 0 1 1984 0 0 0 
20170507010151 -0.443402 0.984977 -0.0249686 0 0 0 0.999852 0.00030274 0.0171931 -0.000435719 0.99997 0.00773125 -0.0171903 -0.0077376 0.999822 -0.443402 0.984977 -0.0249686 -0.342884 -0.15097 0.927167 0.999852 0.00030274 0.0171931 -0.000435719 0.99997 0.00773125 -0.0171903 -0.0077376 0.999822 16.65 6.47003 0 1 1984 0 0 0 
20170507010151 -0.289923 0.871593 0.0766408 0 0 0 0.999883 -0.00141459 0.0152046 0.00133748 0.999986 0.00508042 -0.0152116 -0.0050595 0.999871 -0.289923 0.871593 0.0766408 -0.277766 -0.083007 0.957056 0.999883 -0.00141459 0.0152046 0.00133748 0.999986 0.00508042 -0.0152116 -0.0050595 0.999871 17.6959 6.94738 0 1 1984 0 0 0 
20170507010151 -0.530272 0.546175 -0.0691485 0 0 0 0.999954 0.0011186 0.00954316 -0.00120681 0.999957 0.00924335 -0.00953241 -0.00925444 0.999912 -0.530272 0.546175 -0.0691485 -0.205949 -0.0995113 0.97349 0.999954 0.0011186 0.00954316 -0.00120681 0.999957 0.00924335 -0.00953241 -0.00925444 0.999912 19.8741 7.6547 0 1 1984 0 0 0 
20170507010151 -0.970714 0.543094 0.104736 -0.183447 -0.18179 0.966074 0.999953 -0.0019883 0.00944628 0.0018279 0.999855 0.0169586 -0.00947863 -0.0169406 0.999812 -0.970714 0.543094 0.104736 -0.183447 -0.18179 0.966074 0.999953 -0.0019883 0.00944628 0.0018279 0.999855 0.0169586 -0.00947863 -0.0169406 0.999812 22.0806 8.44133 1 1 1984 0 0 0 
20170507010152 -0.709336 1.30485 0.505274 -0.218059 -0.0978489 0.971018 0.999702 -0.00909981 0.0226601 0.00881629 0.999882 0.0125803 -0.0227719 -0.0123767 0.999664 -0.709336 1.30485 0.505274 -0.218059 -0.0978489 0.971018 0.999702 -0.00909981 0.0226601 0.00881629 0.999882 0.0125803 -0.0227719 -0.0123767 0.999664 24.0392 9.15657 1 1 1984 0 0 0 
20170507010152 -0.571409 1.50322 0.389554 -0.251106 -0.0666865 0.96566 0.999633 -0.00706022 0.0261634 0.00679661 0.999925 0.0101509 -0.0262331 -0.00996936 0.999606 -0.571409 1.50322 0.389554 -0.251106 -0.0666865 0.96566 0.999633 -0.00706022 0.0261634 0.00679661 0.999925 0.0101509 -0.0262331 -0.00996936 0.999606 24.8646 9.47934 1 1 1984 0 0 0 
20170507010152 -0.353814 0.326303 0.0143633 -0.229271 -0.0326883 0.972814 0.999984 -0.00028585 0.00569338 0.000250682 0.999981 0.0061766 -0.00569503 -0.00617507 0.999965 -0.353814 0.326303 0.0143633 -0.229271 -0.0326883 0.972814 0.999984 -0.00028585 0.00569338 0.000250682 0.999981 0.0061766 -0.00569503 -0.00617507 0.999965 25.463 9.81369 1 1 1984 0 0 0 
20170507010152 0.155279 0.802085 0.126719 -0.273057 0.00496142 0.961985 0.9999 -0.00217371 0.0140045 0.00221144 0.999994 -0.00267917 -0.0139986 0.00270987 0.999898 0.155279 0.802085 0.126719 -0.273057 0.00496142 0.961985 0.9999 -0.00217371 0.0140045 0.00221144 0.999994 -0.00267917 -0.0139986 0.00270987 0.999898 26.3346 10.0599 1 1 1984 0 0 0 
20170507010152 -0.68078 1.38302 0.588034 -0.26599 -0.104529 0.958292 0.999656 -0.010549 0.024011 0.01026 0.999874 0.0121286 -0.024136 -0.0118781 0.999638 -0.68078 1.38302 0.588034 -0.26599 -0.104529 0.958292 0.999656 -0.010549 0.024011 0.01026 0.999874 0.0121286 -0.024136 -0.0118781 0.999638 27.2611 10.4061 1 1 1984 0 0 0 
20170507010153 0.489541 0.446397 0.550992 -0.204671 -0.0305869 0.978353 0.999923 -0.00954956 0.00787254 0.00961618 0.999918 -0.00846869 -0.00779102 0.00854374 0.999933 0.489541 0.446397 0.550992 -0.204671 -0.0305869 0.978353 0.999923 -0.00954956 0.00787254 0.00961618 0.999918 -0.00846869 -0.00779102 0.00854374 0.999933 28.832 10.8811 1 1 1984 0 0 0 
20170507010153 0.303323 0.744684 0.412987 -0.182086 -0.101579 0.978022 0.99989 -0.00713902 0.0130345 0.00720731 0.999961 -0.00520015 -0.0129968 0.00529352 0.999902 0.303323 0.744684 0.412987 -0.182086 -0.101579 0.978022 0.99989 -0.00713902 0.0130345 0.00720731 0.999961 -0.00520015 -0.0129968 0.00529352 0.999902 30.0019 11.2381 1 1 1984 0 0 0 
20170507010153 0.503615 0.981174 0.568266 -0.153679 -0.103423 0.982693 0.999804 -0.00976706 0.0172095 0.00991649 0.999914 -0.00861937 -0.0171239 0.00878834 0.999815 0.503615 0.981174 0.568266 -0.153679 -0.103423 0.982693 0.999804 -0.00976706 0.0172095 0.00991649 0.999914 -0.00861937 -0.0171239 0.00878834 0.999815 29.8645 11.2449 1 1 1984 0 0 0 
20170507010153 0.667038 0.834622 0.523995 -0.0712335 -0.124429 0.989668 0.999852 -0.00897511 0.0146713 0.00914433 0.999892 -0.0115081 -0.0145664 0.0116405 0.999826 0.667038 0.834622 0.523995 -0.0712335 -0.124429 0.989668 0.999852 -0.00897511 0.0146713 0.00914433 0.999892 -0.0115081 -0.0145664 0.0116405 0.999826 30.2166 11.4457 1 1 1984 0 0 0 
20170507010153 -0.121274 0.499286 0.149317 0.0506792 -0.273656 0.960491 0.999959 -0.00262452 0.00870851 0.00260598 0.999994 0.00213934 -0.00871408 -0.00211656 0.99996 -0.121274 0.499286 0.149317 0.0506792 -0.273656 0.960491 0.999959 -0.00262452 0.00870851 0.00260598 0.999994 0.00213934 -0.00871408 -0.00211656 0.99996 31.2855 12.1731 1 1 1984 0 0 0 
20170507010154 0.2874 0.504281 0.303201 0.128495 -0.262026 0.956468 0.999947 -0.00524762 0.00882756 0.00529163 0.999974 -0.0049694 -0.00880125 0.00501585 0.999949 0.2874 0.504281 0.303201 0.128495 -0.262026 0.956468 0.999947 -0.00524762 0.00882756 0.00529163 0.999974 -0.0049694 -0.00880125 0.00501585 0.999949 32.6488 12.9091 1 1 1984 0 0 0 
20170507010154 -0.678583 -0.898836 0.160767 0.319875 -0.411248 0.853554 0.999873 -0.00261994 -0.0157191 0.00280557 0.999926 0.0117992 0.015687 -0.0118418 0.999807 -0.678583 -0.898836 0.160767 0.319875 -0.411248 0.853554 0.999873 -0.00261994 -0.0157191 0.00280557 0.999926 0.0117992 0.015687 -0.0118418 0.999807 33.5932 13.5225 1 1 1983 0 0 0 
20170507010154 -0.0266295 -0.722988 0.508941 0.349625 -0.334342 0.875202 0.999881 -0.00887671 -0.0126218 0.00888187 0.99996 0.000352672 0.0126182 -0.000464735 0.99992 -0.0266295 -0.722988 0.508941 0.349625 -0.334342 0.875202 0.999881 -0.00887671 -0.0126218 0.00888187 0.99996 0.000352672 0.0126182 -0.000464735 0.99992 34.1987 13.882 1 1 1980 0 0 0 
20170507010154 0.149258 -1.01872 0.525205 0.401203 -0.309443 0.862138 0.9998 -0.00921272 -0.0177544 0.00916499 0.999954 -0.00276791 0.0177791 0.00260463 0.999839 0.149258 -1.01872 0.525205 0.401203 -0.309443 0.862138 0.9998 -0.00921272 -0.0177544 0.00916499 0.999954 -0.00276791 0.0177791 0.00260463 0.999839 34.48 14.1699 1 1 1980 0 0 0 
20170507010154 0.297845 -1.29636 0.646778 0.435611 -0.259497 0.861919 0.99968 -0.0114056 -0.0225634 0.0112853 0.999921 -0.0054534 0.0226238 0.00519702 0.999731 0.297845 -1.29636 0.646778 0.435611 -0.259497 0.861919 0.99968 -0.0114056 -0.0225634 0.0112853 0.999921 -0.0054534 0.0226238 0.00519702 0.999731 33.8428 14.2462 1 1 1980 0 0 0 
20170507010155 0.336245 -1.44062 0.473354 0.485894 -0.238114 0.840957 0.99965 -0.00840888 -0.0250912 0.00825888 0.999947 -0.00607605 0.025141 0.00586669 0.999667 0.336245 -1.44062 0.473354 0.485894 -0.238114 0.840957 0.99965 -0.00840888 -0.0250912 0.00825888 0.999947 -0.00607605 0.025141 0.00586669 0.999667 33.2663 14.4594 1 1 1980 0 0 0 
20170507010155 0.513791 -1.52208 0.460848 0.520258 -0.198521 0.830615 0.999615 -0.00828108 -0.0264882 0.00804039 0.999926 -0.00918057 0.0265622 0.00896406 0.999607 0.513791 -1.52208 0.460848 0.520258 -0.198521 0.830615 0.999615 -0.00828108 -0.0264882 0.00804039 0.999926 -0.00918057 0.0265622 0.00896406 0.999607 32.7303 14.5525 1 1 1980 0 0 0 
20170507010155 0.418069 -1.4585 0.382551 0.531366 -0.188016 0.826015 0.999654 -0.00686226 -0.025403 0.00667456 0.99995 -0.00746639 0.025453 0.00729425 0.999649 0.418069 -1.4585 0.382551 0.531366 -0.188016 0.826015 0.999654 -0.00686226 -0.025403 0.00667456 0.99995 -0.00746639 0.025453 0.00729425 0.999649 32.0686 14.5927 1 1 1980 0 0 0 
20170507010155 0.305935 -1.41216 0.440648 0.536567 -0.201827 0.819366 0.999667 -0.00782216 -0.0246022 0.00768835 0.999955 -0.00552891 0.0246443 0.00533792 0.999682 0.305935 -1.41216 0.440648 0.536567 -0.201827 0.819366 0.999667 -0.00782216 -0.0246022 0.00768835 0.999955 -0.00552891 0.0246443 0.00533792 0.999682 30.7251 13.9239 1 1 1980 0 0 0 
20170507010155 0.228814 -1.59924 0.367267 0.525298 -0.207016 0.825352 0.99959 -0.00652137 -0.027882 0.00640748 0.999971 -0.00417235 0.0279084 0.00399199 0.999603 0.228814 -1.59924 0.367267 0.525298 -0.207016 0.825352 0.99959 -0.00652137 -0.027882 0.00640748 0.999971 -0.00417235 0.0279084 0.00399199 0.999603 27.8157 12.5808 1 1 1980 0 0 0 
20170507010156 0.0769264 -1.77622 0.302905 0.502601 -0.2395 0.830682 0.999506 -0.00532827 -0.0309883 0.00528412 0.999985 -0.00150646 0.0309959 0.00134197 0.999519 0.0769264 -1.77622 0.302905 0.502601 -0.2395 0.830682 0.999506 -0.00532827 -0.0309883 0.00528412 0.999985 -0.00150646 0.0309959 0.00134197 0.999519 25.1085 11.0766 1 1 1980 0 0 0 
20170507010156 -0.0882971 -1.74656 0.273775 0.443422 -0.277297 0.85234 0.999524 -0.00473128 -0.0304856 0.00477604 0.999988 0.00139542 0.0304786 -0.00154036 0.999534 -0.0882971 -1.74656 0.273775 0.443422 -0.277297 0.85234 0.999524 -0.00473128 -0.0304856 0.00477604 0.999988 0.00139542 0.0304786 -0.00154036 0.999534 22.9315 9.69229 1 1 1980 0 0 0 
20170507010156 -0.328534 -1.32651 0.232717 0.348212 -0.324925 0.879302 0.999724 -0.00392886 -0.0231727 0.00406058 0.999976 0.0056399 0.0231499 -0.00573243 0.999716 -0.328534 -1.32651 0.232717 0.348212 -0.324925 0.879302 0.999724 -0.00392886 -0.0231727 0.00406058 0.999976 0.0056399 0.0231499 -0.00573243 0.999716 20.9023 8.50207 1 1 1980 0 0 0 
20170507010156 -0.638352 -0.589144 0.0867119 0 0 0 0.999946 -0.00139876 -0.0102985 0.00151333 0.999937 0.0111255 0.0102823 -0.0111405 0.999885 -0.638352 -0.589144 0.0867119 0 0 0 0.999946 -0.00139876 -0.0102985 0.00151333 0.999937 0.0111255 0.0102823 -0.0111405 0.999885 19.8606 7.92596 0 1 1980 0 0 0 
20170507010156 -1.05437 0.184373 0.0882436 0 0 0 0.999994 -0.00159909 0.00318902 0.00154013 0.999829 0.0184061 -0.00321791 -0.0184011 0.999826 -1.05437 0.184373 0.0882436 0 0 0 0.999994 -0.00159909 0.00318902 0.00154013 0.999829 0.0184061 -0.00321791 -0.0184011 0.999826 19.8968 7.84587 0 1 1980 0 0 0 
20170507010157 -0.426447 0.606616 -0.0131114 0 0 0 0.999944 0.000150031 0.0105887 -0.000228824 0.999972 0.00744042 -0.0105872 -0.00744242 0.999916 -0.426447 0.606616 -0.0131114 0 0 0 0.999944 0.000150031 0.0105887 -0.000228824 0.999972 0.00744042 -0.0105872 -0.00744242 0.999916 19.7674 7.82624 0 1 1980 0 0 0 
20170507010157 -0.403603 1.44473 0.129713 -0.319856 -0.362 0.875584 0.99968 -0.00244145 0.025196 0.00226319 0.999972 0.0071012 -0.0252126 -0.0070419 0.999657 -0.403603 1.44473 0.129713 -0.319856 -0.362 0.875584 0.99968 -0.00244145 0.025196 0.00226319 0.999972 0.0071012 -0.0252126 -0.0070419 0.999657 21.0564 8.32898 1 1 1980 0 0 0 
20170507010157 -0.318455 1.7952 0.461 -0.433102 -0.324939 0.840737 0.999477 -0.00821986 0.0312808 0.00804193 0.999951 0.00580993 -0.0313271 -0.00555533 0.999494 -0.318455 1.7952 0.461 -0.433102 -0.324939 0.840737 0.999477 -0.00821986 0.0312808 0.00804193 0.999951 0.00580993 -0.0313271 -0.00555533 0.999494 23.3943 9.19097 1 1 1980 0 0 0 
20170507010157 -0.270916 1.93949 0.419723 -0.47113 -0.284559 0.834903 0.9994 -0.00748542 0.0338081 0.00732128 0.999961 0.00497615 -0.033844 -0.00472565 0.999416 -0.270916 1.93949 0.419723 -0.47113 -0.284559 0.834903 0.9994 -0.00748542 0.0338081 0.00732128 0.999961 0.00497615 -0.033844 -0.00472565 0.999416 24.8044 9.72023 1 1 1980 0 0 0 
20170507010158 -0.270916 1.93949 0.419723 0.518444 0.305524 0.798668 -0.621554 -0.695021 -0.361409 -0.564794 0.717283 -0.40806 0.542843 -0.0495091 -0.838374 -176.62 -32.8774 -137.739 0.518444 0.305524 0.798668 -0.621554 -0.695021 -0.361409 -0.564794 0.717283 -0.40806 0.542843 -0.0495091 -0.838374 24.8044 9.72023 1 1 556 0 1 1 
20170507010158 0.956543 -0.542149 0.37682 -0.314905 -0.040127 0.948275 0.999934 -0.00673375 -0.00935082 0.00657641 0.999838 -0.0167559 0.00946214 0.0166933 0.999816 0.956543 -0.542149 0.37682 -0.314905 -0.040127 0.948275 0.999934 -0.00673375 -0.00935082 0.00657641 0.999838 -0.0167559 0.00946214 0.0166933 0.999816 23.1718 8.85637 1 1 556 0 0 0 
20170507010158 0.0348231 1.37924 0.55279 -0.443669 -0.0872719 0.891931 0.999664 -0.00963323 0.0240747 0.00964506 0.999953 -0.000375525 -0.02407 0.000607601 0.99971 0.0348231 1.37924 0.55279 -0.443669 -0.0872719 0.891931 0.999664 -0.00963323 0.0240747 0.00964506 0.999953 -0.000375525 -0.02407 0.000607601 0.99971 23.9866 9.35036 1 1 556 0 0 0 
20170507010158 1.11807 -0.854288 0.338213 -0.390652 0.00356593 0.920531 0.999871 -0.0061927 -0.0147913 0.00590224 0.99979 -0.0196005 0.0149096 0.0195107 0.999698 1.11807 -0.854288 0.338213 -0.390652 0.00356593 0.920531 0.999871 -0.0061927 -0.0147913 0.00590224 0.99979 -0.0196005 0.0149096 0.0195107 0.999698 24.1271 9.37534 1 1 556 0 0 0 
20170507010158 -1.13267 3.64831 0.111262 -0.777756 -0.336378 0.530986 0.997972 -0.00319935 0.0635811 0.00193795 0.9998 0.0198911 -0.0636321 -0.0197275 0.997778 -1.13267 3.64831 0.111262 -0.777756 -0.336378 0.530986 0.997972 -0.00319935 0.0635811 0.00193795 0.9998 0.0198911 -0.0636321 -0.0197275 0.997778 24.2488 9.57897 1 1 556 0 0 0 
20170507010158 -0.0562923 2.35059 0.19833 -0.676345 -0.171875 0.716252 0.999153 -0.00350181 0.0410103 0.0034586 0.999993 0.00112445 -0.041014 -0.00098166 0.999158 -0.0562923 2.35059 0.19833 -0.676345 -0.171875 0.716252 0.999153 -0.00350181 0.0410103 0.0034586 0.999993 0.00112445 -0.041014 -0.00098166 0.999158 23.3443 9.37777 1 1 556 0 0 0 
20170507010158 1.00086 -0.658527 0.549282 -0.349895 -0.00879742 0.936748 0.999888 -0.00978592 -0.0113235 0.009586 0.9998 -0.0175768 0.0114932 0.0174663 0.999781 1.00086 -0.658527 0.549282 -0.349895 -0.00879742 0.936748 0.999888 -0.00978592 -0.0113235 0.009586 0.9998 -0.0175768 0.0114932 0.0174663 0.999781 22.484 9.13307 1 1 556 0 0 0 
20170507010159 0.0309962 1.9062 0.123947 -0.665679 -0.170064 0.726601 0.999444 -0.00214529 0.0332643 0.00216209 0.999998 -0.000469026 -0.0332632 0.000540686 0.999446 0.0309962 1.9062 0.123947 -0.665679 -0.170064 0.726601 0.999444 -0.00214529 0.0332643 0.00216209 0.999998 -0.000469026 -0.0332632 0.000540686 0.999446 21.8386 8.94227 1 1 556 0 0 0 
20170507010159 -0.027374 1.54378 0.166586 -0.628568 -0.212412 0.748186 0.999633 -0.00292035 0.0269392 0.00290642 0.999996 0.000556094 -0.0269407 -0.000477593 0.999637 -0.027374 1.54378 0.166586 -0.628568 -0.212412 0.748186 0.999633 -0.00292035 0.0269392 0.00290642 0.999996 0.000556094 -0.0269407 -0.000477593 0.999637 21.5252 8.99637 1 1 556 0 0 0 
20170507010159 -0.124685 1.3152 0.536012 -0.556777 -0.274808 0.783888 0.999693 -0.00940496 0.0229311 0.00935257 0.999953 0.00239078 -0.0229526 -0.00217559 0.999734 -0.124685 1.3152 0.536012 -0.556777 -0.274808 0.783888 0.999693 -0.00940496 0.0229311 0.00935257 0.999953 0.00239078 -0.0229526 -0.00217559 0.999734 21.1932 8.5314 1 1 556 0 0 0 
20170507010159 -0.325807 1.11017 0.356616 0 0 0 0.999793 -0.00633415 0.0193389 0.00622291 0.999964 0.00580685 -0.019375 -0.00568531 0.999796 -0.325807 1.11017 0.356616 0 0 0 0.999793 -0.00633415 0.0193389 0.00622291 0.999964 0.00580685 -0.019375 -0.00568531 0.999796 19.5511 7.87788 0 1 556 0 0 0 
20170507010159 -0.477801 0.981996 0.213896 0 0 0 0.999846 -0.00387596 0.0171064 0.00373262 0.999958 0.00840303 -0.0171382 -0.00833789 0.999818 -0.477801 0.981996 0.213896 0 0 0 0.999846 -0.00387596 0.0171064 0.00373262 0.999958 0.00840303 -0.0171382 -0.00833789 0.999818 17.1907 6.78561 0 1 556 0 0 0 
20170507010159 0.457819 -0.639584 0.633015 0 0 0 0.999877 -0.0111368 -0.0110733 0.0110473 0.999906 -0.00811319 0.0111626 0.00798986 0.999906 0.457819 -0.639584 0.633015 0 0 0 0.999877 -0.0111368 -0.0110733 0.0110473 0.999906 -0.00811319 0.0111626 0.00798986 0.999906 14.8286 5.97731 0 1 556 0 0 0 
20170507010159 0.377735 -0.85954 0.541081 0 0 0 0.999843 -0.0095422 -0.014938 0.00944245 0.999933 -0.00673404 0.0150012 0.00659193 0.999866 0.377735 -0.85954 0.541081 0 0 0 0.999843 -0.0095422 -0.014938 0.00944245 0.999933 -0.00673404 0.0150012 0.00659193 0.999866 13.3118 6.04705 0 1 556 0 0 0 
20170507010159 -1.61988 -0.912147 0.136122 0 0 0 0.99987 -0.00192481 -0.01598 0.00237547 0.999599 0.0282306 0.0159193 -0.0282649 0.999474 -1.61988 -0.912147 0.136122 0 0 0 0.99987 -0.00192481 -0.01598 0.00237547 0.999599 0.0282306 0.0159193 -0.0282649 0.999474 13.2207 7.33093 0 1 556 0 0 0 
20170507010200 -0.47445 -0.630081 -0.160282 0 0 0 0.999936 0.00288841 -0.0109732 -0.00279728 0.999962 0.00831135 0.0109968 -0.00828012 0.999905 -0.47445 -0.630081 -0.160282 0 0 0 0.999936 0.00288841 -0.0109732 -0.00279728 0.999962 0.00831135 0.0109968 -0.00828012 0.999905 13.9169 8.77986 0 1 556 0 0 0 
20170507010200 0.253873 -0.688513 0.162403 0 0 0 0.999924 -0.00288768 -0.0120038 0.00283425 0.999986 -0.00446495 0.0120165 0.00443059 0.999918 0.253873 -0.688513 0.162403 0 0 0 0.999924 -0.00288768 -0.0120038 0.00283425 0.999986 -0.00446495 0.0120165 0.00443059 0.999918 14.5274 9.69379 0 1 556 0 0 0 
20170507010200 0.0150496 -3.74796 0.684086 0 0 0 0.99779 -0.0119564 -0.0653598 0.0119137 0.999928 -0.00104309 0.0653676 0.000262104 0.997861 0.0150496 -3.74796 0.684086 0 0 0 0.99779 -0.0119564 -0.0653598 0.0119137 0.999928 -0.00104309 0.0653676 0.000262104 0.997861 15.1984 10.3035 0 1 556 0 0 0 
20170507010200 0.224972 -3.49258 0.557087 0 0 0 0.998096 -0.00996197 -0.0608778 0.0097048 0.999943 -0.00451861 0.0609193 0.0039192 0.998135 0.224972 -3.49258 0.557087 0 0 0 0.998096 -0.00996197 -0.0608778 0.0097048 0.999943 -0.00451861 0.0609193 0.0039192 0.998135 15.6229 10.7315 0 1 556 0 0 0 
20170507010200 0.0410097 -4.58615 0.627397 0 0 0 0.996738 -0.0110071 -0.0799454 0.0109149 0.999939 -0.00159125 0.079958 0.000713463 0.996798 0.0410097 -4.58615 0.627397 0 0 0 0.996738 -0.0110071 -0.0799454 0.0109149 0.999939 -0.00159125 0.079958 0.000713463 0.996798 15.8757 10.8369 0 1 556 0 0 0 
20170507010200 0.026221 -4.80124 0.579566 0 0 0 0.99644 -0.0101535 -0.0836905 0.0100797 0.999948 -0.00130425 0.0836994 0.000456037 0.996491 0.026221 -4.80124 0.579566 0 0 0 0.99644 -0.0101535 -0.0836905 0.0100797 0.999948 -0.00130425 0.0836994 0.000456037 0.996491 16.2173 11.0322 0 1 556 0 0 0 
20170507010200 0.0531686 -4.98069 0.516302 0 0 0 0.996184 -0.00909161 -0.086808 0.00897702 0.999958 -0.00171027 0.08682 0.000924462 0.996224 0.0531686 -4.98069 0.516302 0 0 0 0.996184 -0.00909161 -0.086808 0.00897702 0.999958 -0.00171027 0.08682 0.000924462 0.996224 16.5114 10.9358 0 1 556 0 0 0 
20170507010201 -0.0136348 -5.18825 0.586299 0 0 0 0.995851 -0.0102111 -0.0904261 0.0101907 0.999948 -0.000687365 0.0904284 -0.000236996 0.995903 -0.0136348 -5.18825 0.586299 0 0 0 0.995851 -0.0102111 -0.0904261 0.0101907 0.999948 -0.000687365 0.0904284 -0.000236996 0.995903 16.5114 10.9358 0 0 556 0 0 0 
20170507010201 0.122625 -5.36418 0.589233 0 0 0 0.995568 -0.0104839 -0.0934588 0.0102388 0.999943 -0.00310149 0.0934859 0.00213084 0.995618 0.122625 -5.36418 0.589233 0 0 0 0.995568 -0.0104839 -0.0934588 0.0102388 0.999943 -0.00310149 0.0934859 0.00213084 0.995618 16.5114 10.9358 0 0 556 0 0 0 
20170507010201 0.352421 -5.98321 0.585517 0 0 0 0.994501 -0.0108599 -0.104167 0.0101634 0.999922 -0.00721573 0.104237 0.00611736 0.994534 0.352421 -5.98321 0.585517 0 0 0 0.994501 -0.0108599 -0.104167 0.0101634 0.999922 -0.00721573 0.104237 0.00611736 0.994534 16.5114 10.9358 0 0 556 0 0 0 
20170507010201 0.472227 -5.57716 0.541308 0 0 0 0.995222 -0.0102481 -0.0971007 0.00940274 0.999914 -0.00915959 0.0971862 0.00820281 0.995232 0.472227 -5.57716 0.541308 0 0 0 0.995222 -0.0102481 -0.0971007 0.00940274 0.999914 -0.00915959 0.0971862 0.00820281 0.995232 16.5114 10.9358 0 0 556 0 0 0 
20170507010201 0.572288 -5.34092 0.556675 0 0 0 0.995611 -0.0106448 -0.0929756 0.00967348 0.999894 -0.010892 0.0930817 0.00994477 0.995609 0.572288 -5.34092 0.556675 0 0 0 0.995611 -0.0106448 -0.0929756 0.00967348 0.999894 -0.010892 0.0930817 0.00994477 0.995609 16.5114 10.9358 0 0 556 0 0 0 
20170507010201 0.621716 -5.09617 0.566153 0 0 0 0.995998 -0.0108443 -0.088711 0.00984202 0.999883 -0.0117279 0.0888278 0.0108079 0.995988 0.621716 -5.09617 0.566153 0 0 0 0.995998 -0.0108443 -0.088711 0.00984202 0.999883 -0.0117279 0.0888278 0.0108079 0.995988 16.5114 10.9358 0 0 556 0 0 0 
20170507010201 0.128985 -3.81433 0.512433 0.762175 0.0484278 0.645558 0.997745 -0.00909326 -0.0665005 0.00892372 0.999956 -0.00284608 0.0665235 0.00224623 0.997782 0.128985 -3.81433 0.512433 0.762175 0.0484278 0.645558 0.997745 -0.00909326 -0.0665005 0.00892372 0.999956 -0.00284608 0.0665235 0.00224623 0.997782 22.083 12.3497 1 1 556 0 0 0 
20170507010201 0.32798 -3.50873 0.651866 0.750508 0.0697848 0.657167 0.998061 -0.0117271 -0.0611305 0.0113556 0.999915 -0.00642019 0.0612005 0.00571357 0.998109 0.32798 -3.50873 0.651866 0.750508 0.0697848 0.657167 0.998061 -0.0117271 -0.0611305 0.0113556 0.999915 -0.00642019 0.0612005 0.00571357 0.998109 23.7569 12.9319 1 1 556 0 0 0 
20170507010202 0.728287 -3.23642 0.839364 0.7303 0.1095 0.674294 0.998298 -0.0153655 -0.0562594 0.0146258 0.999801 -0.0135363 0.0564562 0.0126904 0.998324 0.728287 -3.23642 0.839364 0.7303 0.1095 0.674294 0.998298 -0.0153655 -0.0562594 0.0146258 0.999801 -0.0135363 0.0564562 0.0126904 0.998324 25.6147 13.5015 1 1 556 0 0 0 
20170507010202 -2.50468 -3.93071 -1.08015 0.779564 -0.318465 0.539314 0.99747 0.0218282 -0.0676486 -0.0188067 0.998811 0.0449842 0.0685501 -0.0435981 0.996695 -2.50468 -3.93071 -1.08015 0.779564 -0.318465 0.539314 0.99747 0.0218282 -0.0676486 -0.0188067 0.998811 0.0449842 0.0685501 -0.0435981 0.996695 27.3821 13.9385 1 1 556 0 0 0 
20170507010202 -1.02799 -0.968379 -1.01918 0.75132 -0.29318 0.59124 0.999699 0.0180874 -0.0165761 -0.0177846 0.999675 0.0182386 0.0169006 -0.0179383 0.999696 -1.02799 -0.968379 -1.01918 0.75132 -0.29318 0.59124 0.999699 0.0180874 -0.0165761 -0.0177846 0.999675 0.0182386 0.0169006 -0.0179383 0.999696 29.3731 14.2471 1 1 556 0 0 0 
20170507010202 0.87727 -0.449335 0.0750181 0.590644 0.080492 0.802908 0.999968 -0.00142923 -0.00782133 0.00130927 0.999882 -0.0153209 0.0078423 0.0153102 0.999852 0.87727 -0.449335 0.0750181 0.590644 0.080492 0.802908 0.999968 -0.00142923 -0.00782133 0.00130927 0.999882 -0.0153209 0.0078423 0.0153102 0.999852 31.7631 14.2967 1 1 556 0 0 0 
20170507010202 -0.0958081 -1.90345 -0.0104102 0.792069 -0.0567722 0.607786 0.999448 0.000237233 -0.033215 -0.000181592 0.999999 0.0016782 0.0332154 -0.00167124 0.999447 -0.0958081 -1.90345 -0.0104102 0.792069 -0.0567722 0.607786 0.999448 0.000237233 -0.033215 -0.000181592 0.999999 0.0016782 0.0332154 -0.00167124 0.999447 33.1916 14.2418 1 1 556 0 0 0 
20170507010202 1.30781 2.35989 -0.249102 -0.500851 -0.117249 -0.857555 0.999142 0.00528629 0.0410659 -0.00434395 0.999726 -0.0230024 -0.0411762 0.0228043 0.998892 1.30781 2.35989 -0.249102 -0.500851 -0.117249 -0.857555 0.999142 0.00528629 0.0410659 -0.00434395 0.999726 -0.0230024 -0.0411762 0.0228043 0.998892 34.3096 13.9742 1 1 556 0 0 0 
20170507010202 1.07332 2.4073 -0.0710559 -0.530822 -0.107624 -0.840622 0.999117 0.00202673 0.0419723 -0.00123906 0.999823 -0.0187839 -0.0420029 0.0187153 0.998942 1.07332 2.4073 -0.0710559 -0.530822 -0.107624 -0.840622 0.999117 0.00202673 0.0419723 -0.00123906 0.999823 -0.0187839 -0.0420029 0.0187153 0.998942 34.5727 13.6424 1 1 556 0 0 0 
20170507010203 0.474949 1.18097 -0.118689 0.643635 0.077593 0.761389 0.999785 0.00224229 0.0205923 -0.00207108 0.999963 -0.00833201 -0.0206103 0.00828757 0.999753 0.474949 1.18097 -0.118689 0.643635 0.077593 0.761389 0.999785 0.00224229 0.0205923 -0.00207108 0.999963 -0.00833201 -0.0206103 0.00828757 0.999753 34.5426 13.2654 1 1 556 0 0 0 
20170507010203 0.464178 -1.2901 0.418166 0.816154 0.0975568 0.569539 0.99972 -0.00748046 -0.0224542 0.00729646 0.999939 -0.00826544 0.0225146 0.00809929 0.999714 0.464178 -1.2901 0.418166 0.816154 0.0975568 0.569539 0.99972 -0.00748046 -0.0224542 0.00729646 0.999939 -0.00826544 0.0225146 0.00809929 0.999714 33.1303 12.9728 1 1 556 0 0 0 
