20170507013922 0.0306047 0.0127425 -0.111792 0 0 0 0.999998 0.00195125 0.000221356 -0.00195113 0.999998 -0.000534585 -0.000222399 0.000534152 1 0.0306047 0.0127425 -0.111792 0.331252 0.103081 0.937895 0.999998 0.00195125 0.000221356 -0.00195113 0.999998 -0.000534585 -0.000222399 0.000534152 1 0.570324 0.364889 0 1 2000 1 0 0 
20170507013922 0.0402161 0.396639 -0.142419 0 0 0 0.999973 0.00249053 0.00692084 -0.00248562 0.999997 -0.000719109 -0.00692261 0.000701887 0.999976 0.0402161 0.396639 -0.142419 0.588869 0.346504 0.730184 0.999973 0.00249053 0.00692084 -0.00248562 0.999997 -0.000719109 -0.00692261 0.000701887 0.999976 1.92863 0.68478 0 1 1998 0 0 0 
20170507013922 0.122313 0.262206 -0.119472 0 0 0 0.999987 0.00209495 0.00457186 -0.00208516 0.999996 -0.00214431 -0.00457633 0.00213475 0.999987 0.122313 0.262206 -0.119472 0.360272 0.0528196 -0.931351 0.999987 0.00209495 0.00457186 -0.00208516 0.999996 -0.00214431 -0.00457633 0.00213475 0.999987 3.37185 1.96223 0 1 1997 0 0 0 
20170507013922 -0.024371 0.272824 0.00121198 0 0 0 0.999989 -2.31785e-05 0.00476166 2.11528e-05 1 0.000425455 -0.00476167 -0.000425349 0.999989 -0.024371 0.272824 0.00121198 0.241882 0.10643 -0.964451 0.999989 -2.31785e-05 0.00476166 2.11528e-05 1 0.000425455 -0.00476167 -0.000425349 0.999989 5.12663 3.31495 0 1 1988 0 0 0 
20170507013922 -0.136164 0.370187 -0.175094 0 0 0 0.999974 0.00304059 0.00646815 -0.00305589 0.999993 0.00235675 -0.00646093 -0.00237645 0.999976 -0.136164 0.370187 -0.175094 0.19486 0.157878 -0.968041 0.999974 0.00304059 0.00646815 -0.00305589 0.999993 0.00235675 -0.00646093 -0.00237645 0.999976 8.31884 4.54885 0 1 1939 0 0 0 
20170507013923 -0.261028 0.43272 -0.13656 0 0 0 0.999969 0.00234898 0.00756308 -0.00238335 0.999987 0.00453777 -0.00755232 -0.00455565 0.999961 -0.261028 0.43272 -0.13656 0.0910807 0.0640695 -0.99378 0.999969 0.00234898 0.00756308 -0.00238335 0.999987 0.00453777 -0.00755232 -0.00455565 0.999961 11.426 6.29065 0 1 1902 0 0 0 
20170507013923 -0.376951 1.27161 -0.0537525 0 0 0 0.999753 0.000792138 0.0221977 -0.000937928 0.999978 0.00655816 -0.022192 -0.00657736 0.999732 -0.376951 1.27161 -0.0537525 -0.144554 0.067097 -0.987219 0.999753 0.000792138 0.0221977 -0.000937928 0.999978 0.00655816 -0.022192 -0.00657736 0.999732 14.9096 9.14155 0 1 1833 0 0 0 
20170507013923 -0.139559 0.305985 -0.273189 0 0 0 0.999974 0.00475501 0.00535195 -0.00476797 0.999986 0.00241027 -0.00534042 -0.00243573 0.999983 -0.139559 0.305985 -0.273189 0.0139375 0.086673 -0.996139 0.999974 0.00475501 0.00535195 -0.00476797 0.999986 0.00241027 -0.00534042 -0.00243573 0.999983 17.3151 9.67347 0 1 1781 0 0 0 
20170507013923 -0.122884 0.438654 -0.095068 -0.055421 0.0800626 -0.995248 0.999969 0.00164283 0.00765942 -0.0016592 0.999996 0.00213201 -0.00765589 -0.00214466 0.999968 -0.122884 0.438654 -0.095068 -0.055421 0.0800626 -0.995248 0.999969 0.00164283 0.00765942 -0.0016592 0.999996 0.00213201 -0.00765589 -0.00214466 0.999968 20.088 10.5884 1 1 1763 0 0 0 
20170507013923 -0.917162 -0.146617 0.130846 -0.0634541 -0.110294 -0.991871 0.999994 -0.00224244 -0.00259516 0.00228368 0.999869 0.0160009 0.00255894 -0.0160068 0.999869 -0.917162 -0.146617 0.130846 -0.0634541 -0.110294 -0.991871 0.999994 -0.00224244 -0.00259516 0.00228368 0.999869 0.0160009 0.00255894 -0.0160068 0.999869 22.9601 12.1618 1 1 1736 0 0 0 
20170507013924 -0.0714325 -0.121975 -0.0571603 -0.0964702 0.0393136 -0.994559 0.999997 0.00100029 -0.00212761 -0.000997632 0.999999 0.00124886 0.00212886 -0.00124673 0.999997 -0.0714325 -0.121975 -0.0571603 -0.0964702 0.0393136 -0.994559 0.999997 0.00100029 -0.00212761 -0.000997632 0.999999 0.00124886 0.00212886 -0.00124673 0.999997 27.2256 14.5887 1 1 1712 0 0 0 
20170507013924 -0.140475 0.025569 -0.150607 -0.0822985 0.0118213 -0.996538 0.999996 0.00262748 0.000452705 -0.00262858 0.999994 0.00245057 -0.000446263 -0.00245175 0.999997 -0.140475 0.025569 -0.150607 -0.0822985 0.0118213 -0.996538 0.999996 0.00262748 0.000452705 -0.00262858 0.999994 0.00245057 -0.000446263 -0.00245175 0.999997 30.7101 16.6603 1 1 1698 0 0 0 
20170507013924 0.160607 -1.22696 -0.146467 0.0308677 0.0208293 -0.999306 0.999767 0.00249629 -0.0214199 -0.00255574 0.999993 -0.00274837 0.0214129 0.00280248 0.999767 0.160607 -1.22696 -0.146467 0.0308677 0.0208293 -0.999306 0.999767 0.00249629 -0.0214199 -0.00255574 0.999993 -0.00274837 0.0214129 0.00280248 0.999767 33.9925 18.6304 1 1 1678 0 0 0 
20170507013924 -0.253655 -1.62314 -0.143256 0.0109615 -0.037197 -0.999248 0.999596 0.00262566 -0.0283139 -0.00249929 0.999987 0.0044979 0.0283253 -0.00442532 0.999589 -0.253655 -1.62314 -0.143256 0.0109615 -0.037197 -0.999248 0.999596 0.00262566 -0.0283139 -0.00249929 0.999987 0.0044979 0.0283253 -0.00442532 0.999589 36.516 20.0008 1 1 1664 0 0 0 
20170507013924 -0.204102 -1.49208 -0.0850917 -0.0358519 -0.0202375 -0.999152 0.99966 0.00157788 -0.0260332 -0.00148463 0.999992 0.00360091 0.0260387 -0.00356103 0.999655 -0.204102 -1.49208 -0.0850917 -0.0358519 -0.0202375 -0.999152 0.99966 0.00157788 -0.0260332 -0.00148463 0.999992 0.00360091 0.0260387 -0.00356103 0.999655 39.5062 21.0962 1 1 1653 0 0 0 
20170507013925 -0.478269 -2.86392 -0.130517 -0.0279456 0.0134432 0.999519 0.998748 0.00269493 -0.0499432 -0.00227511 0.999962 0.00846105 0.0499641 -0.00833684 0.998716 -0.478269 -2.86392 -0.130517 -0.0279456 0.0134432 0.999519 0.998748 0.00269493 -0.0499432 -0.00227511 0.999962 0.00846105 0.0499641 -0.00833684 0.998716 43.74 23.2759 1 1 1643 0 0 0 
20170507013925 -0.414293 -0.927906 0.31078 -0.144939 0.0100025 -0.98939 0.999854 -0.00530687 -0.0162329 0.00542339 0.99996 0.00714277 0.0161943 -0.00722977 0.999843 -0.414293 -0.927906 0.31078 -0.144939 0.0100025 -0.98939 0.999854 -0.00530687 -0.0162329 0.00542339 0.99996 0.00714277 0.0161943 -0.00722977 0.999843 46.4521 23.4287 1 1 1626 0 0 0 
20170507013925 -0.491782 -1.39247 0.0455959 -0.119435 0.00911479 -0.9928 0.999704 -0.000587193 -0.0243068 0.000795564 0.999963 0.00856377 0.0243009 -0.00858057 0.999668 -0.491782 -1.39247 0.0455959 -0.119435 0.00911479 -0.9928 0.999704 -0.000587193 -0.0243068 0.000795564 0.999963 0.00856377 0.0243009 -0.00858057 0.999668 48.8359 24.1112 1 1 1618 0 0 0 
20170507013925 -0.61027 -0.888095 0.302264 -0.163479 0.0362077 -0.985882 0.999866 -0.0051101 -0.0155546 0.00527484 0.99993 0.0105691 0.0154996 -0.0106497 0.999823 -0.61027 -0.888095 0.302264 -0.163479 0.0362077 -0.985882 0.999866 -0.0051101 -0.0155546 0.00527484 0.99993 0.0105691 0.0154996 -0.0106497 0.999823 50.5903 24.3634 1 1 1614 0 0 0 
20170507013925 -0.425139 -2.36198 -0.133203 0.0950505 -0.0578093 0.993792 0.999148 0.00263056 -0.0411941 -0.00232285 0.999969 0.00751579 0.0412126 -0.0074137 0.999123 -0.425139 -2.36198 -0.133203 0.0950505 -0.0578093 0.993792 0.999148 0.00263056 -0.0411941 -0.00232285 0.999969 0.00751579 0.0412126 -0.0074137 0.999123 52.4095 24.8257 1 1 1611 0 0 0 
20170507013926 -1.24738 -0.929157 0.542805 -0.196688 0.0228931 -0.980199 0.999824 -0.00911835 -0.0164178 0.00947235 0.999722 0.0216147 0.0162161 -0.0217664 0.999632 -1.24738 -0.929157 0.542805 -0.196688 0.0228931 -0.980199 0.999824 -0.00911835 -0.0164178 0.00947235 0.999722 0.0216147 0.0162161 -0.0217664 0.999632 55.4272 25.3412 1 1 1603 0 0 0 
20170507013926 -1.56013 -0.741936 0.081319 -0.176071 0.0205024 -0.984164 0.999915 -0.00106621 -0.0129827 0.00141916 0.999629 0.0272076 0.0129489 -0.0272237 0.999545 -1.56013 -0.741936 0.081319 -0.176071 0.0205024 -0.984164 0.999915 -0.00106621 -0.0129827 0.00141916 0.999629 0.0272076 0.0129489 -0.0272237 0.999545 58.1452 25.7769 1 1 1597 0 0 0 
20170507013926 -1.59042 -4.7521 -0.518628 -0.0368573 -0.0253438 0.998999 0.996522 0.0113474 -0.0825582 -0.00902053 0.999553 0.0285029 0.0828448 -0.027659 0.996179 -1.59042 -4.7521 -0.518628 -0.0368573 -0.0253438 0.998999 0.996522 0.0113474 -0.0825582 -0.00902053 0.999553 0.0285029 0.0828448 -0.027659 0.996179 60.4316 25.2228 1 1 1570 0 0 0 
20170507013926 -0.0719475 -0.673518 -0.385034 -0.237659 0.159377 -0.958184 0.999908 0.00673481 -0.0117461 -0.00671959 0.999977 0.00133469 0.0117548 -0.00125563 0.99993 -0.0719475 -0.673518 -0.385034 -0.237659 0.159377 -0.958184 0.999908 0.00673481 -0.0117461 -0.00671959 0.99