20170507012458 0.039293 0.320866 -0.0794752 0 0 0 0.999983 0.00139094 0.00559919 -0.00138708 0.999999 -0.000693559 -0.00560015 0.000685781 0.999984 0.039293 0.320866 -0.0794752 0.152978 -0.278421 -0.948198 0.999983 0.00139094 0.00559919 -0.00138708 0.999999 -0.000693559 -0.00560015 0.000685781 0.999984 2.47221 1.6562 0 1 1993 0 0 0 
20170507012459 0.44958 0.372799 -0.16196 0 0 0 0.999975 0.0028777 0.00648411 -0.00282667 0.999965 -0.00786493 -0.00650652 0.00784641 0.999948 0.44958 0.372799 -0.16196 0.145038 0.51091 -0.847311 0.999975 0.0028777 0.00648411 -0.00282667 0.999965 -0.00786493 -0.00650652 0.00784641 0.999948 3.83322 1.66026 0 1 1993 0 0 0 
20170507012459 0.282781 0.485318 -0.227137 0 0 0 0.999956 0.00400603 0.00845055 -0.00396413 0.99998 -0.00496897 -0.00847029 0.00493526 0.999952 0.282781 0.485318 -0.227137 0.132878 -0.0862856 -0.987369 0.999956 0.00400603 0.00845055 -0.00396413 0.99998 -0.00496897 -0.00847029 0.00493526 0.999952 4.88975 1.84959 0 1 1992 0 0 0 
20170507012459 0.350297 0.615053 -0.0252807 0 0 0 0.999942 0.000506851 0.0107316 -0.000441205 0.999981 -0.00611853 -0.0107345 0.00611344 0.999924 0.350297 0.615053 -0.0252807 0.425671 0.0557129 -0.903161 0.999942 0.000506851 0.0107316 -0.000441205 0.999981 -0.00611853 -0.0107345 0.00611344 0.999924 5.8614 1.95826 0 1 1992 0 0 0 
20170507012459 0.451901 0.641154 -0.120887 0 0 0 0.999935 0.00219807 0.011173 -0.00210975 0.999966 -0.00791066 -0.01119 0.00788658 0.999906 0.451901 0.641154 -0.120887 0.337865 0.167083 -0.926245 0.999935 0.00219807 0.011173 -0.00210975 0.999966 -0.00791066 -0.01119 0.00788658 0.999906 6.23686 2.04919 0 1 1992 0 0 0 
20170507012459 0.280665 0.836582 -0.0174799 0 0 0 0.999893 0.0003766 0.0145989 -0.00030505 0.999988 -0.00490295 -0.0146006 0.00489798 0.999881 0.280665 0.836582 -0.0174799 0.449032 -0.214364 -0.867421 0.999893 0.0003766 0.0145989 -0.00030505 0.999988 -0.00490295 -0.0146006 0.00489798 0.999881 6.72439 1.99411 0 1 1992 0 0 0 
20170507012500 0.295777 0.925785 0.00584192 0 0 0 0.999869 -1.85512e-05 0.0161576 0.000101947 0.999987 -0.00516061 -0.0161573 0.00516158 0.999856 0.295777 0.925785 0.00584192 0.524465 -0.189072 -0.830173 0.999869 -1.85512e-05 0.0161576 0.000101947 0.999987 -0.00516061 -0.0161573 0.00516158 0.999856 7.10406 1.91138 0 1 1992 0 0 0 
20170507012500 0.398688 0.783829 -0.297491 0 0 0 0.999893 0.00528724 0.0136433 -0.00519169 0.999962 -0.0070293 -0.01368 0.00695772 0.999882 0.398688 0.783829 -0.297491 0.118812 -0.0795874 -0.989722 0.999893 0.00528724 0.0136433 -0.00519169 0.999962 -0.0070293 -0.01368 0.00695772 0.999882 7.30796 2.00166 0 1 1992 0 0 0 
20170507012500 0.558258 0.926701 -0.18368 0 0 0 0.999864 0.00336325 0.0161412 -0.0032054 0.999947 -0.00979508 -0.0161733 0.00974201 0.999822 0.558258 0.926701 -0.18368 0.286969 0.240323 -0.927305 0.999864 0.00336325 0.0161412 -0.0032054 0.999947 -0.00979508 -0.0161733 0.00974201 0.999822 8.30722 1.84653 0 1 1992 0 0 0 
20170507012500 0.572275 0.937703 -0.268531 0 0 0 0.999855 0.00484995 0.0163175 -0.0046861 0.999938 -0.0100645 -0.0163653 0.00998658 0.999816 0.572275 0.937703 -0.268531 0.108913 -0.0750432 -0.991215 0.999855 0.00484995 0.0163175 -0.0046861 0.999938 -0.0100645 -0.0163653 0.00998658 0.999816 8.6462 1.79482 0 1 1992 0 0 0 
20170507012500 0.467694 0.959382 -0.290514 0 0 0 0.999847 0.00520691 0.0167014 -0.0050697 0.999953 -0.0082475 -0.0167436 0.00816156 0.999827 0.467694 0.959382 -0.290514 0.124065 -0.0840854 -0.988705 0.999847 0.00520691 0.0167014 -0.0050697 0.999953 -0.0082475 -0.0167436 0.00816156 0.999827 8.71389 1.86645 0 1 1992 0 0 0 
20170507012501 0.522853 0.977424 -0.0871434 0 0 0 0.999853 0.00167654 0.0170438 -0.00152072 0.999957 -0.00915131 -0.0170584 0.00912405 0.999813 0.522853 0.977424 -0.0871434 0.011541 -0.267734 -0.963424 0.999853 0.00167654 0.0170438 -0.00152072 0.999957 -0.00915131 -0.0170584 0.00912405 0.999813 8.60329 1.83238 0 1 1992 0 0 0 
20170507012501 0.596189 0.823627 -0.263542 0 0 0 0.999886 0.00474898 0.0143257 -0.00459919 0.999935 -0.0104713 -0.0143745 0.0104042 0.999843 0.596189 0.823627 -0.263542 0.108405 -0.0770432 -0.991117 0.999886 0.00474898 0.0143257 -0.00459919 0.999935 -0.0104713 -0.0143745 0.0104042 0.999843 8.13847 1.98575 0 1 1992 0 0 0 
20170507012501 0.513693 0.824589 -0.0199258 0 0 0 0.999896 0.000476782 0.0143876 -0.000347735 0.99996 -0.00897051 -0.0143913 0.00896458 0.999856 0.513693 0.824589 -0.0199258 0.0917233 -0.258242 -0.961716 0.999896 0.000476782 0.0143876 -0.000347735 0.99996 -0.00897051 -0.0143913 0.00896458 0.999856 8.03616 2.15505 0 1 1992 0 0 0 
20170507012501 0.119095 0.887464 0.052146 0 0 0 0.99988 -0.000877923 0.0154904 0.000910011 0.999997 -0.00206451 -0.0154885 0.00207835 0.999878 0.119095 0.887464 0.052146 -0.0134501 0.780771 0.624673 0.99988 -0.000877923 0.0154904 0.000910011 0.999997 -0.00206451 -0.0154885 0.00207835 0.999878 7.68797 2.11137 0 1 1958 0 0 0 
20170507012501 0.0111185 1.03726 0.0923964 0 0 0 0.999835 -0.00160911 0.018103 0.00161236 0.999999 -0.000164861 -0.0181027 0.000194022 0.999836 0.0111185 1.03726 0.0923964 0.0682904 0.757583 0.649156 0.999835 -0.00160911 0.018103 0.00161236 0.999999 -0.000164861 -0.0181027 0.000194022 0.999836 7.74619 2.38514 0 1 1952 0 0 0 
20170507012502 0.573789 1.35384 -0.0919604 0 0 0 0.99972 0.00184154 0.0236094 -0.00160456 0.999948 -0.0100522 -0.0236267 0.0100115 0.999671 0.573789 1.35384 -0.0919604 -0.435402 -0.365796 -0.822568 0.99972 0.00184154 0.0236094 -0.00160456 0.999948 -0.0100522 -0.0236267 0.0100115 0.999671 8.20216 2.55349 0 1 1946 0 0 0 
20170507012502 -0.118498 0.957198 0.0298299 0 0 0 0.99986 -0.000555178 0.0167044 0.000520557 0.999998 0.00207687 -0.0167055 -0.00206789 0.999858 -0.118498 0.957198 0.0298299 0.0312025 0.817851 0.574584 0.99986 -0.000555178 0.0167044 0.000520557 0.999998 0.00207687 -0.0167055 -0.00206789 0.999858 8.15217 2.67161 0 1 1945 0 0 0 
20170507012502 -0.0345656 0.955261 -0.0679859 0 0 0 0.99986 0.00117652 0.0166724 -0.00118641 0.999999 0.0005835 -0.0166717 -0.000603199 0.999861 -0.0345656 0.955261 -0.0679859 -0.0856404 -0.80102 -0.59248 0.99986 0.00117652 0.0166724 -0.00118641 0.999999 0.0005835 -0.0166717 -0.000603199 0.999861 8.07349 2.62722 0 1 1945 0 0 0 
20170507012502 -0.255355 0.758432 0.0172618 0 0 0 0.999912 -0.000360265 0.0132353 0.000301248 0.99999 0.00446076 -0.0132367 -0.00445639 0.999902 -0.255355 0.758432 0.0172618 -0.0999686 0.834807 0.54139 0.999912 -0.000360265 0.0132353 0.000301248 0.99999 0.00446076 -0.0132367 -0.00445639 0.999902 7.63606 2.77071 0 1 1945 0 0 0 
20170507012502 0.0626234 0.859133 -0.159672 0 0 0 0.999884 0.00280319 0.014991 -0.00278649 0.999995 -0.00113477 -0.0149941 0.00109286 0.999887 0.0626234 0.859133 -0.159672 0.0285459 -0.639947 -0.767889 0.999884 0.00280319 0.014991 -0.00278649 0.999995 -0.00113477 -0.0149941 0.00109286 0.999887 7.78549 2.78801 0 1 1945 0 0 0 
20170507012503 0.585302 0.486385 -0.235281 0 0 0 0.999956 0.00419292 0.00844645 -0.00410627 0.999939 -0.01025 -0.00848892 0.0102149 0.999912 0.585302 0.486385 -0.235281 0.365292 -0.239704 -0.899502 0.999956 0.00419292 0.00844645 -0.00410627 0.999939 -0.01025 -0.00848892 0.0102149 0.999912 6.66657 2.26834 0 1 1945 0 0 0 
20170507012503 0.0438057 0.546241 -0.275398 0 0 0 0.999943 0.00481388 0.00952977 -0.00480637 0.999988 -0.000810369 -0.00953356 0.000764519 0.999954 0.0438057 0.546241 -0.275398 0.187901 -0.685091 -0.703807 0.999943 0.00481388 0.00952977 -0.00480637 0.999988 -0.000810369 -0.00953356 0.000764519 0.999954 6.66241 2.31759 0 1 1945 0 0 0 
20170507012503 -0.0636043 0.483935 -0.172093 0 0 0 0.99996 0.00299421 0.00844945 -0.00300348 0.999995 0.00108473 -0.00844616 -0.00111006 0.999964 -0.0636043 0.483935 -0.172093 0.273892 -0.716752 -0.641287 0.99996 0.00299421 0.00844945 -0.00300348 0.999995 0.00108473 -0.00844616 -0.00111006 0.999964 6.61391 2.38705 0 1 1945 0 0 0 
20170507012504 0.0921735 0.380704 -0.13871 0 0 0 0.999975 0.00243162 0.00664056 -0.00242088 0.999996 -0.00162481 -0.00664448 0.00160869 0.999977 0.0921735 0.380704 -0.13871 0.394807 -0.684828 -0.612485 0.999975 0.00243162 0.00664056 -0.00242088 0.999996 -0.00162481 -0.00664448 0.00160869 0.999977 6.50452 2.39527 0 1 1945 0 0 0 
20170507012504 0.0236216 0.344417 -0.123291 0 0 0 0.99998 0.00215431 0.00601027 -0.00215179 0.999998 -0.000425208 -0.00601117 0.000412267 0.999982 0.0236216 0.344417 -0.123291 0.419214 -0.656226 -0.627398 0.99998 0.00215431 0.00601027 -0.00215179 0.999998 -0.000425208 -0.00601117 0.000412267 0.999982 6.13902 2.55924 0 1 1945 0 0 0 
20170507012504 0.53091 0.58533 -0.201847 0 0 0 0.999942 0.0036174 0.0101826 -0.0035227 0.999951 -0.00930193 -0.0102158 0.00926552 0.999905 0.53091 0.58533 -0.201847 -0.0549175 -0.398137 -0.91568 0.999942 0.0036174 0.0101826 -0.0035227 0.999951 -0.00930193 -0.0102158 0.00926552 0.999905 6.26786 2.56994 0 1 1945 0 0 0 
20170507012504 0.581092 0.414283 -0.289875 0 0 0 0.999961 0.00513233 0.00717876 -0.00505913 0.999935 -0.0101782 -0.00723054 0.0101415 0.999922 0.581092 0.414283 -0.289875 0.0353066 -0.287768 -0.957049 0.999961 0.00513233 0.00717876 -0.00505913 0.999935 -0.0101782 -0.00723054 0.0101415 0.999922 5.73046 2.66383 0 1 1945 0 0 0 
20170507012504 0.310776 0.0665289 -0.0883961 0 0 0 0.999998 0.00154908 0.00115276 -0.0015428 0.999984 -0.00542582 -0.00116115 0.00542403 0.999985 0.310776 0.0665289 -0.0883961 0.541395 -0.380586 -0.749697 0.999998 0.00154908 0.00115276 -0.0015428 0.999984 -0.00542582 -0.00116115 0.00542403 0.999985 5.47587 2.66625 0 1 1942 0 0 0 
20170507012504 0.168908 0.127333 -0.066087 0 0 0 0.999997 0.00115998 0.00221897 -0.00115343 0.999995 -0.00295055 -0.00222238 0.00294798 0.999993 0.168908 0.127333 -0.066087 0.512343 -0.28082 -0.811569 0.999997 0.00115998 0.00221897 -0.00115343 0.999995 -0.00295055 -0.00222238 0.00294798 0.999993 4.81927 3.01544 0 1 1942 0 0 0 
20170507012505 0.222436 0.206767 -0.0619221 0 0 0 0.999993 0.00109475 0.00360454 -0.00108074 0.999992 -0.00388613 -0.00360877 0.00388221 0.999986 0.222436 0.206767 -0.0619221 0.399019 -0.190209 -0.896998 0.999993 0.00109475 0.00360454 -0.00108074 0.999992 -0.00388613 -0.00360877 0.00388221 0.999986 4.6353 3.09239 0 1 1942 0 0 0 
20170507012505 0.334018 0.412875 -0.126828 0 0 0 0.999972 0.00225554 0.00719291 -0.00221351 0.99998 -0.00584561 -0.00720596 0.00582953 0.999957 0.334018 0.412875 -0.126828 0.0784941 0.00384755 -0.996907 0.999972 0.00225554 0.00719291 -0.00221351 0.99998 -0.00584561 -0.00720596 0.00582953 0.999957 4.27549 3.05719 0 1 1938 0 0 0 
20170507012505 0.133967 0.235042 -0.0429003 0 0 0 0.999991 0.000758341 0.00410049 -0.000748745 0.999997 -0.00234123 -0.00410225 0.00233814 0.999989 0.133967 0.235042 -0.0429003 0.224196 -0.210163 -0.951613 0.999991 0.000758341 0.00410049 -0.000748745 0.999997 -0.00234123 -0.00410225 0.00233814 0.999989 4.02491 2.95587 0 1 1936 0 0 0 
20170507012505 0.00762297 0.247628 -0.00484374 0 0 0 0.999991 8.51142e-05 0.0043219 -8.45384e-05 1 -0.000133411 -0.00432191 0.000133045 0.999991 0.00762297 0.247628 -0.00484374 0.191742 -0.220207 -0.956423 0.999991 8.51142e-05 0.0043219 -8.45384e-05 1 -0.000133411 -0.00432191 0.000133045 0.999991 4.09244 2.96892 0 1 1935 0 0 0 
20170507012505 0.0891669 0.663602 -0.0308002 0 0 0 0.999933 0.000555588 0.0115809 -0.000537528 0.999999 -0.00156248 -0.0115818 0.00155615 0.999932 0.0891669 0.663602 -0.0308002 -0.20377 -0.148576 -0.967679 0.999933 0.000555588 0.0115809 -0.000537528 0.999999 -0.00156248 -0.0115818 0.00155615 0.999932 4.22909 3.0144 0 1 1934 0 0 0 
20170507012505 -0.0323948 0.303791 0.0995699 0 0 0 0.999984 -0.00174082 0.00530114 0.0017378 0.999998 0.00057461 -0.00530213 -0.000565389 0.999986 -0.0323948 0.303791 0.0995699 0.0506808 -0.134366 -0.989635 0.999984 -0.00174082 0.00530114 0.0017378 0.999998 0.00057461 -0.00530213 -0.000565389 0.999986 5.0912 3.17847 0 1 1933 0 0 0 
20170507012506 0.0710352 0.325166 0.0676901 0 0 0 0.999983 -0.00117438 0.00567664 0.0011814 0.999999 -0.00123309 -0.00567518 0.00123978 0.999983 0.0710352 0.325166 0.0676901 0.0279792 -0.0582004 -0.997913 0.999983 -0.00117438 0.00567664 0.0011814 0.999999 -0.00123309 -0.00567518 0.00123978 0.999983 5.78297 3.47445 0 1 1931 0 0 0 
20170507012506 -0.00968526 0.0648775 0.144837 0 0 0 0.999996 -0.00252808 0.00113189 0.00252789 0.999997 0.000171902 -0.00113233 -0.00016904 0.999999 -0.00968526 0.0648775 0.144837 0.150085 -0.078881 -0.985521 0.999996 -0.00252808 0.00113189 0.00252789 0.999997 0.000171902 -0.00113233 -0.00016904 0.999999 6.60633 3.71999 0 1 1923 0 0 0 
20170507012506 -0.0426117 0.501985 0.0586699 0 0 0 0.999961 -0.0010305 0.00876041 0.00102394 0.999999 0.000752685 -0.00876118 -0.000743685 0.999961 -0.0426117 0.501985 0.0586699 -0.0208749 -0.11856 -0.992727 0.999961 -0.0010305 0.00876041 0.00102394 0.999999 0.000752685 -0.00876118 -0.000743685 0.999961 7.31789 4.16745 0 1 1921 0 0 0 
20170507012506 -0.149938 0.767691 0.0298724 0 0 0 0.99991 -0.000556433 0.0133969 0.000521326 0.999996 0.0026239 -0.0133983 -0.00261668 0.999907 -0.149938 0.767691 0.0298724 -0.0249089 -0.179122 -0.983511 0.99991 -0.000556433 0.0133969 0.000521326 0.999996 0.0026239 -0.0133983 -0.00261668 0.999907 7.97285 4.87894 0 1 1919 0 0 0 
20170507012506 0.21752 1.09111 0.083184 0 0 0 0.999818 -0.00137953 0.0190477 0.00145157 0.999992 -0.00376878 -0.0190423 0.00379574 0.999811 0.21752 1.09111 0.083184 -0.0239096 -0.0296061 -0.999276 0.999818 -0.00137953 0.0190477 0.00145157 0.999992 -0.00376878 -0.0190423 0.00379574 0.999811 9.37937 5.75709 0 1 1913 0 0 0 
20170507012506 0.344404 1.14668 0.0418879 0 0 0 0.999799 -0.000610776 0.0200161 0.000730935 0.999982 -0.00599632 -0.0200121 0.00600974 0.999782 0.344404 1.14668 0.0418879 0.0237044 0.0548943 -0.998211 0.999799 -0.000610776 0.0200161 0.000730935 0.999982 -0.00599632 -0.0200121 0.00600974 0.999782 11.5651 6.67983 0 1 1903 0 0 0 
20170507012507 -0.346784 0.64559 0.169025 0 0 0 0.999932 -0.00301819 0.0112493 0.00294986 0.999977 0.0060857 -0.0112674 -0.00605211 0.999918 -0.346784 0.64559 0.169025 0.223998 -0.191384 -0.955614 0.999932 -0.00301819 0.0112493 0.00294986 0.999977 0.0060857 -0.0112674 -0.00605211 0.999918 12.2165 7.33209 0 1 1901 0 0 0 
20170507012507 0.0884786 0.897336 0.054991 0 0 0 0.999877 -0.000935589 0.0156623 0.000959657 0.999998 -0.00152921 -0.0156608 0.00154405 0.999876 0.0884786 0.897336 0.054991 0.161747 -0.101657 -0.981582 0.999877 -0.000935589 0.0156623 0.000959657 0.999998 -0.00152921 -0.0156608 0.00154405 0.999876 12.7161 8.10766 0 1 1899 0 0 0 
20170507012507 0.459208 0.0939486 0.194074 0 0 0 0.999993 -0.00337398 0.0016668 0.00338723 0.999962 -0.008009 -0.00163971 0.00801459 0.999967 0.459208 0.0939486 0.194074 0.366533 -0.0392065 -0.929579 0.999993 -0.00337398 0.0016668 0.00338723 0.999962 -0.008009 -0.00163971 0.00801459 0.999967 12.9579 8.48352 0 1 1894 0 0 0 
20170507012507 -0.0693729 0.457821 0.0932398 0 0 0 0.999967 -0.00163701 0.00798841 0.00162729 0.999998 0.00122379 -0.0079904 -0.00121075 0.999967 -0.0693729 0.457821 0.0932398 0.271911 -0.190773 -0.943223 0.999967 -0.00163701 0.00798841 0.00162729 0.999998 0.00122379 -0.0079904 -0.00121075 0.999967 13.3266 8.68628 0 1 1892 0 0 0 
20170507012507 0.811475 0.809365 0.159422 0 0 0 0.999896 -0.0025821 0.0141635 0.00278215 0.999896 -0.0141231 -0.0141256 0.014161 0.9998 0.811475 0.809365 0.159422 0.124859 0.0024404 -0.992171 0.999896 -0.0025821 0.0141635 0.00278215 0.999896 -0.0141231 -0.0141256 0.014161 0.9998 13.7697 8.64526 0 1 1887 0 0 0 
20170507012507 0.0738447 0.749747 0.0686377 0 0 0 0.999914 -0.00118109 0.0130867 0.00119785 0.999998 -0.00127316 -0.0130852 0.00128872 0.999914 0.0738447 0.749747 0.0686377 0.107726 -0.168221 -0.979845 0.999914 -0.00118109 0.0130867 0.00119785 0.999998 -0.00127316 -0.0130852 0.00128872 0.999914 14.3985 8.85529 0 1 1881 0 0 0 
20170507012508 0.517685 1.13093 -0.0805727 0.0119809 -0.0991437 -0.995001 0.999804 0.00158453 0.0197236 -0.00140598 0.999958 -0.00906293 -0.0197371 0.00903343 0.999764 0.517685 1.13093 -0.0805727 0.0119809 -0.0991437 -0.995001 0.999804 0.00158453 0.0197236 -0.00140598 0.999958 -0.00906293 -0.0197371 0.00903343 0.999764 15.1373 9.12148 1 1 1874 0 0 0 
20170507012508 0.833715 1.16929 -0.00641855 -0.00136057 -0.0170873 -0.999853 0.999792 0.00040894 0.0204028 -0.000112002 0.999894 -0.0145529 -0.0204066 0.0145475 0.999686 0.833715 1.16929 -0.00641855 -0.00136057 -0.0170873 -0.999853 0.999792 0.00040894 0.0204028 -0.000112002 0.999894 -0.0145529 -0.0204066 0.0145475 0.999686 15.4469 9.22849 1 1 1873 0 0 0 
20170507012508 -0.498873 0.464785 -0.0185847 0.174557 -0.226019 -0.958356 0.999967 0.000253722 0.00811446 -0.000324354 0.999962 0.00870423 -0.00811194 -0.00870658 0.999929 -0.498873 0.464785 -0.0185847 0.174557 -0.226019 -0.958356 0.999967 0.000253722 0.00811446 -0.000324354 0.999962 0.00870423 -0.00811194 -0.00870658 0.999929 16.0988 9.22652 1 1 1869 0 0 0 
20170507012508 0.6646 0.992202 -0.252058 0.0159111 -0.0561131 -0.998298 0.99984 0.00459978 0.017264 -0.00439856 0.999922 -0.0116753 -0.0173163 0.0115975 0.999783 0.6646 0.992202 -0.252058 0.0159111 -0.0561131 -0.998298 0.99984 0.00459978 0.017264 -0.00439856 0.999922 -0.0116753 -0.0173163 0.0115975 0.999783 16.7562 9.67428 1 1 1865 0 0 0 
20170507012508 0.537699 -0.503388 0.380188 0.336314 -0.0494564 -0.94045 0.999939 -0.00671764 -0.00872282 0.00663523 0.999933 -0.00944256 0.00878567 0.00938411 0.999917 0.537699 -0.503388 0.380188 0.336314 -0.0494564 -0.94045 0.999939 -0.00671764 -0.00872282 0.00663523 0.999933 -0.00944256 0.00878567 0.00938411 0.999917 18.1933 10.2864 1 1 1855 0 0 0 
20170507012508 -0.969155 -0.562957 0.503851 0.391431 -0.211572 -0.895555 0.999913 -0.0086263 -0.00997224 0.00879332 0.99982 0.0168271 0.00982529 -0.0169133 0.999809 -0.969155 -0.562957 0.503851 0.391431 -0.211572 -0.895555 0.999913 -0.0086263 -0.00997224 0.00879332 0.99982 0.0168271 0.00982529 -0.0169133 0.999809 20.4895 10.8596 1 1 1832 0 0 0 
20170507012509 -0.832918 0.791314 -0.101782 0.163763 -0.181446 -0.969669 0.999903 0.00157548 0.0138349 -0.00177626 0.999893 0.0145121 -0.0138106 -0.0145353 0.999799 -0.832918 0.791314 -0.101782 0.163763 -0.181446 -0.969669 0.999903 0.00157548 0.0138349 -0.00177626 0.999893 0.0145121 -0.0138106 -0.0145353 0.999799 22.0303 11.4836 1 1 1812 0 0 0 
20170507012509 0.745169 1.22889 0.166447 0.026547 0.0435851 -0.998697 0.999766 -0.00262589 0.0214824 0.00290438 0.999912 -0.0129429 -0.0214465 0.0130023 0.999685 0.745169 1.22889 0.166447 0.026547 0.0435851 -0.998697 0.999766 -0.00262589 0.0214824 0.00290438 0.999912 -0.0129429 -0.0214465 0.0130023 0.999685 23.5193 11.4452 1 1 1793 0 0 0 
20170507012509 0.445975 -0.0898428 0.00221248 0.159932 0.0299469 -0.986674 0.999999 -5.0819e-05 -0.0015677 3.86149e-05 0.99997 -0.00778371 0.00156805 0.00778364 0.999968 0.445975 -0.0898428 0.00221248 0.159932 0.0299469 -0.986674 0.999999 -5.0819e-05 -0.0015677 3.86149e-05 0.99997 -0.00778371 0.00156805 0.00778364 0.999968 25.3805 11.3657 1 1 1767 0 0 0 
20170507012509 -0.232445 1.75387 0.342869 -0.134815 -0.0839975 -0.987304 0.999514 -0.00610827 0.030581 0.00598135 0.999973 0.00424 -0.0306061 -0.00405502 0.999523 -0.232445 1.75387 0.342869 -0.134815 -0.0839975 -0.987304 0.999514 -0.00610827 0.030581 0.00598135 0.999973 0.00424 -0.0306061 -0.00405502 0.999523 27.6052 11.5542 1 1 1724 0 0 0 
20170507012509 -0.221784 -0.564822 0.0687785 0.0119217 -0.0470908 -0.998819 0.999951 -0.00116224 -0.00986241 0.00120035 0.999992 0.00385901 0.00985784 -0.00387066 0.999944 -0.221784 -0.564822 0.0687785 0.0119217 -0.0470908 -0.998819 0.999951 -0.00116224 -0.00986241 0.00120035 0.999992 0.00385901 0.00985784 -0.00387066 0.999944 30.9216 13.128 1 1 1716 0 0 0 
20170507012510 0.484967 0.946566 0.333985 -0.183434 0.0140328 -0.982932 0.999847 -0.00568906 0.0165684 0.0058283 0.999948 -0.00836773 -0.0165199 0.00846301 0.999828 0.484967 0.946566 0.333985 -0.183434 0.0140328 -0.982932 0.999847 -0.00568906 0.0165684 0.0058283 0.999948 -0.00836773 -0.0165199 0.00846301 0.999828 34.6876 15.4967 1 1 1698 0 0 0 
20170507012510 -0.114043 -0.0457853 0.117079 -0.179597 -0.0572927 -0.98207 0.999998 -0.00204182 -0.000803168 0.00204341 0.999996 0.00198878 0.000799104 -0.00199042 0.999998 -0.114043 -0.0457853 0.117079 -0.179597 -0.0572927 -0.98207 0.999998 -0.00204182 -0.000803168 0.00204341 0.999996 0.00198878 0.000799104 -0.00199042 0.999998 37.9473 15.6994 1 1 1677 0 0 0 
20170507012510 -0.909226 -0.509857 0.525672 -0.176001 -0.14345 -0.973882 0.999918 -0.00903222 -0.00904265 0.00917422 0.999833 0.015786 0.00889856 -0.0158677 0.999835 -0.909226 -0.509857 0.525672 -0.176001 -0.14345 -0.973882 0.999918 -0.00903222 -0.00904265 0.00917422 0.999833 0.015786 0.00889856 -0.0158677 0.999835 40.6317 17.1876 1 1 1661 0 0 0 
20170507012510 -0.710558 -2.44037 0.71737 0.0748852 0.162634 0.983841 0.999015 -0.0119912 -0.0427282 0.0125088 0.999851 0.0118672 0.0425796 -0.01239 0.999016 -0.710558 -2.44037 0.71737 0.0748852 0.162634 0.983841 0.999015 -0.0119912 -0.0427282 0.0125088 0.999851 0.0118672 0.0425796 -0.01239 0.999016 42.6116 18.7762 1 1 1649 0 0 0 
20170507012510 -1.90942 -4.55437 2.21043 -0.084039 0.285064 0.954817 0.996101 -0.0359045 -0.0805871 0.0384479 0.998803 0.0302338 0.0794051 -0.0332143 0.996289 -1.90942 -4.55437 2.21043 -0.084039 0.285064 0.954817 0.996101 -0.0359045 -0.0805871 0.0384479 0.998803 0.0302338 0.0794051 -0.0332143 0.996289 45.1245 19.9171 1 1 1626 0 0 0 
20170507012510 -0.412893 2.98174 -0.0778649 -0.585798 -0.143458 -0.797659 0.998645 0.000984109 0.0520261 -0.00135716 0.999974 0.00713559 -0.0520177 -0.00719653 0.99862 -0.412893 2.98174 -0.0778649 -0.585798 -0.143458 -0.797659 0.998645 0.000984109 0.0520261 -0.00135716 0.999974 0.00713559 -0.0520177 -0.00719653 0.99862 47.9519 21.5276 1 1 1615 0 0 0 
20170507012511 -1.37357 0.561082 0.985982 -0.469208 -0.243761 -0.848778 0.999804 -0.0174375 0.00937582 0.017207 0.999561 0.0241359 -0.00979257 -0.0239698 0.999665 -1.37357 0.561082 0.985982 -0.469208 -0.243761 -0.848778 0.999804 -0.0174375 0.00937582 0.017207 0.999561 0.0241359 -0.00979257 -0.0239698 0.999665 50.803 23.2617 1 1 1608 0 0 0 
20170507012511 -0.218288 1.70293 0.326208 -0.562877 -0.15 -0.812816 0.999542 -0.00580654 0.029695 0.00569085 0.999976 0.00397896 -0.0297173 -0.00380815 0.999551 -0.218288 1.70293 0.326208 -0.562877 -0.15 -0.812816 0.999542 -0.00580654 0.029695 0.00569085 0.999976 0.00397896 -0.0297173 -0.00380815 0.999551 52.9338 24.6526 1 1 1604 0 0 0 
20170507012511 -1.00811 2.43823 0.257503 -0.623293 -0.213198 -0.752365 0.999085 -0.00524205 0.0424562 0.00449019 0.999832 0.017785 -0.0425423 -0.0175781 0.99894 -1.00811 2.43823 0.257503 -0.623293 -0.213198 -0.752365 0.999085 -0.00524205 0.0424562 0.00449019 0.999832 0.017785 -0.0425423 -0.0175781 0.99894 54.4589 25.3336 1 1 1603 0 0 0 
20170507012511 0.340367 2.03551 0.649835 -0.580371 -0.148459 -0.800705 0.999305 -0.0111303 0.0355834 0.0113344 0.99992 -0.00553728 -0.0355189 0.00593675 0.999351 0.340367 2.03551 0.649835 -0.580371 -0.148459 -0.800705 0.999305 -0.0111303 0.0355834 0.0113344 0.99992 -0.00553728 -0.0355189 0.00593675 0.999351 55.433 25.772 1 1 1600 0 0 0 
20170507012511 0.22602 1.43632 0.711028 -0.575264 -0.161185 -0.801929 0.999609 -0.0123105 0.0251128 0.0124056 0.999916 -0.00363342 -0.025066 0.00394354 0.999678 0.22602 1.43632 0.711028 -0.575264 -0.161185 -0.801929 0.999609 -0.0123105 0.0251128 0.0124056 0.999916 -0.00363342 -0.025066 0.00394354 0.999678 57.4127 26.5596 1 1 1578 0 0 0 
20170507012512 -1.52304 0.8398 0.440497 -0.534506 -0.263661 -0.802986 0.999863 -0.00807488 0.0144468 0.00768722 0.999614 0.0266907 -0.0146568 -0.026576 0.999539 -1.52304 0.8398 0.440497 -0.534506 -0.263661 -0.802986 0.999863 -0.00807488 0.0144468 0.00768722 0.999614 0.0266907 -0.0146568 -0.026576 0.999539 59.4417 27.2981 1 1 1570 0 0 0 
20170507012512 -1.80791 1.73896 0.603624 -0.566616 -0.255015 -0.783526 0.999484 -0.0114871 0.0299968 0.0105302 0.999437 0.0318665 -0.0303459 -0.0315341 0.999042 -1.80791 1.73896 0.603624 -0.566616 -0.255015 -0.783526 0.999484 -0.0114871 0.0299968 0.0105302 0.999437 0.0318665 -0.0303459 -0.0315341 0.999042 61.3785 28.0698 1 1 1563 0 0 0 
20170507012512 -1.23225 2.57888 0.133829 -0.622836 -0.206921 -0.754493 0.998985 -0.00330282 0.0449339 0.00233338 0.999764 0.0216101 -0.0449947 -0.0214833 0.998756 -1.23225 2.57888 0.133829 -0.622836 -0.206921 -0.754493 0.998985 -0.00330282 0.0449339 0.00233338 0.999764 0.0216101 -0.0449947 -0.0214833 0.998756 62.2143 28.4217 1 1 1557 0 0 0 
20170507012512 -0.447936 -0.412411 1.13593 -0.412737 -0.184205 -0.892029 0.999778 -0.0197675 -0.00735121 0.0198239 0.999774 0.00767366 0.00719786 -0.00781768 0.999944 -0.447936 -0.412411 1.13593 -0.412737 -0.184205 -0.892029 0.999778 -0.0197675 -0.00735121 0.0198239 0.999774 0.00767366 0.00719786 -0.00781768 0.999944 62.6276 29.1231 1 1 1543 0 0 0 
20170507012513 -0.524798 1.17115 0.326597 -0.480635 -0.152965 -0.863476 0.999775 -0.00588713 0.0203855 0.00569898 0.999941 0.00927567 -0.0204389 -0.00915741 0.999749 -0.524798 1.17115 0.326597 -0.480635 -0.152965 -0.863476 0.999775 -0.00588713 0.0203855 0.00569898 0.999941 0.00927567 -0.0204389 -0.00915741 0.999749 60.4474 29.8748 1 1 1526 0 0 0 
20170507012513 0.0725131 1.40803 0.310273 -0.435005 -0.112712 -0.893346 0.999683 -0.00538415 0.0245788 0.00541362 0.999985 -0.00113251 -0.0245723 0.00126521 0.999697 0.0725131 1.40803 0.310273 -0.435005 -0.112712 -0.893346 0.999683 -0.00538415 0.0245788 0.00541362 0.999985 -0.00113251 -0.0245723 0.00126521 0.999697 58.763 28.9979 1 1 1508 0 0 0 
20170507012513 0.459586 1.3919 0.530115 -0.353227 -0.101585 -0.930006 0.999662 -0.00905699 0.0243632 0.00924939 0.999927 -0.00779613 -0.0242908 0.00801884 0.999673 0.459586 1.3919 0.530115 -0.353227 -0.101585 -0.930006 0.999662 -0.00905699 0.0243632 0.00924939 0.999927 -0.00779613 -0.0242908 0.00801884 0.999673 56.8462 27.6955 1 1 1484 0 0 0 
20170507012513 1.50245 1.30846 0.327368 -0.290911 -0.0197713 -0.956546 0.999723 -0.00511293 0.0229765 0.00571212 0.999643 -0.0260889 -0.022835 0.0262129 0.999396 1.50245 1.30846 0.327368 -0.290911 -0.0197713 -0.956546 0.999723 -0.00511293 0.0229765 0.00571212 0.999643 -0.0260889 -0.022835 0.0262129 0.999396 55.6191 26.9303 1 1 1472 0 0 0 
20170507012513 0.512041 0.922276 -0.493882 -0.227471 -0.0977695 -0.968864 0.999833 0.00876326 0.0160178 -0.00861865 0.999922 -0.00907508 -0.0160961 0.00893552 0.999831 0.512041 0.922276 -0.493882 -0.227471 -0.0977695 -0.968864 0.999833 0.00876326 0.0160178 -0.00861865 0.999922 -0.00907508 -0.0160961 0.00893552 0.999831 54.9593 28.6955 1 1 1451 0 0 0 
20170507012514 0.387165 3.91665 -0.410127 -0.294354 -0.10899 -0.949461 0.997639 0.00761938 0.0682535 -0.00714129 0.999948 -0.00724599 -0.0683052 0.00674147 0.997642 0.387165 3.91665 -0.410127 -0.294354 -0.10899 -0.949461 0.997639 0.00761938 0.0682535 -0.00714129 0.999948 -0.00724599 -0.0683052 0.00674147 0.997642 55.1895 28.0645 1 1 1432 0 0 0 
20170507012514 2.89074 2.33541 0.371395 -0.127141 0.0246688 -0.991578 0.999148 -0.00441876 0.0410236 0.00647664 0.99872 -0.0501667 -0.0407494 0.0503897 0.997898 2.89074 2.33541 0.371395 -0.127141 0.0246688 -0.991578 0.999148 -0.00441876 0.0410236 0.00647664 0.99872 -0.0501667 -0.0407494 0.0503897 0.997898 56.2946 28.2567 1 1 1424 0 0 0 
20170507012514 -1.47284 7.33769 -2.12238 0 0 0 0.99113 0.0337413 0.128539 -0.0367307 0.999105 0.0209572 -0.127717 -0.0254926 0.991483 -1.47284 7.33769 -2.12238 0 0 0 0.99113 0.0337413 0.128539 -0.0367307 0.999105 0.0209572 -0.127717 -0.0254926 0.991483 56.2946 28.2567 1 0 1423 0 0 0 
20170507012515 -1.47284 7.33769 -2.12238 0.499712 -0.150293 -0.853053 0.992953 -0.00279721 -0.118479 0.0017327 0.999957 -0.00908684 0.118499 0.00881751 0.992915 0.508798 -6.80548 0.099981 0.499712 -0.150293 -0.853053 0.992953 -0.00279721 -0.118479 0.0017327 0.999957 -0.00908684 0.118499 0.00881751 0.992915 56.2946 28.2567 1 0 1420 0 1 1 
20170507012515 -1.47284 7.33769 -2.12238 0.72056 -0.149666 -0.677048 0.98913 -0.00552231 -0.146939 0.00486392 0.999976 -0.00483966 0.146963 0.00407236 0.989134 0.235891 -8.45094 0.281742 0.72056 -0.149666 -0.677048 0.98913 -0.00552231 -0.146939 0.00486392 0.999976 -0.00483966 0.146963 0.00407236 0.989134 56.2946 28.2567 1 0 1417 0 1 2 
20170507012515 -1.47284 7.33769 -2.12238 0.793693 0.0109715 -0.608219 0.988693 0.0141476 -0.149285 -0.0216158 0.998588 -0.0485228 0.148388 0.0512011 0.987603 2.96778 -8.53351 -1.25246 0.793693 0.0109715 -0.608219 0.988693 0.0141476 -0.149285 -0.0216158 0.998588 -0.0485228 0.148388 0.0512011 0.987603 56.2946 28.2567 1 0 1404 0 1 3 
20170507012516 2.2175 -8.73079 -0.117916 0 0 0 0.98841 -0.0038168 -0.151758 -0.00203418 0.999261 -0.0383808 0.151792 0.0382447 0.987672 2.2175 -8.73079 -0.117916 0 0 0 0.98841 -0.0038168 -0.151758 -0.00203418 0.999261 -0.0383808 0.151792 0.0382447 0.987672 56.2946 28.2567 1 0 1403 0 0 0 
20170507012516 0.662176 -7.37676 -0.322536 0 0 0 0.991708 0.00414511 -0.128448 -0.0055827 0.999926 -0.010834 0.128393 0.0114612 0.991657 0.662176 -7.37676 -0.322536 0 0 0 0.991708 0.00414511 -0.128448 -0.0055827 0.999926 -0.010834 0.128393 0.0114612 0.991657 56.2946 28.2567 1 0 1403 0 0 0 
20170507012516 5.02044 -8.66576 -1.29312 0 0 0 0.988332 0.00929881 -0.152029 -0.0223097 0.996207 -0.0841016 0.15067 0.0865121 0.984791 5.02044 -8.66576 -1.29312 0 0 0 0.988332 0.00929881 -0.152029 -0.0223097 0.996207 -0.0841016 0.15067 0.0865121 0.984791 56.2946 28.2567 1 0 1398 0 0 0 
20170507012517 3.86085 -7.25919 -1.22334 0 0 0 0.991759 0.0127951 -0.12748 -0.0211786 0.997685 -0.0646266 0.126358 0.0667938 0.989733 3.86085 -7.25919 -1.22334 0 0 0 0.991759 0.0127951 -0.12748 -0.0211786 0.997685 -0.0646266 0.126358 0.0667938 0.989733 56.2946 28.2567 1 0 1389 0 0 0 
20170507012517 -0.379302 -6.45265 -0.990529 0 0 0 0.993517 0.0180306 -0.112248 -0.0171776 0.999816 0.00856176 0.112382 -0.00657809 0.993643 -0.379302 -6.45265 -0.990529 0 0 0 0.993517 0.0180306 -0.112248 -0.0171776 0.999816 0.00856176 0.112382 -0.00657809 0.993643 56.2946 28.2567 1 0 1381 0 0 0 
20170507012517 1.42841 -4.80867 -0.699942 0.360534 -0.0647962 -0.930493 0.996406 0.0101227 -0.0841009 -0.012173 0.99964 -0.0239022 0.0838287 0.0248401 0.996171 1.42841 -4.80867 -0.699942 0.360534 -0.0647962 -0.930493 0.996406 0.0101227 -0.0841009 -0.012173 0.99964 -0.0239022 0.0838287 0.0248401 0.996171 57.2718 23.0617 1 1 1374 0 0 0 
20170507012518 1.73763 4.80278 -0.689196 -0.165512 -0.0150644 -0.986093 0.996417 0.0145615 0.0833168 -0.0119862 0.999437 -0.0313271 -0.0837261 0.0302162 0.996031 1.73763 4.80278 -0.689196 -0.165512 -0.0150644 -0.986093 0.996417 0.0145615 0.0833168 -0.0119862 0.999437 -0.0313271 -0.0837261 0.0302162 0.996031 60.7495 27.844 1 1 1366 0 0 0 
20170507012518 0.0977004 -0.607516 -0.360458 0.104334 -0.11327 -0.988071 0.999924 0.00627305 -0.0106135 -0.00629078 0.999979 -0.00163845 0.010603 0.0017051 0.999942 0.0977004 -0.607516 -0.360458 0.104334 -0.11327 -0.988071 0.999924 0.00627305 -0.0106135 -0.00629078 0.999979 -0.00163845 0.010603 0.0017051 0.999942 62.3256 27.7081 1 1 1362 0 0 0 
20170507012519 1.83805 5.16291 -0.382062 0 0 0 0.995921 0.00955101 0.0897258 -0.00664113 0.999444 -0.0326735 -0.089988 0.0319444 0.99543 1.83805 5.16291 -0.382062 0 0 0 0.995921 0.00955101 0.0897258 -0.00664113 0.999444 -0.0326735 -0.089988 0.0319444 0.99543 62.3256 27.7081 1 0 1356 0 0 0 
20170507012519 -0.225088 7.33226 -1.10452 0 0 0 0.991638 0.0187749 0.127674 -0.0191187 0.999816 0.0014677 -0.127623 -0.00389639 0.991815 -0.225088 7.33226 -1.10452 0 0 0 0.991638 0.0187749 0.127674 -0.0191187 0.999816 0.0014677 -0.127623 -0.00389639 0.991815 62.3256 27.7081 1 0 1345 0 0 0 
20170507012519 -1.64863 6.81241 -2.16906 0 0 0 0.992228 0.0344223 0.119574 -0.037581 0.998999 0.0242618 -0.118619 -0.028567 0.992529 -1.64863 6.81241 -2.16906 0 0 0 0.992228 0.0344223 0.119574 -0.037581 0.998999 0.0242618 -0.118619 -0.028567 0.992529 62.3256 27.7081 1 0 1342 0 0 0 
20170507012520 -2.52737 2.48007 -2.07541 -0.0844 -0.240361 -0.967007 0.998408 0.0342727 0.0447983 -0.0361809 0.998441 0.0425022 -0.0432718 -0.0440553 0.998092 -2.52737 2.48007 -2.07541 -0.0844 -0.240361 -0.967007 0.998408 0.0342727 0.0447983 -0.0361809 0.998441 0.0425022 -0.0432718 -0.0440553 0.998092 66.9946 27.9042 1 1 1340 0 0 0 
20170507012520 -0.332415 -6.26497 -0.64006 0 0 0 0.993966 0.0118038 -0.109053 -0.0111042 0.999914 0.00702036 0.109127 -0.00576705 0.994011 -0.332415 -6.26497 -0.64006 0 0 0 0.993966 0.0118038 -0.109053 -0.0111042 0.999914 0.00702036 0.109127 -0.00576705 0.994011 66.9946 27.9042 1 0 1337 0 0 0 
20170507012521 -1.56315 -8.46668 -0.923077 0 0 0 0.988973 0.0201199 -0.146721 -0.0159345 0.999433 0.0296462 0.147234 -0.0269814 0.988734 -1.56315 -8.46668 -0.923077 0 0 0 0.988973 0.0201199 -0.146721 -0.0159345 0.999433 0.0296462 0.147234 -0.0269814 0.988734 66.9946 27.9042 1 0 1321 0 0 0 
20170507012521 -1.56315 -8.46668 -0.923077 -0.0479375 -0.194836 -0.979664 0.997172 0.0460044 0.0594333 -0.0482873 0.998127 0.0375622 -0.057594 -0.0403258 0.997525 -2.31497 3.30172 -2.77234 -0.0479375 -0.194836 -0.979664 0.997172 0.0460044 0.0594333 -0.0482873 0.998127 0.0375622 -0.057594 -0.0403258 0.997525 66.9946 27.9042 1 0 1318 0 1 1 
20170507012522 -1.56315 -8.46668 -0.923077 -0.131896 -0.200481 -0.970778 0.991151 0.0466943 0.124252 -0.0517372 0.99795 0.0376719 -0.122239 -0.0437671 0.991535 -2.52744 7.02132 -2.98807 -0.131896 -0.200481 -0.970778 0.991151 0.0466943 0.124252 -0.0517372 0.99795 0.0376719 -0.122239 -0.0437671 0.991535 66.9946 27.9042 1 0 1281 0 1 2 
20170507012523 -1.56315 -8.46668 -0.923077 -0.0479965 -0.197423 -0.979143 0.991241 0.0429307 0.124895 -0.0470602 0.998432 0.0303028 -0.123398 -0.035915 0.991707 -2.07408 7.08827 -2.71814 -0.0479965 -0.197423 -0.979143 0.991241 0.0429307 0.124895 -0.0470602 0.998432 0.0303028 -0.123398 -0.035915 0.991707 66.9946 27.9042 1 0 1248 0 1 3 
20170507012523 -1.68394 12.185 -2.4061 0 0 0 0.976609 0.0357669 0.212026 -0.0410363 0.998947 0.0205029 -0.211069 -0.0287241 0.977049 -1.68394 12.185 -2.4061 0 0 0 0.976609 0.0357669 0.212026 -0.0410363 0.998947 0.0205029 -0.211069 -0.0287241 0.977049 66.9946 27.9042 1 0 1215 0 0 0 
20170507012524 -1.68394 12.185 -2.4061 0.494055 -0.332161 -0.803479 0.999501 0.0251201 -0.0191723 -0.0232104 0.995297 0.0940524 0.0214448 -0.0935604 0.995383 -5.36971 -1.22879 -1.33028 0.494055 -0.332161 -0.803479 0.999501 0.0251201 -0.0191723 -0.0232104 0.995297 0.0940524 0.0214448 -0.0935604 0.995383 66.9946 27.9042 1 0 1164 0 1 1 
20170507012524 -1.68394 12.185 -2.4061 0.765454 -0.172832 -0.619846 0.992902 -0.0242671 -0.116434 0.0298398 0.998479 0.0463587 0.115132 -0.049504 0.992116 -2.85654 -6.61125 1.7214 0.765454 -0.172832 -0.619846 0.992902 -0.0242671 -0.116434 0.0298398 0.998479 0.0463587 0.115132 -0.049504 0.992116 66.9946 27.9042 1 0 1152 0 1 2 
20170507012525 -1.68394 12.185 -2.4061 0.897912 -0.052897 -0.436986 0.969099 -0.0765891 -0.234481 0.081162 0.996652 0.00990001 0.232937 -0.028625 0.97207 -1.68673 -13.4701 4.78735 0.897912 -0.052897 -0.436986 0.969099 -0.0765891 -0.234481 0.081162 0.996652 0.00990001 0.232937 -0.028625 0.97207 66.9946 27.9042 1 0 1151 0 1 3 
20170507012525 -4.44717 -7.94552 3.6817 0 0 0 0.988356 -0.0533238 -0.14251 0.063597 0.99562 0.0685303 0.138231 -0.0767955 0.987418 -4.44717 -7.94552 3.6817 0 0 0 0.988356 -0.0533238 -0.14251 0.063597 0.99562 0.0685303 0.138231 -0.0767955 0.987418 66.9946 27.9042 1 0 1144 0 0 0 
20170507012526 -0.453472 -3.32057 -3.83143 0.759232 0.0508742 -0.648828 0.99609 0.0672765 -0.0572622 -0.066709 0.997703 0.0117671 0.0579224 -0.0079012 0.99829 -0.453472 -3.32057 -3.83143 0.759232 0.0508742 -0.648828 0.99609 0.0672765 -0.0572622 -0.066709 0.997703 0.0117671 0.0579224 -0.0079012 0.99829 85.0558 36.3898 1 1 1143 0 0 0 
20170507012526 -3.1153 -8.33959 -2.03588 0 0 0 0.988801 0.0433501 -0.142803 -0.0351497 0.997612 0.059456 0.14504 -0.0537707 0.987964 -3.1153 -8.33959 -2.03588 0 0 0 0.988801 0.0433501 -0.142803 -0.0351497 0.997612 0.059456 0.14504 -0.0537707 0.987964 85.0558 36.3898 1 0 1053 0 0 0 
20170507012527 -4.02198 -5.80385 -1.17114 0 0 0 0.994666 0.0274797 -0.0994195 -0.0203341 0.997184 0.0721862 0.101123 -0.0697795 0.992424 -4.02198 -5.80385 -1.17114 0 0 0 0.994666 0.0274797 -0.0994195 -0.0203341 0.997184 0.0721862 0.101123 -0.0697795 0.992424 85.0558 36.3898 1 0 1028 0 0 0 
20170507012527 3.06743 -1.95179 0.442273 0.282378 0.0888754 -0.955177 0.99939 -0.00953045 -0.0335958 0.00771457 0.998523 -0.0537721 0.0340587 0.0534801 0.997988 3.06743 -1.95179 0.442273 0.282378 0.0888754 -0.955177 0.99939 -0.00953045 -0.0335958 0.00771457 0.998523 -0.0537721 0.0340587 0.0534801 0.997988 81.1511 36.3809 1 1 1026 0 0 0 
20170507012528 -5.07324 -9.04055 1.91988 0 0 0 0.987023 -0.0194833 -0.159393 0.0330858 0.995989 0.0831359 0.157133 -0.0873306 0.983709 -5.07324 -9.04055 1.91988 0 0 0 0.987023 -0.0194833 -0.159393 0.0330858 0.995989 0.0831359 0.157133 -0.0873306 0.983709 81.1511 36.3809 1 0 1026 0 0 0 
20170507012528 -5.07324 -9.04055 1.91988 -0.0511775 -0.489865 -0.870295 0.991906 0.0542805 0.114783 -0.0737631 0.982161 0.172969 -0.103347 -0.180036 0.978216 -10.4283 5.93192 -4.25297 -0.0511775 -0.489865 -0.870295 0.991906 0.0542805 0.114783 -0.0737631 0.982161 0.172969 -0.103347 -0.180036 0.978216 81.1511 36.3809 1 0 1013 0 1 1 
20170507012529 -4.14805 -3.90119 -0.759247 0.33242 -0.191715 -0.923441 0.997595 0.0181371 -0.0668933 -0.0132203 0.997228 0.0732267 0.068036 -0.0721662 0.995069 -4.14805 -3.90119 -0.759247 0.33242 -0.191715 -0.923441 0.997595 0.0181371 -0.0668933 -0.0132203 0.997228 0.0732267 0.068036 -0.0721662 0.995069 78.1513 39.9366 1 1 1011 0 0 0 
20170507012529 -5.9874 -4.42175 -1.6151 0 0 0 0.996627 0.0360702 -0.0737064 -0.0281012 0.993923 0.106429 0.0770974 -0.103999 0.991585 -5.9874 -4.42175 -1.6151 0 0 0 0.996627 0.0360702 -0.0737064 -0.0281012 0.993923 0.106429 0.0770974 -0.103999 0.991585 78.1513 39.9366 1 0 992 0 0 0 
20170507012530 -5.9874 -4.42175 -1.6151 0.501699 0.271304 -0.821396 0.984083 -0.177636 0.00505719 0.17725 0.983193 0.0437566 -0.0127449 -0.0421638 0.999029 -2.41672 0.730251 10.2105 0.501699 0.271304 -0.821396 0.984083 -0.177636 0.00505719 0.17725 0.983193 0.0437566 -0.0127449 -0.0421638 0.999029 78.1513 39.9366 1 0 987 0 1 1 
20170507012530 -2.88118 2.45374 6.58003 0 0 0 0.992502 -0.116584 0.0367171 0.114486 0.99191 0.0548336 -0.0428128 -0.0502188 0.99782 -2.88118 2.45374 6.58003 0 0 0 0.992502 -0.116584 0.0367171 0.114486 0.99191 0.0548336 -0.0428128 -0.0502188 0.99782 78.1513 39.9366 1 0 981 0 0 0 
20170507012531 -3.40085 -0.897796 -3.14572 0.0277347 -0.596419 0.802194 0.998371 0.055707 -0.0123624 -0.0548688 0.996684 0.0600901 0.0156689 -0.0593139 0.998116 -3.40085 -0.897796 -3.14572 0.0277347 -0.596419 0.802194 0.998371 0.055707 -0.0123624 -0.0548688 0.996684 0.0600901 0.0156689 -0.0593139 0.998116 49.8666 38.0836 1 1 981 0 0 0 
20170507012531 -1.10518 1.19509 -0.395325 -0.0357081 -0.492067 0.869825 0.999759 0.00649612 0.0209855 -0.00689817 0.999793 0.0191435 -0.0208568 -0.0192836 0.999596 -1.10518 1.19509 -0.395325 -0.0357081 -0.492067 0.869825 0.999759 0.00649612 0.0209855 -0.00689817 0.999793 0.0191435 -0.0208568 -0.0192836 0.999596 48.827 38.1609 1 1 980 0 0 0 
20170507012532 -0.709237 1.00703 3.79914 0.275974 0.431875 -0.858675 0.997648 -0.0664709 0.0167149 0.0662486 0.997712 0.0135154 -0.0175751 -0.0123763 0.999769 -0.709237 1.00703 3.79914 0.275974 0.431875 -0.858675 0.997648 -0.0664709 0.0167149 0.0662486 0.997712 0.0135154 -0.0175751 -0.0123763 0.999769 50.6354 37.7394 1 1 980 0 0 0 
20170507012532 -2.97588 -1.04007 13.1294 0 0 0 0.973699 -0.225927 -0.029446 0.227114 0.97276 0.0464408 0.0181517 -0.051907 0.998487 -2.97588 -1.04007 13.1294 0 0 0 0.973699 -0.225927 -0.029446 0.227114 0.97276 0.0464408 0.0181517 -0.051907 0.998487 50.6354 37.7394 1 0 978 0 0 0 
20170507012533 -2.28406 0.129355 11.6337 0 0 0 0.979454 -0.201582 -0.00582713 0.201653 0.978661 0.0394899 -0.00225766 -0.0398536 0.999203 -2.28406 0.129355 11.6337 0 0 0 0.979454 -0.201582 -0.00582713 0.201653 0.978661 0.0394899 -0.00225766 -0.0398536 0.999203 50.6354 37.7394 1 0 976 0 0 0 
