20170507020354 -0.0566959 0.23842 0.0320148 0 0 0 0.999991 -0.000562881 0.00416065 0.000558759 0.999999 0.000991856 -0.0041612 -0.000989522 0.999991 -0.0566959 0.23842 0.0320148 0.196908 -0.237182 -0.9513 0.999991 -0.000562881 0.00416065 0.000558759 0.999999 0.000991856 -0.0041612 -0.000989522 0.999991 1.85922 0.370143 0 1 2000 0 0 0 
20170507020354 -0.0549022 0.352858 0.0214432 0 0 0 0.999981 -0.000380155 0.00615812 0.000374247 0.999999 0.000960528 -0.00615849 -0.000958205 0.999981 -0.0549022 0.352858 0.0214432 0.311024 -0.186477 -0.931928 0.999981 -0.000380155 0.00615812 0.000374247 0.999999 0.000960528 -0.00615849 -0.000958205 0.999981 2.53855 0.320204 0 1 2000 0 0 0 
20170507020355 -0.127642 0.520887 0.0918678 0 0 0 0.999957 -0.00162364 0.00908746 0.00160333 0.999996 0.00224234 -0.00909107 -0.00222767 0.999956 -0.127642 0.520887 0.0918678 0.375061 -0.274816 -0.885328 0.999957 -0.00162364 0.00908746 0.00160333 0.999996 0.00224234 -0.00909107 -0.00222767 0.999956 3.29817 0.286559 0 1 2000 0 0 0 
20170507020355 -0.0558646 0.474253 -0.014886 0 0 0 0.999966 0.000251739 0.00827743 -0.000259801 0.999999 0.000972871 -0.00827718 -0.000974988 0.999965 -0.0558646 0.474253 -0.014886 0.454506 -0.194199 -0.869316 0.999966 0.000251739 0.00827743 -0.000259801 0.999999 0.000972871 -0.00827718 -0.000974988 0.999965 3.31669 0.229649 0 1 2000 0 0 0 
20170507020355 -0.0796461 0.362841 -0.0181824 0 0 0 0.99998 0.00030854 0.00633315 -0.000317337 0.999999 0.00138808 -0.00633272 -0.00139006 0.999979 -0.0796461 0.362841 -0.0181824 0.223123 0.00626702 0.97477 0.99998 0.00030854 0.00633315 -0.000317337 0.999999 0.00138808 -0.00633272 -0.00139006 0.999979 2.83055 0.202152 0 1 2000 0 0 0 
20170507020355 -0.112239 0.353531 0.0687545 0 0 0 0.99998 -0.00121208 0.00616787 0.00119997 0.999997 0.00196634 -0.00617023 -0.0019589 0.999979 -0.112239 0.353531 0.0687545 -0.63404 0.359507 0.684652 0.99998 -0.00121208 0.00616787 0.00119997 0.999997 0.00196634 -0.00617023 -0.0019589 0.999979 2.27379 0.17183 0 1 2000 0 0 0 
20170507020355 -0.157139 0.418525 0.0148551 0 0 0 0.999973 -0.000279303 0.00730383 0.000259264 0.999996 0.00274448 -0.00730457 -0.00274251 0.99997 -0.157139 0.418525 0.0148551 0.395604 -0.246747 -0.884655 0.999973 -0.000279303 0.00730383 0.000259264 0.999996 0.00274448 -0.00730457 -0.00274251 0.99997 2.65086 0.279187 0 1 2000 0 0 0 
20170507020356 -0.125129 0.472236 -0.0472409 0 0 0 0.999966 0.000806508 0.00824377 -0.000824482 0.999997 0.00217711 -0.00824199 -0.00218383 0.999964 -0.125129 0.472236 -0.0472409 0.296663 -0.205328 -0.932647 0.999966 0.000806508 0.00824377 -0.000824482 0.999997 0.00217711 -0.00824199 -0.00218383 0.999964 2.96393 0.415767 0 1 2000 0 0 0 
20170507020356 -0.137851 0.446555 -0.00363945 0 0 0 0.99997 4.47686e-05 0.00779391 -6.35184e-05 0.999997 0.00240546 -0.00779378 -0.00240588 0.999967 -0.137851 0.446555 -0.00363945 -0.232171 -0.142875 -0.962124 0.99997 4.47686e-05 0.00779391 -6.35184e-05 0.999997 0.00240546 -0.00779378 -0.00240588 0.999967 3.36344 0.384386 0 1 2000 0 0 0 
20170507020356 -0.0776561 0.40555 -0.0690186 0 0 0 0.999974 0.00119501 0.00707975 -0.00120457 0.999998 0.00134683 -0.00707813 -0.00135532 0.999974 -0.0776561 0.40555 -0.0690186 -0.195212 0.087103 -0.976886 0.999974 0.00119501 0.00707975 -0.00120457 0.999998 0.00134683 -0.00707813 -0.00135532 0.999974 3.09199 0.257045 0 1 2000 0 0 0 
20170507020356 0.012376 0.48346 0.071201 0 0 0 0.999964 -0.00124087 0.00843813 0.00124265 0.999999 -0.000205516 -0.00843787 0.000215994 0.999964 0.012376 0.48346 0.071201 -0.521526 0.2895 0.802621 0.999964 -0.00124087 0.00843813 0.00124265 0.999999 -0.000205516 -0.00843787 0.000215994 0.999964 3.34754 0.300104 0 1 2000 0 0 0 
20170507020356 0.14009 0.353084 -0.380642 0 0 0 0.999959 0.00665846 0.00614605 -0.00664328 0.999975 -0.00248591 -0.00616245 0.00244498 0.999978 0.14009 0.353084 -0.380642 0.0874555 0.370755 -0.924604 0.999959 0.00665846 0.00614605 -0.00664328 0.999975 -0.00248591 -0.00616245 0.00244498 0.999978 3.85107 1.75394 0 1 2000 0 0 0 
20170507020357 0.455841 0.457427 -0.159623 0 0 0 0.999964 0.00284938 0.00796107 -0.00278586 0.999964 -0.00797805 -0.00798351 0.00795558 0.999936 0.455841 0.457427 -0.159623 -0.00164426 0.152224 -0.988345 0.999964 0.00284938 0.00796107 -0.00278586 0.999964 -0.00797805 -0.00798351 0.00795558 0.999936 4.06653 1.8529 0 1 2000 0 0 0 
20170507020357 0.479724 0.445259 -0.141189 0 0 0 0.999967 0.00252919 0.00775024 -0.00246413 0.999962 -0.00839179 -0.00777116 0.00837242 0.999935 0.479724 0.445259 -0.141189 0.00140789 0.256845 -0.966452 0.999967 0.00252919 0.00775024 -0.00246413 0.999962 -0.00839179 -0.00777116 0.00837242 0.999935 3.88955 1.8074 0 1 2000 0 0 0 
20170507020357 0.272458 0.46957 -0.170875 0 0 0 0.999962 0.00302126 0.00818114 -0.00298222 0.999984 -0.0047797 -0.00819545 0.00475512 0.999955 0.272458 0.46957 -0.170875 -0.0106693 0.284655 -0.958571 0.999962 0.00302126 0.00818114 -0.00298222 0.999984 -0.0047797 -0.00819545 0.00475512 0.999955 3.93912 1.84608 0 1 2000 0 0 0 
20170507020357 -0.108525 0.588092 -0.0146568 0 0 0 0.999947 0.000236368 0.0102644 -0.000255796 0.999998 0.0018915 -0.010264 -0.00189402 0.999946 -0.108525 0.588092 -0.0146568 0.450891 -0.188904 -0.872361 0.999947 0.000236368 0.0102644 -0.000255796 0.999998 0.0018915 -0.010264 -0.00189402 0.999946 3.98988 0.44585 0 1 2000 0 0 0 
20170507020357 -0.257824 0.47395 -0.134649 0 0 0 0.999963 0.00231282 0.00828237 -0.00234999 0.999987 0.00448042 -0.0082719 -0.00449971 0.999956 -0.257824 0.47395 -0.134649 0.231817 -0.0998896 0.967617 0.999963 0.00231282 0.00828237 -0.00234999 0.999987 0.00448042 -0.0082719 -0.00449971 0.999956 4.2998 0.686348 0 1 2000 0 0 0 
20170507020358 -0.354803 0.434859 -0.0899086 0 0 0 0.99997 0.00152217 0.00759921 -0.00156916 0.99998 0.00618052 -0.00758965 -0.00619225 0.999952 -0.354803 0.434859 -0.0899086 0.216089 0.12386 0.968485 0.99997 0.00152217 0.00759921 -0.00156916 0.99998 0.00618052 -0.00758965 -0.00619225 0.999952 4.2233 1.083 0 1 2000 0 0 0 
20170507020358 -0.409632 0.381115 0.0415849 0 0 0 0.999978 -0.00077333 0.0066463 0.000725777 0.999974 0.00715419 -0.00665166 -0.00714921 0.999952 -0.409632 0.381115 0.0415849 0.502271 0.290606 0.814415 0.999978 -0.00077333 0.0066463 0.000725777 0.999974 0.00715419 -0.00665166 -0.00714921 0.999952 4.54195 1.13844 0 1 2000 0 0 0 
20170507020358 -0.632306 0.162578 -0.129652 0 0 0 0.999993 0.0022314 0.00286232 -0.00226284 0.999937 0.0110291 -0.00283752 -0.0110355 0.999935 -0.632306 0.162578 -0.129652 0.496743 -0.243417 0.833064 0.999993 0.0022314 0.00286232 -0.00226284 0.999937 0.0110291 -0.00283752 -0.0110355 0.999935 4.97716 1.29095 0 1 2000 0 0 0 
20170507020358 -0.523582 0.40103 -0.279977 0 0 0 0.999964 0.00482234 0.00704352 -0.00488638 0.999947 0.0091038 -0.00699924 -0.00913788 0.999934 -0.523582 0.40103 -0.279977 0.164802 -0.233822 0.958211 0.999964 0.00482234 0.00704352 -0.00488638 0.999947 0.0091038 -0.00699924 -0.00913788 0.999934 5.58485 4.39368 0 1 2000 0 0 0 
20170507020358 -0.386315 0.641295 -0.0980107 0 0 0 0.999936 0.00163511 0.0112037 -0.0017105 0.999976 0.00672326 -0.0111925 -0.00674199 0.999915 -0.386315 0.641295 -0.0980107 -0.0158549 -0.15477 -0.987823 0.999936 0.00163511 0.0112037 -0.0017105 0.999976 0.00672326 -0.0111925 -0.00674199 0.999915 6.15292 5.77801 0 1 2000 0 0 0 
20170507020359 -0.302291 0.608658 -0.0818478 0 0 0 0.999943 0.00137245 0.0106303 -0.00142843 0.999985 0.00526078 -0.0106229 -0.00527566 0.99993 -0.302291 0.608658 -0.0818478 0.114688 -0.227511 -0.966998 0.999943 0.00137245 0.0106303 -0.00142843 0.999985 0.00526078 -0.0106229 -0.00527566 0.99993 5.9892 6.11017 0 1 2000 0 0 0 
20170507020359 0.0232101 1.09941 -0.210771 0 0 0 0.999809 0.00368641 0.0191856 -0.00367796 0.999993 -0.000475672 -0.0191872 0.000405018 0.999816 0.0232101 1.09941 -0.210771 0.954516 -0.288962 0.0734916 0.999809 0.00368641 0.0191856 -0.00367796 0.999993 -0.000475672 -0.0191872 0.000405018 0.999816 4.61512 5.88284 0 1 2000 0 0 0 
20170507020359 -0.236411 1.19629 -0.170707 0 0 0 0.999778 0.00289322 0.0208897 -0.00297874 0.999987 0.00406392 -0.0208777 -0.00412524 0.999774 -0.236411 1.19629 -0.170707 -0.925445 -0.138087 -0.352822 0.999778 0.00289322 0.0208897 -0.00297874 0.999987 0.00406392 -0.0208777 -0.00412524 0.999774 3.32985 5.96689 0 1 2000 0 0 0 
20170507020359 -0.0571779 1.27284 -0.235556 0 0 0 0.999745 0.00408904 0.0222173 -0.0041102 0.999991 0.000906611 -0.0222134 -0.000997697 0.999753 -0.0571779 1.27284 -0.235556 -0.932826 -0.0582302 -0.355591 0.999745 0.00408904 0.0222173 -0.0041102 0.999991 0.000906611 -0.0222134 -0.000997697 0.999753 3.74569 7.60802 0 1 2000 0 0 0 
20170507020359 -0.143483 1.3066 -0.287396 0 0 0 0.999727 0.00495887 0.0228148 -0.00501468 0.999985 0.00238985 -0.0228026 -0.00250361 0.999737 -0.143483 1.3066 -0.287396 -0.905653 -0.0832249 -0.415771 0.999727 0.00495887 0.0228148 -0.00501468 0.999985 0.00238985 -0.0228026 -0.00250361 0.999737 6.72825 11.0082 0 1 2000 0 0 0 
20170507020400 0.0201754 1.20546 -0.275764 0 0 0 0.999767 0.00482038 0.0210358 -0.00481191 0.999988 -0.000453377 -0.0210377 0.00035205 0.999779 0.0201754 1.20546 -0.275764 -0.907602 0.0301394 -0.418748 0.999767 0.00482038 0.0210358 -0.00481191 0.999988 -0.000453377 -0.0210377 0.00035205 0.999779 9.8556 12.752 0 1 2000 0 0 0 
20170507020400 0.0897733 1.35856 -0.316432 0 0 0 0.999704 0.00555989 0.0237001 -0.0055212 0.999983 -0.00169775 -0.0237091 0.0015664 0.999718 0.0897733 1.35856 -0.316432 -0.887449 0.0331839 -0.45971 0.999704 0.00555989 0.0237001 -0.0055212 0.999983 -0.00169775 -0.0237091 0.0015664 0.999718 12.5214 15.8084 0 1 2000 0 0 0 
20170507020400 0.110394 1.67871 -0.325746 0 0 0 0.999555 0.00574175 0.0292834 -0.00568288 0.999982 -0.00209326 -0.0292949 0.00192591 0.999569 0.110394 1.67871 -0.325746 -0.869158 0.0359853 -0.493223 0.999555 0.00574175 0.0292834 -0.00568288 0.999982 -0.00209326 -0.0292949 0.00192591 0.999569 13.9689 16.8898 0 1 2000 0 0 0 
20170507020400 0.15821 1.97569 -0.363497 0 0 0 0.999385 0.00643934 0.0344571 -0.0063404 0.999975 -0.00297995 -0.0344754 0.00275965 0.999402 0.15821 1.97569 -0.363497 -0.856808 0.0238844 -0.515081 0.999385 0.00643934 0.0344571 -0.0063404 0.999975 -0.00297995 -0.0344754 0.00275965 0.999402 14.6422 16.9492 0 1 2000 0 0 0 
20170507020400 0.219047 2.27377 -0.405179 0 0 0 0.999188 0.00722327 0.0396461 -0.00706607 0.999967 -0.00410356 -0.0396744 0.00382008 0.999205 0.219047 2.27377 -0.405179 -0.827717 0.0103848 -0.561049 0.999188 0.00722327 0.0396461 -0.00706607 0.999967 -0.00410356 -0.0396744 0.00382008 0.999205 15.4719 17.2444 0 1 2000 0 0 0 
20170507020401 -0.150015 1.24091 -0.170312 0 0 0 0.999761 0.00291579 0.0216638 -0.0029718 0.999992 0.00255387 -0.0216562 -0.00261764 0.999762 -0.150015 1.24091 -0.170312 -0.611704 -0.115911 -0.782549 0.999761 0.00291579 0.0216638 -0.0029718 0.999992 0.00255387 -0.0216562 -0.00261764 0.999762 16.456 17.6765 0 1 2000 0 0 0 
20170507020401 -0.145321 1.28695 -0.18249 0 0 0 0.999743 0.00312807 0.0224675 -0.00318424 0.999992 0.00246478 -0.0224596 -0.00253568 0.999745 -0.145321 1.28695 -0.18249 -0.525803 -0.159664 -0.835487 0.999743 0.00312807 0.0224675 -0.00318424 0.999992 0.00246478 -0.0224596 -0.00253568 0.999745 16.7033 17.9168 0 1 2000 0 0 0 
20170507020401 0.360185 1.94442 -0.664686 0 0 0 0.999357 0.0118138 0.0338541 -0.011594 0.99991 -0.00667955 -0.0339299 0.00628275 0.999404 0.360185 1.94442 -0.664686 -0.613322 -0.106897 -0.782566 0.999357 0.0118138 0.0338541 -0.011594 0.99991 -0.00667955 -0.0339299 0.00628275 0.999404 16.659 18.2012 0 1 2000 0 0 0 
20170507020401 -0.17859 1.26419 -0.188385 0 0 0 0.999751 0.00321914 0.0220725 -0.00328713 0.99999 0.00304442 -0.0220624 -0.00311621 0.999752 -0.17859 1.26419 -0.188385 -0.309931 -0.220913 -0.924738 0.999751 0.00321914 0.0220725 -0.00328713 0.99999 0.00304442 -0.0220624 -0.00311621 0.999752 17.0289 18.5551 0 1 2000 0 0 0 
20170507020401 -0.0724882 1.22105 -0.17865 0 0 0 0.999768 0.00309107 0.0213135 -0.00311732 0.999994 0.00119871 -0.0213097 -0.00126487 0.999772 -0.0724882 1.22105 -0.17865 -0.244476 -0.204257 -0.947898 0.999768 0.00309107 0.0213135 -0.00311732 0.999994 0.00119871 -0.0213097 -0.00126487 0.999772 17.8306 18.5836 0 1 2000 0 0 0 
20170507020402 -0.0661146 0.979011 -0.212961 0 0 0 0.999847 0.00369715 0.0170903 -0.00371632 0.999992 0.0010904 -0.0170861 -0.00115375 0.999853 -0.0661146 0.979011 -0.212961 -0.176074 -0.182727 -0.967269 0.999847 0.00369715 0.0170903 -0.00371632 0.999992 0.0010904 -0.0170861 -0.00115375 0.999853 18.9138 18.575 0 1 2000 0 0 0 
20170507020402 0.0298183 0.818453 -0.243358 0 0 0 0.999889 0.00425482 0.0142819 -0.00424696 0.999991 -0.000581094 -0.0142842 0.000520375 0.999898 0.0298183 0.818453 -0.243358 -0.119445 -0.152047 -0.981129 0.999889 0.00425482 0.0142819 -0.00424696 0.999991 -0.000581094 -0.0142842 0.000520375 0.999898 19.9454 18.9532 0 1 2000 0 0 0 
20170507020402 0.0325182 0.676402 -0.285101 -0.0803845 -0.128969 -0.988385 0.999918 0.00498263 0.0118022 -0.00497558 0.999987 -0.000626284 -0.0118052 0.00056751 0.99993 0.0325182 0.676402 -0.285101 -0.0803845 -0.128969 -0.988385 0.999918 0.00498263 0.0118022 -0.00497558 0.999987 -0.000626284 -0.0118052 0.00056751 0.99993 21.1181 18.9957 1 1 2000 0 0 0 
20170507020402 -0.00874755 0.405671 -0.335027 -0.0494011 -0.119169 -0.991644 0.999958 0.00584622 0.00708101 -0.00584715 0.999983 0.000111271 -0.00708023 -0.00015267 0.999975 -0.00874755 0.405671 -0.335027 -0.0494011 -0.119169 -0.991644 0.999958 0.00584622 0.00708101 -0.00584715 0.999983 0.000111271 -0.00708023 -0.00015267 0.999975 22.1922 18.8432 1 1 2000 0 0 0 
20170507020402 -0.0286852 0.224135 -0.336081 -0.0431325 -0.0944758 -0.994592 0.999975 0.00586372 0.00391475 -0.00586563 0.999983 0.000477696 -0.00391188 -0.000500647 0.999992 -0.0286852 0.224135 -0.336081 -0.0431325 -0.0944758 -0.994592 0.999975 0.00586372 0.00391475 -0.00586563 0.999983 0.000477696 -0.00391188 -0.000500647 0.999992 23.4056 18.8604 1 1 2000 0 0 0 
20170507020403 -0.071612 -0.109045 -0.357693 -0.0437078 -0.0782851 -0.995972 0.999979 0.00624525 -0.00189536 -0.00624286 0.99998 0.00126172 0.0019032 -0.00124986 0.999997 -0.071612 -0.109045 -0.357693 -0.0437078 -0.0782851 -0.995972 0.999979 0.00624525 -0.00189536 -0.00624286 0.99998 0.00126172 0.0019032 -0.00124986 0.999997 25.1341 18.9105 1 1 2000 0 0 0 
20170507020403 -0.0680182 -0.470977 -0.335902 -0.0629138 -0.060027 -0.996212 0.999949 0.00587232 -0.00821289 -0.00586237 0.999982 0.00123531 0.00822 -0.0011871 0.999966 -0.0680182 -0.470977 -0.335902 -0.0629138 -0.060027 -0.996212 0.999949 0.00587232 -0.00821289 -0.00586237 0.999982 0.00123531 0.00822 -0.0011871 0.999966 27.0572 19.241 1 1 2000 0 0 0 
20170507020403 -0.188118 -0.744572 -0.335987 -0.0971593 -0.0673986 -0.992984 0.999898 0.00590668 -0.0129753 -0.00586355 0.999977 0.00335943 0.0129949 -0.003283 0.99991 -0.188118 -0.744572 -0.335987 -0.0971593 -0.0673986 -0.992984 0.999898 0.00590668 -0.0129753 -0.00586355 0.999977 0.00335943 0.0129949 -0.003283 0.99991 28.8101 20.0183 1 1 2000 0 0 0 
20170507020403 -0.253808 -0.861072 -0.332145 0.161618 0.0709153 0.984302 0.99987 0.00586351 -0.0150019 -0.00579634 0.999973 0.00451681 0.015028 -0.00442927 0.999877 -0.253808 -0.861072 -0.332145 0.161618 0.0709153 0.984302 0.99987 0.00586351 -0.0150019 -0.00579634 0.999973 0.00451681 0.015028 -0.00442927 0.999877 30.817 20.3256 1 1 2000 0 0 0 
20170507020403 -0.261861 -0.907713 -0.371539 0.248776 0.0654647 0.966346 0.999853 0.00655687 -0.0158118 -0.00648372 0.999968 0.00467295 0.0158419 -0.00456974 0.999864 -0.261861 -0.907713 -0.371539 0.248776 0.0654647 0.966346 0.999853 0.00655687 -0.0158118 -0.00648372 0.999968 0.00467295 0.0158419 -0.00456974 0.999864 33.223 20.6069 1 1 2000 0 0 0 
20170507020404 0.413933 0.132067 -0.449216 -0.475528 0.0383094 -0.878866 0.999967 0.00785666 0.00224824 -0.00784019 0.999943 -0.00724229 -0.00230501 0.00722442 0.999971 0.413933 0.132067 -0.449216 -0.475528 0.0383094 -0.878866 0.999967 0.00785666 0.00224824 -0.00784019 0.999943 -0.00724229 -0.00230501 0.00722442 0.999971 36.5441 20.8997 1 1 2000 0 0 0 
20170507020404 0.337965 0.0143749 -0.444812 -0.538588 0.0402728 -0.841606 0.99997 0.0077647 0.000205084 -0.00776336 0.999952 -0.00590033 -0.000250889 0.00589856 0.999983 0.337965 0.0143749 -0.444812 -0.538588 0.0402728 -0.841606 0.99997 0.0077647 0.000205084 -0.00776336 0.999952 -0.00590033 -0.000250889 0.00589856 0.999983 39.8395 21.1249 1 1 2000 0 0 0 
20170507020404 0.142013 0.0512065 -0.468308 -0.594961 0.0443798 -0.802528 0.999966 0.00817561 0.00087343 -0.00817342 0.999964 -0.00248581 -0.000893721 0.00247858 0.999997 0.142013 0.0512065 -0.468308 -0.594961 0.0443798 -0.802528 0.999966 0.00817561 0.00087343 -0.00817342 0.999964 -0.00248581 -0.000893721 0.00247858 0.999997 44.1086 21.5839 1 1 2000 0 0 0 
20170507020404 0.302687 0.708844 -0.350808 -0.663162 0.0813537 -0.744042 0.999905 0.00618799 0.0123386 -0.00612225 0.999967 -0.00535851 -0.0123714 0.00528246 0.99991 0.302687 0.708844 -0.350808 -0.663162 0.0813537 -0.744042 0.999905 0.00618799 0.0123386 -0.00612225 0.999967 -0.00535851 -0.0123714 0.00528246 0.99991 47.5087 22.4599 1 1 2000 0 0 0 
20170507020404 0.0773189 0.670783 -0.562243 -0.677355 0.0460175 -0.734216 0.999883 0.00982862 0.0116933 -0.00981216 0.999951 -0.00146428 -0.0117071 0.00134938 0.999931 0.0773189 0.670783 -0.562243 -0.677355 0.0460175 -0.734216 0.999883 0.00982862 0.0116933 -0.00981216 0.999951 -0.00146428 -0.0117071 0.00134938 0.999931 49.7 23.0472 1 1 2000 0 0 0 
20170507020405 -0.520997 -1.19318 -0.182658 0.476969 0.0215049 0.878657 0.999778 0.00337719 -0.0207934 -0.00318728 0.999953 0.00915933 0.0208234 -0.00909102 0.999742 -0.520997 -1.19318 -0.182658 0.476969 0.0215049 0.878657 0.999778 0.00337719 -0.0207934 -0.00318728 0.999953 0.00915933 0.0208234 -0.00909102 0.999742 49.9899 23.0062 1 1 2000 0 0 0 
20170507020405 -0.726672 -0.761407 -0.148106 0.477021 0.043388 0.87782 0.999908 0.00275326 -0.0132548 -0.00258471 0.999916 0.0127168 0.0132887 -0.0126814 0.999831 -0.726672 -0.761407 -0.148106 0.477021 0.043388 0.87782 0.999908 0.00275326 -0.0132548 -0.00258471 0.999916 0.0127168 0.0132887 -0.0126814 0.999831 48.9959 22.7554 1 1 2000 0 0 0 
20170507020405 -0.823804 -0.978063 -0.143731 0.411023 0.0802574 0.908085 0.999851 0.00275373 -0.0170317 -0.00250821 0.999893 0.0144204 0.0170696 -0.0143755 0.999751 -0.823804 -0.978063 -0.143731 0.411023 0.0802574 0.908085 0.999851 0.00275373 -0.0170317 -0.00250821 0.999893 0.0144204 0.0170696 -0.0143755 0.999751 47.9984 22.722 1 1 2000 0 0 0 
20170507020405 -0.621381 -0.26129 -0.320345 -0.420481 -0.0517973 -0.905821 0.999974 0.00564018 -0.00449938 -0.005591 0.999925 0.0108703 0.00456036 -0.0108448 0.999931 -0.621381 -0.26129 -0.320345 -0.420481 -0.0517973 -0.905821 0.999974 0.00564018 -0.00449938 -0.005591 0.999925 0.0108703 0.00456036 -0.0108448 0.999931 47.7104 22.4939 1 1 2000 0 0 0 
20170507020405 -0.339854 0.592698 -0.434812 -0.439396 -0.0206707 -0.898056 0.999918 0.00752734 0.0103889 -0.00758842 0.999954 0.00585286 -0.0103443 -0.00593122 0.999929 -0.339854 0.592698 -0.434812 -0.439396 -0.0206707 -0.898056 0.999918 0.00752734 0.0103889 -0.00758842 0.999954 0.00585286 -0.0103443 -0.00593122 0.999929 47.4021 22.3587 1 1 2000 0 0 0 
20170507020406 -1.83974 -0.501971 -0.324976 0.321622 0.14331 0.93596 0.999946 0.0059502 -0.00857418 -0.00567165 0.999467 0.0321531 0.00876093 -0.0321027 0.999446 -1.83974 -0.501971 -0.324976 0.321622 0.14331 0.93596 0.999946 0.0059502 -0.00857418 -0.00567165 0.999467 0.0321531 0.00876093 -0.0321027 0.999446 48.043 22.7417 1 1 2000 0 0 0 
20170507020406 -0.841127 -2.15459 -0.191283 0.0902872 0.0648817 0.9938 0.999287 0.00389006 -0.0375426 -0.00333616 0.999885 0.0148053 0.0375959 -0.0146695 0.999185 -0.841127 -2.15459 -0.191283 0.0902872 0.0648817 0.9938 0.999287 0.00389006 -0.0375426 -0.00333616 0.999885 0.0148053 0.0375959 -0.0146695 0.999185 47.4691 22.6529 1 1 2000 0 0 0 
20170507020406 -0.111844 -1.30229 -0.444708 -0.123872 -0.00147617 -0.992297 0.999712 0.00780589 -0.0227114 -0.00775954 0.999968 0.00212839 0.0227273 -0.00195155 0.99974 -0.111844 -1.30229 -0.444708 -0.123872 -0.00147617 -0.992297 0.999712 0.00780589 -0.0227114 -0.00775954 0.999968 0.00212839 0.0227273 -0.00195155 0.99974 46.8723 22.8803 1 1 2000 0 0 0 
20170507020406 0.29332 -1.10943 -0.663919 -0.100907 0.0540418 -0.993427 0.999745 0.011488 -0.0194198 -0.0115851 0.999921 -0.00489469 0.0193621 0.00511842 0.999799 0.29332 -1.10943 -0.663919 -0.100907 0.0540418 -0.993427 0.999745 0.011488 -0.0194198 -0.0115851 0.999921 -0.00489469 0.0193621 0.00511842 0.999799 48.4632 24.0116 1 1 2000 0 0 0 
20170507020407 -0.871268 -0.957327 -0.383998 -0.0395619 -0.0111056 -0.999155 0.999838 0.00695525 -0.0166035 -0.00670104 0.99986 0.0153175 0.0167077 -0.0152038 0.999745 -0.871268 -0.957327 -0.383998 -0.0395619 -0.0111056 -0.999155 0.999838 0.00695525 -0.0166035 -0.00670104 0.99986 0.0153175 0.0167077 -0.0152038 0.999745 50.095 23.4179 1 1 2000 0 0 0 
20170507020407 -0.510438 -0.114903 -0.310356 -0.0938448 0.00735219 -0.99556 0.999983 0.00543436 -0.00195706 -0.0054167 0.999946 0.00891943 0.00200543 -0.00890868 0.999958 -0.510438 -0.114903 -0.310356 -0.0938448 0.00735219 -0.99556 0.999983 0.00543436 -0.00195706 -0.0054167 0.999946 0.00891943 0.00200543 -0.00890868 0.999958 50.4614 23.2387 1 1 2000 0 0 0 
20170507020407 -0.687924 -0.503878 -0.328048 -0.0356107 -0.0099108 -0.999317 0.999945 0.00583067 -0.00872469 -0.00572527 0.999911 0.0120564 0.00879421 -0.0120058 0.999889 -0.687924 -0.503878 -0.328048 -0.0356107 -0.0099108 -0.999317 0.999945 0.00583067 -0.00872469 -0.00572527 0.999911 0.0120564 0.00879421 -0.0120058 0.999889 50.5558 23.3983 1 1 2000 0 0 0 
20170507020407 -0.700833 -1.21986 -0.389611 -0.00949961 -0.00264449 -0.999951 0.99975 0.00705982 -0.0212038 -0.0067984 0.9999 0.012376 0.021289 -0.0122288 0.999699 -0.700833 -1.21986 -0.389611 -0.00949961 -0.00264449 -0.999951 0.99975 0.00705982 -0.0212038 -0.0067984 0.9999 0.012376 0.021289 -0.0122288 0.999699 51.5282 24.1497 1 1 2000 0 0 0 
20170507020408 -0.804364 -2.19751 -0.432767 0.0197432 0.00561921 -0.999789 0.999236 0.00809066 -0.0382335 -0.00754757 0.999869 0.0143275 0.0383444 -0.014028 0.999166 -0.804364 -2.19751 -0.432767 0.0197432 0.00561921 -0.999789 0.999236 0.00809066 -0.0382335 -0.00754757 0.999869 0.0143275 0.0383444 -0.014028 0.999166 52.9081 24.7612 1 1 2000 0 0 0 
20170507020408 -0.723563 -1.42748 -0.426376 -0.0969065 0.032708 -0.994756 0.999662 0.00775558 -0.024815 -0.00743928 0.99989 0.0128132 0.0249116 -0.0126243 0.99961 -0.723563 -1.42748 -0.426376 -0.0969065 0.032708 -0.994756 0.999662 0.00775558 -0.024815 -0.00743928 0.99989 0.0128132 0.0249116 -0.0126243 0.99961 54.1673 25.6449 1 1 2000 0 0 0 
20170507020408 -1.16805 -3.15815 -0.247676 0.000141232 4.16222e-05 1 0.998472 0.00544489 -0.0549922 -0.00431618 0.999778 0.0206229 0.0550923 -0.020354 0.998274 -1.16805 -3.15815 -0.247676 0.000141232 4.16222e-05 1 0.998472 0.00544489 -0.0549922 -0.00431618 0.999778 0.0206229 0.0550923 -0.020354 0.998274 56.2601 26.2844 1 1 2000 0 0 0 
20170507020408 -0.376146 -1.76198 -0.0488071 -0.13816 0.094487 -0.985892 0.999527 0.00105368 -0.0307413 -0.000851442 0.999978 0.00659112 0.0307476 -0.00656183 0.999506 -0.376146 -1.76198 -0.0488071 -0.13816 0.094487 -0.985892 0.999527 0.00105368 -0.0307413 -0.000851442 0.999978 0.00659112 0.0307476 -0.00656183 0.999506 58.4337 27.1185 1 1 2000 0 0 0 
20170507020409 -1.10233 -2.81163 -0.285772 0.0996976 -0.0379956 0.994292 0.998784 0.00593038 -0.0489468 -0.00498164 0.999798 0.0194824 0.0490525 -0.0192149 0.998611 -1.10233 -2.81163 -0.285772 0.0996976 -0.0379956 0.994292 0.998784 0.00593038 -0.0489468 -0.00498164 0.999798 0.0194824 0.0490525 -0.0192149 0.998611 59.5863 26.8192 1 1 2000 0 0 0 
20170507020409 -1.31051 -2.95058 -0.284913 0.0924744 -0.0354256 0.995085 0.998662 0.00614858 -0.0513467 -0.00496605 0.99972 0.0231263 0.0514745 -0.0228403 0.998413 -1.31051 -2.95058 -0.284913 0.0924744 -0.0354256 0.995085 0.998662 0.00614858 -0.0513467 -0.00496605 0.99972 0.0231263 0.0514745 -0.0228403 0.998413 61.2445 26.5384 1 1 2000 0 0 0 
20170507020410 -0.0621386 -1.6279 -0.738533 -0.194772 0.13741 -0.971176 0.999513 0.0129203 -0.028392 -0.0128843 0.999916 0.0014506 0.0284084 -0.00108408 0.999596 -0.0621386 -1.6279 -0.738533 -0.194772 0.13741 -0.971176 0.999513 0.0129203 -0.028392 -0.0128843 0.999916 0.0014506 0.0284084 -0.00108408 0.999596 62.2706 26.6336 1 1 2000 0 0 0 
20170507020410 -0.396315 -0.347105 -0.72195 -0.249769 0.115557 -0.961386 0.999902 0.0126417 -0.00597031 -0.0125998 0.999896 0.00699272 0.00605809 -0.00691681 0.999958 -0.396315 -0.347105 -0.72195 -0.249769 0.115557 -0.961386 0.999902 0.0126417 -0.00597031 -0.0125998 0.999896 0.00699272 0.00605809 -0.00691681 0.999958 62.2664 26.8943 1 1 2000 0 0 0 
20170507020410 -0.610083 1.2859 -0.26266 -0.332135 0.0941569 -0.938521 0.999738 0.00434506 0.0224886 -0.00458311 0.999934 0.0105448 -0.0224413 -0.0106451 0.999691 -0.610083 1.2859 -0.26266 -0.332135 0.0941569 -0.938521 0.999738 0.00434506 0.0224886 -0.00458311 0.999934 0.0105448 -0.0224413 -0.0106451 0.999691 64.2282 28.0151 1 1 2000 0 0 0 
20170507020411 -2.07303 -0.0161048 -0.663904 0.246914 0.0452655 0.96798 0.999933 0.0115896 0.000138263 -0.0115871 0.999278 0.0361741 0.000281082 -0.0361733 0.999345 -2.07303 -0.0161048 -0.663904 0.246914 0.0452655 0.96798 0.999933 0.0115896 0.000138263 -0.0115871 0.999278 0.0361741 0.000281082 -0.0361733 0.999345 64.1647 28.0004 1 1 2000 0 0 0 
20170507020411 -1.76044 0.553909 -0.608127 -0.300001 -0.0328009 -0.953375 0.999897 0.0103116 0.00998834 -0.0106131 0.999475 0.0306163 -0.00966739 -0.0307191 0.999481 -1.76044 0.553909 -0.608127 -0.300001 -0.0328009 -0.953375 0.999897 0.0103116 0.00998834 -0.0106131 0.999475 0.0306163 -0.00966739 -0.0307191 0.999481 65.3804 28.9303 1 1 2000 0 0 0 
20170507020412 -0.124791 0.840705 -0.340969 -0.347086 0.0720987 -0.935058 0.999875 0.00591902 0.0146852 -0.00595035 0.99998 0.00209066 -0.0146725 -0.00217778 0.99989 -0.124791 0.840705 -0.340969 -0.347086 0.0720987 -0.935058 0.999875 0.00591902 0.0146852 -0.00595035 0.99998 0.00209066 -0.0146725 -0.00217778 0.99989 69.0877 30.6287 1 1 2000 0 0 0 
20170507020412 -0.978915 0.431552 -0.84804 -0.391381 -0.0060469 -0.920209 0.999862 0.0146697 0.00778287 -0.0148001 0.999746 0.0169711 -0.00753194 -0.017084 0.999826 -0.978915 0.431552 -0.84804 -0.391381 -0.0060469 -0.920209 0.999862 0.0146697 0.00778287 -0.0148001 0.999746 0.0169711 -0.00753194 -0.017084 0.999826 71.6619 32.9497 1 1 2000 0 0 0 
20170507020413 -0.978048 -0.070627 0.0222399 -0.373552 -0.0117488 -0.927535 0.999999 -0.000367062 -0.00123912 0.000388159 0.999854 0.0170689 0.00123267 -0.0170693 0.999854 -0.978048 -0.070627 0.0222399 -0.373552 -0.0117488 -0.927535 0.999999 -0.000367062 -0.00123912 0.000388159 0.999854 0.0170689 0.00123267 -0.0170693 0.999854 72.4144 33.1491 1 1 2000 0 0 0 
20170507020413 0.25512 2.57563 -0.782534 -0.561276 0.0965031 -0.821983 0.998897 0.0138573 0.0448727 -0.0136436 0.999894 -0.00506599 -0.0449381 0.00444818 0.99898 0.25512 2.57563 -0.782534 -0.561276 0.0965031 -0.821983 0.998897 0.0138573 0.0448727 -0.0136436 0.999894 -0.00506599 -0.0449381 0.00444818 0.99898 70.5685 26.6697 1 1 2000 0 0 0 
20170507020414 -0.0794299 4.67466 -1.22661 -0.699484 0.112619 -0.705719 0.996445 0.0212938 0.0815086 -0.0213355 0.999772 -0.000358604 -0.0814977 -0.0013817 0.996673 -0.0794299 4.67466 -1.22661 -0.699484 0.112619 -0.705719 0.996445 0.0212938 0.0815086 -0.0213355 0.999772 -0.000358604 -0.0814977 -0.0013817 0.996673 71.2603 25.8849 1 1 2000 0 0 0 
20170507020414 -1.86614 2.60307 0.143119 -0.664392 0.0398513 -0.746321 0.998965 -0.00397553 0.0453109 0.00249532 0.999463 0.0326779 -0.0454164 -0.032531 0.998438 -1.86614 2.60307 0.143119 -0.664392 0.0398513 -0.746321 0.998965 -0.00397553 0.0453109 0.00249532 0.999463 0.0326779 -0.0454164 -0.032531 0.998438 72.7089 26.6283 1 1 2000 0 0 0 
20170507020415 1.70476 3.46526 -0.381842 -0.717002 0.257378 -0.647816 0.998149 0.00845949 0.0602169 -0.00665216 0.999523 -0.0301512 -0.0604432 0.0296948 0.99773 1.70476 3.46526 -0.381842 -0.717002 0.257378 -0.647816 0.998149 0.00845949 0.0602169 -0.00665216 0.999523 -0.0301512 -0.0604432 0.0296948 0.99773 76.6068 29.2207 1 1 2000 0 0 0 
20170507020416 1.70476 3.46526 -0.381842 -0.0152665 0.0947625 0.995383 0.981732 0.00222579 -0.190255 0.0121612 0.997153 0.0744186 0.189879 -0.0753729 0.97891 -4.4029 -10.9457 0.709716 -0.0152665 0.0947625 0.995383 0.981732 0.00222579 -0.190255 0.0121612 0.997153 0.0744186 0.189879 -0.0753729 0.97891 76.6068 29.2207 1 1 2000 0 1 1 
20170507020417 -3.81835 -4.13065 -0.161818 0.277582 0.0877236 0.956688 0.997398 0.00761476 -0.0716828 -0.00281691 0.997763 0.0667962 0.0720311 -0.0664205 0.995188 -3.81835 -4.13065 -0.161818 0.277582 0.0877236 0.956688 0.997398 0.00761476 -0.0716828 -0.00281691 0.997763 0.0667962 0.0720311 -0.0664205 0.995188 71.5371 33.0632 1 1 2000 0 0 0 
20170507020417 -2.61796 -2.15744 1.43003 0.258776 0.0914152 0.961602 0.99898 -0.0232111 -0.0387345 0.0249385 0.998688 0.0447234 0.0376456 -0.0456437 0.998248 -2.61796 -2.15744 1.43003 0.258776 0.0914152 0.961602 0.99898 -0.0232111 -0.0387345 0.0249385 0.998688 0.0447234 0.0376456 -0.0456437 0.998248 70.391 33.5493 1 1 2000 0 0 0 
20170507020418 -1.80625 3.65923 0.735356 -0.501579 0.0567978 -0.863245 0.997879 -0.0148392 0.0633808 0.0128079 0.999395 0.0323359 -0.0638223 -0.0314556 0.997465 -1.80625 3.65923 0.735356 -0.501579 0.0567978 -0.863245 0.997879 -0.0148392 0.0633808 0.0128079 0.999395 0.0323359 -0.0638223 -0.0314556 0.997465 73.1204 45.9976 1 1 2000 0 0 0 
20170507020419 -0.62154 6.75914 3.08533 0 0 0 0.99161 -0.0550948 0.116934 0.053449 0.998423 0.0171664 -0.117696 -0.0107723 0.992991 -0.62154 6.75914 3.08533 0 0 0 0.99161 -0.0550948 0.116934 0.053449 0.998423 0.0171664 -0.117696 -0.0107723 0.992991 73.1204 45.9976 1 0 2000 0 0 0 
20170507020419 -1.78952 5.88864 5.32484 0 0 0 0.990431 -0.0959471 0.0992047 0.0923126 0.994902 0.0406096 -0.102595 -0.0310631 0.994238 -1.78952 5.88864 5.32484 0 0 0 0.990431 -0.0959471 0.0992047 0.0923126 0.994902 0.0406096 -0.102595 -0.0310631 0.994238 73.1204 45.9976 1 0 2000 0 0 0 
20170507020420 -1.36515 5.29047 5.07858 0 0 0 0.991831 -0.0906849 0.0897079 0.0881448 0.995597 0.0318904 -0.0922049 -0.0237226 0.995457 -1.36515 5.29047 5.07858 0 0 0 0.991831 -0.0906849 0.0897079 0.0881448 0.995597 0.0318904 -0.0922049 -0.0237226 0.995457 73.1204 45.9976 1 0 2000 0 0 0 
20170507020421 0.243805 4.45319 3.95729 -0.531425 0.0762562 -0.843666 0.994604 -0.0686825 0.0777524 0.0688044 0.99763 0.00111338 -0.0776446 0.00424234 0.996972 0.243805 4.45319 3.95729 -0.531425 0.0762562 -0.843666 0.994604 -0.0686825 0.0777524 0.0688044 0.99763 0.00111338 -0.0776446 0.00424234 0.996972 61.8469 51.1587 1 1 2000 0 0 0 
20170507020421 -0.378817 -1.55442 3.88651 -0.328488 -0.0243422 -0.944195 0.997333 -0.0676 -0.0275115 0.0677555 0.997691 0.00475776 0.0271264 -0.00660913 0.99961 -0.378817 -1.55442 3.88651 -0.328488 -0.0243422 -0.944195 0.997333 -0.0676 -0.0275115 0.0677555 0.997691 0.00475776 0.0271264 -0.00660913 0.99961 57.5021 38.3912 1 1 2000 0 0 0 
20170507020422 -0.278265 -2.93095 4.46411 -0.297483 -0.041002 -0.953846 0.995662 -0.0775861 -0.0513547 0.0777327 0.996974 0.000862064 0.0511324 -0.00485026 0.99868 -0.278265 -2.93095 4.46411 -0.297483 -0.041002 -0.953846 0.995662 -0.0775861 -0.0513547 0.0777327 0.996974 0.000862064 0.0511324 -0.00485026 0.99868 56.9232 32.8221 1 1 2000 0 0 0 
20170507020423 -0.763149 -5.83519 0.888144 0 0 0 0.994699 -0.0141451 -0.101852 0.0154201 0.999812 0.0117417 0.101667 -0.0132501 0.99473 -0.763149 -5.83519 0.888144 0 0 0 0.994699 -0.0141451 -0.101852 0.0154201 0.999812 0.0117417 0.101667 -0.0132501 0.99473 56.9232 32.8221 1 0 2000 0 0 0 
20170507020423 -1.24906 -1.12058 4.79513 -0.3858 -0.0413994 -0.921653 0.996309 -0.0831484 -0.0213056 0.0835771 0.996299 0.0200878 0.0195565 -0.0217943 0.999571 -1.24906 -1.12058 4.79513 -0.3858 -0.0413994 -0.921653 0.996309 -0.0831484 -0.0213056 0.0835771 0.996299 0.0200878 0.0195565 -0.0217943 0.999571 56.4551 35.9092 1 1 2000 0 0 0 
20170507020424 -0.218951 6.06277 5.20984 0 0 0 0.990299 -0.0912049 0.104834 0.0902958 0.995825 0.013396 -0.105618 -0.00380003 0.9944 -0.218951 6.06277 5.20984 0 0 0 0.990299 -0.0912049 0.104834 0.0902958 0.995825 0.013396 -0.105618 -0.00380003 0.9944 56.4551 35.9092 1 0 2000 0 0 0 
20170507020425 -1.84642 0.898684 1.78362 -0.191546 -0.136788 -0.971905 0.999393 -0.0316139 0.0146658 0.0311211 0.998981 0.0326928 -0.0156844 -0.0322165 0.999358 -1.84642 0.898684 1.78362 -0.191546 -0.136788 -0.971905 0.999393 -0.0316139 0.0146658 0.0311211 0.998981 0.0326928 -0.0156844 -0.0322165 0.999358 61.9379 38.416 1 1 2000 0 0 0 
20170507020426 -0.685821 1.74455 2.68067 -0.240989 -0.0860008 -0.96671 0.998443 -0.0471301 0.0298482 0.0467478 0.998817 0.0133802 -0.0304435 -0.011964 0.999465 -0.685821 1.74455 2.68067 -0.240989 -0.0860008 -0.96671 0.998443 -0.0471301 0.0298482 0.0467478 0.998817 0.0133802 -0.0304435 -0.011964 0.999465 57.0447 36.862 1 1 2000 0 0 0 
20170507020426 -3.13925 -3.64016 1.17933 0.310501 -0.0103503 0.950517 0.997771 -0.0170747 -0.0645085 0.0205403 0.998359 0.0534464 0.0634901 -0.0546523 0.996485 -3.13925 -3.64016 1.17933 0.310501 -0.0103503 0.950517 0.997771 -0.0170747 -0.0645085 0.0205403 0.998359 0.0534464 0.0634901 -0.0546523 0.996485 57.729 34.873 1 1 2000 0 0 0 
20170507020427 -3.22193 -8.57917 -3.38811 0 0 0 0.987082 0.0673754 -0.145358 -0.0584379 0.996179 0.0649077 0.149176 -0.0555748 0.987248 -3.22193 -8.57917 -3.38811 0 0 0 0.987082 0.0673754 -0.145358 -0.0584379 0.996179 0.0649077 0.149176 -0.0555748 0.987248 57.729 34.873 1 0 2000 0 0 0 
20170507020428 -2.85349 -10.906 -0.756502 0 0 0 0.981853 0.0226046 -0.18829 -0.0129646 0.998549 0.0522727 0.189199 -0.048883 0.980721 -2.85349 -10.906 -0.756502 0 0 0 0.981853 0.0226046 -0.18829 -0.0129646 0.998549 0.0522727 0.189199 -0.048883 0.980721 57.729 34.873 1 0 2000 0 0 0 
20170507020428 -3.7078 -12.8315 -0.469129 0 0 0 0.974995 0.022532 -0.221083 -0.00798328 0.997756 0.0664805 0.222085 -0.0630532 0.972986 -3.7078 -12.8315 -0.469129 0 0 0 0.974995 0.022532 -0.221083 -0.00798328 0.997756 0.0664805 0.222085 -0.0630532 0.972986 57.729 34.873 1 0 2000 0 0 0 
20170507020429 -2.09371 -15.3312 0.0745465 0 0 0 0.964413 0.00835934 -0.26427 0.00125478 0.999344 0.0361902 0.264399 -0.0352339 0.96377 -2.09371 -15.3312 0.0745465 0 0 0 0.964413 0.00835934 -0.26427 0.00125478 0.999344 0.0361902 0.264399 -0.0352339 0.96377 57.729 34.873 1 0 2000 0 0 0 
20170507020429 -1.30973 -12.389 -1.01276 0 0 0 0.976561 0.0225737 -0.214054 -0.0172635 0.999496 0.0266448 0.214547 -0.0223249 0.976458 -1.30973 -12.389 -1.01276 0 0 0 0.976561 0.0225737 -0.214054 -0.0172635 0.999496 0.0266448 0.214547 -0.0223249 0.976458 57.729 34.873 1 0 2000 0 0 0 
20170507020430 -0.262809 -10.2566 -0.976774 0 0 0 0.983877 0.0178635 -0.177952 -0.0167747 0.99983 0.00762154 0.178058 -0.00451357 0.98401 -0.262809 -10.2566 -0.976774 0 0 0 0.983877 0.0178635 -0.177952 -0.0167747 0.99983 0.00762154 0.178058 -0.00451357 0.98401 57.729 34.873 1 0 2000 0 0 0 
20170507020430 -1.37243 -8.06805 -1.0036 0 0 0 0.98995 0.0208713 -0.139868 -0.0173419 0.999501 0.0264049 0.140349 -0.023714 0.989818 -1.37243 -8.06805 -1.0036 0 0 0 0.98995 0.0208713 -0.139868 -0.0173419 0.999501 0.0264049 0.140349 -0.023714 0.989818 57.729 34.873 1 0 2000 0 0 0 
20170507020430 -1.30635 -6.77553 -0.996191 0 0 0 0.992866 0.0200707 -0.117535 -0.0172645 0.999542 0.0248453 0.11798 -0.0226389 0.992758 -1.30635 -6.77553 -0.996191 0 0 0 0.992866 0.0200707 -0.117535 -0.0172645 0.999542 0.0248453 0.11798 -0.0226389 0.992758 57.729 34.873 1 0 2000 0 0 0 
20170507020430 -1.2595 -5.35697 -0.97874 0 0 0 0.995487 0.0191291 -0.092949 -0.0170068 0.999577 0.0235718 0.0933607 -0.0218847 0.995392 -1.2595 -5.35697 -0.97874 0 0 0 0.995487 0.0191291 -0.092949 -0.0170068 0.999577 0.0235718 0.0933607 -0.0218847 0.995392 57.729 34.873 1 0 2000 0 0 0 
20170507020430 -0.785799 -4.77184 -1.11984 -0.174977 -0.177289 0.968479 0.996344 0.0206824 -0.0828963 -0.0194759 0.999693 0.0153374 0.0831881 -0.0136668 0.99644 -0.785799 -4.77184 -1.11984 -0.174977 -0.177289 0.968479 0.996344 0.0206824 -0.0828963 -0.0194759 0.999693 0.0153374 0.0831881 -0.0136668 0.99644 40.9767 20.1407 1 1 2000 0 0 0 
20170507020431 -2.00147 -2.97159 -0.938958 -0.137231 -0.0211071 0.990314 0.998521 0.0181875 -0.0512298 -0.0163651 0.999226 0.0357695 0.0518408 -0.0348782 0.998046 -2.00147 -2.97159 -0.938958 -0.137231 -0.0211071 0.990314 0.998521 0.0181875 -0.0512298 -0.0163651 0.999226 0.0357695 0.0518408 -0.0348782 0.998046 33.7887 16.429 1 1 2000 0 0 0 
20170507020431 -0.635706 -2.90835 -1.08775 0.320481 0.292504 -0.900962 0.998532 0.0195453 -0.0505156 -0.0189592 0.999748 0.0120561 0.0507385 -0.0110806 0.99865 -0.635706 -2.90835 -1.08775 0.320481 0.292504 -0.900962 0.998532 0.0195453 -0.0505156 -0.0189592 0.999748 0.0120561 0.0507385 -0.0110806 0.99865 29.8647 14.4219 1 1 2000 0 0 0 
20170507020431 -1.88288 -1.09921 -0.99761 0.309392 0.129422 -0.942086 0.999664 0.0180315 -0.0185983 -0.0174075 0.999298 0.0331854 0.0191836 -0.0328505 0.999276 -1.88288 -1.09921 -0.99761 0.309392 0.129422 -0.942086 0.999664 0.0180315 -0.0185983 -0.0174075 0.999298 0.0331854 0.0191836 -0.0328505 0.999276 27.6 12.8547 1 1 2000 0 0 0 
20170507020431 -1.04354 -1.99944 -1.25944 0.613183 0.377707 -0.69379 0.99915 0.0226113 -0.0344752 -0.0219663 0.999579 0.0189746 0.0348898 -0.0182012 0.999225 -1.04354 -1.99944 -1.25944 0.613183 0.377707 -0.69379 0.99915 0.0226113 -0.0344752 -0.0219663 0.999579 0.0189746 0.0348898 -0.0182012 0.999225 28.99 11.9761 1 1 2000 0 0 0 
20170507020431 -0.542826 -1.73143 -1.75393 0.704457 0.515617 -0.487729 0.999075 0.0308919 -0.0299092 -0.0305931 0.999478 0.0103943 0.0302146 -0.00946964 0.999499 -0.542826 -1.73143 -1.75393 0.704457 0.515617 -0.487729 0.999075 0.0308919 -0.0299092 -0.0305931 0.999478 0.0103943 0.0302146 -0.00946964 0.999499 29.1353 11.6571 1 1 2000 0 0 0 
20170507020432 -1.25529 -1.72714 -1.05672 0.853652 0.30548 -0.421854 0.999376 0.0190979 -0.0297233 -0.0184338 0.999578 0.0224591 0.0301397 -0.0218972 0.999306 -1.25529 -1.72714 -1.05672 0.853652 0.30548 -0.421854 0.999376 0.0190979 -0.0297233 -0.0184338 0.999578 0.0224591 0.0301397 -0.0218972 0.999306 27.9455 11.4189 1 1 2000 0 0 0 
20170507020432 -1.07435 -2.20822 -1.03347 0.92135 0.332462 -0.201451 0.999095 0.0187556 -0.0381799 -0.0180231 0.999649 0.0194417 0.0385311 -0.018736 0.999082 -1.07435 -2.20822 -1.03347 0.92135 0.332462 -0.201451 0.999095 0.0187556 -0.0381799 -0.0180231 0.999649 0.0194417 0.0385311 -0.018736 0.999082 24.9745 10.6527 1 1 2000 0 0 0 
20170507020432 -0.991036 -2.40349 -1.1026 0.924719 0.379478 -0.0298481 0.998935 0.0199651 -0.0415896 -0.0192259 0.999651 0.0180996 0.0419365 -0.0172808 0.998971 -0.991036 -2.40349 -1.1026 0.924719 0.379478 -0.0298481 0.998935 0.0199651 -0.0415896 -0.0192259 0.999651 0.0180996 0.0419365 -0.0172808 0.998971 22.9391 10.6227 1 1 2000 0 0 0 
20170507020432 -0.992221 -2.67842 -1.14114 0.911971 0.405612 0.0615498 0.998709 0.0207214 -0.046369 -0.0198935 0.999636 0.0182437 0.0467301 -0.0172977 0.998758 -0.992221 -2.67842 -1.14114 0.911971 0.405612 0.0615498 0.998709 0.0207214 -0.046369 -0.0198935 0.999636 0.0182437 0.0467301 -0.0172977 0.998758 21.7328 10.4595 1 1 2000 0 0 0 
20170507020432 -0.863806 -2.825 -1.05083 0.890041 0.447772 0.0856022 0.998617 0.0190802 -0.0489953 -0.0183171 0.999705 0.0159769 0.0492856 -0.0150574 0.998671 -0.863806 -2.825 -1.05083 0.890041 0.447772 0.0856022 0.998617 0.0190802 -0.0489953 -0.0183171 0.999705 0.0159769 0.0492856 -0.0150574 0.998671 20.3386 9.48395 1 1 2000 0 0 0 
20170507020433 -0.775108 -2.89972 -0.983878 0 0 0 0.998572 0.0178537 -0.0503437 -0.0171491 0.999749 0.0143943 0.050588 -0.0135104 0.998628 -0.775108 -2.89972 -0.983878 0 0 0 0.998572 0.0178537 -0.0503437 -0.0171491 0.999749 0.0143943 0.050588 -0.0135104 0.998628 18.3762 8.44671 0 1 2000 0 0 0 
