20170507173632 0.00818469 -1.56679 -0.125801 0 0 0 0.999624 0.00219173 -0.0273425 -0.00219482 0.999998 -8.28156e-05 0.0273423 0.000142796 0.999626 0.00818469 -1.56679 -0.125801 0.0588534 -0.327036 -0.943177 0.999624 0.00219173 -0.0273425 -0.00219482 0.999998 -8.28156e-05 0.0273423 0.000142796 0.999626 11.0219 0.422869 0 1 2009 0 0 0 0.0377937 -0.0273457 7.29181 1.3 2.8 -1.83785 7.02608 -0.653411 0 0.0377937 0 7.29181 1.3 2.8 -1.83785 7.02608 -0.653411 106 
20170507173632 0.16303 -1.78734 -0.0502771 0 0 0 0.999513 0.000788748 -0.0311924 -0.000877073 0.999996 -0.00281804 0.03119 0.00284402 0.999509 0.16303 -1.78734 -0.0502771 -0.035158 -0.110228 0.993284 0.999513 0.000788748 -0.0311924 -0.000877073 0.999996 -0.00281804 0.03119 0.00284402 0.999509 12.1526 0.508902 0 1 2006 0 0 0 0.0377937 -0.0311951 7.29181 1.3 2.8 -1.83785 7.02608 -0.653411 0 0.0377937 0 7.29181 1.3 2.8 -1.83785 7.02608 -0.653411 106.1 
20170507173632 0.145498 -1.71879 -0.0124211 0 0 0 0.99955 0.000140621 -0.0299945 -0.000216692 0.999997 -0.00253292 0.0299941 0.00253828 0.999547 0.145498 -1.71879 -0.0124211 -0.654744 -0.167096 -0.73715 0.99955 0.000140621 -0.0299945 -0.000216692 0.999997 -0.00253292 0.0299941 0.00253828 0.999547 12.0513 0.569688 0 1 2005 0 0 0 0.0377937 -0.0299986 7.29181 1.3 2.81 -1.84429 7.02608 -0.635 0 0.0377937 0 7.29181 1.3 2.81 -1.84429 7.02608 -0.635 106.1 
20170507173632 0.180102 -1.85075 0.126045 0 0 0 0.999476 -0.00230141 -0.0322889 0.00219876 0.999992 -0.00321441 0.032296 0.00314173 0.999473 0.180102 -1.85075 0.126045 0.164457 -0.261807 -0.951005 0.999476 -0.00230141 -0.0322889 0.00219876 0.999992 -0.00321441 0.032296 0.00314173 0.999473 11.9406 0.562561 0 1 2004 0 0 0 0.0659625 -0.0323016 7.29181 1.31 2.82 -1.7838 7.04524 -0.594288 0 0.0659625 0 7.29181 1.31 2.82 -1.7838 7.04524 -0.594288 106.3 
20170507173632 -0.0115032 -1.36559 -0.0570656 0 0 0 0.999715 0.00100077 -0.0238316 -0.000995699 0.999999 0.000224504 0.0238318 -0.000200711 0.999716 -0.0115032 -1.36559 -0.0570656 -0.926976 -0.33826 -0.162158 0.999715 0.00100077 -0.0238316 -0.000995699 0.999999 0.000224504 0.0238318 -0.000200711 0.999716 11.5819 0.542295 0 1 2004 0 0 0 0.0659625 -0.023834 7.29181 1.29 2.81 -1.91063 7.00623 -0.657842 0 0.0659625 0 7.29181 1.29 2.81 -1.91063 7.00623 -0.657842 106.1 
20170507173633 0.149836 -1.57308 -0.195743 0 0 0 0.999617 0.00334456 -0.0274607 -0.00341507 0.999991 -0.00252132 0.027452 0.00261414 0.99962 0.149836 -1.57308 -0.195743 0.71339 -0.0311647 -0.700074 0.999617 0.00334456 -0.0274607 -0.00341507 0.999991 -0.00252132 0.027452 0.00261414 0.99962 10.8566 0.509486 0 1 2004 0 0 0 0.0659625 -0.0274555 7.29181 1.3 2.81 -1.84429 7.02608 -0.635 0 0.0659625 0 7.29181 1.3 2.81 -1.84429 7.02608 -0.635 106.2 
20170507173633 0.0114365 -1.31636 -0.0813377 0 0 0 0.999735 0.00141502 -0.0229731 -0.00141923 0.999999 -0.000166992 0.0229728 0.000199552 0.999736 0.0114365 -1.31636 -0.0813377 -0.882358 -0.423415 -0.205338 0.999735 0.00141502 -0.0229731 -0.00141923 0.999999 -0.000166992 0.0229728 0.000199552 0.999736 10.4672 0.447992 0 1 2004 0 0 0 0.0659625 -0.0229748 7.29181 1.3 2.8 -1.83785 7.02608 -0.653411 0 0.0659625 0 7.29181 1.3 2.8 -1.83785 7.02608 -0.653411 106.2 
20170507173633 0.0321815 -1.38689 -0.0813024 0 0 0 0.999706 0.0014054 -0.0242042 -0.00141858 0.999999 -0.000527329 0.0242034 0.000561509 0.999707 0.0321815 -1.38689 -0.0813024 -0.898574 -0.415845 -0.140134 0.999706 0.0014054 -0.0242042 -0.00141858 0.999999 -0.000527329 0.0242034 0.000561509 0.999707 10.8758 0.429696 0 1 2004 0 0 0 0.0377937 -0.0242057 7.29181 1.31 2.79 -1.76517 7.04524 -0.647526 0 0.0377937 0 7.29181 1.31 2.79 -1.76517 7.04524 -0.647526 106.1 
20170507173633 0.161254 -1.60046 -0.101767 0 0 0 0.999608 0.00169755 -0.0279345 -0.00177547 0.999995 -0.0027648 0.0279296 0.00281332 0.999606 0.161254 -1.60046 -0.101767 0.680534 0.0716313 -0.729207 0.999608 0.00169755 -0.0279345 -0.00177547 0.999995 -0.0027648 0.0279296 0.00281332 0.999606 10.7971 0.422692 0 1 2004 0 0 0 0.0377937 -0.0279333 7.29181 1.3 2.8 -1.83785 7.02608 -0.653411 0 0.0377937 0 7.29181 1.3 2.8 -1.83785 7.0260