20170507182953 -0.0972253 0.254081 -0.132614 0 0 0 0.999987 0.00230703 0.00443845 -0.00231453 0.999996 0.00168663 -0.00443454 -0.00169688 0.999989 -0.0972253 0.254081 -0.132614 0.894651 -0.416093 0.162682 0.999987 0.00230703 0.00443845 -0.00231453 0.999996 0.00168663 -0.00443454 -0.00169688 0.999989 4.28973 1.01328 0 1 1958 1 0 0 -0.129374 0.00443455 12.2666 1.29 -0.75 2.48725 11.7862 2.31711 0 -0.129374 0 12.2666 1.29 -0.75 2.48725 11.7862 2.31711 113.3 
20170507182953 -0.0377828 0.218436 -0.0461268 0 0 0 0.999992 0.00080255 0.00381295 -0.000805059 0.999999 0.000656365 -0.00381242 -0.00065943 0.999993 -0.0377828 0.218436 -0.0461268 0.961503 -0.182713 0.205249 0.999992 0.00080255 0.00381295 -0.000805059 0.999999 0.000656365 -0.00381242 -0.00065943 0.999993 4.46423 1.04738 0 1 1958 0 0 0 -0.129374 0.00381243 12.2666 1.28 -0.75 2.57336 11.7516 2.39734 0 -0.129374 0 12.2666 1.28 -0.75 2.57336 11.7516 2.39734 113.4 
20170507182954 -0.0377828 0.218436 -0.0461268 0 0 0 0.809508 -0.110117 0.57669 -0.110263 -0.99329 -0.0348872 0.576663 -0.0353462 -0.816217 -177.52 -35.2161 -7.75653 0.951808 -0.058353 0.301091 0.809508 -0.110117 0.57669 -0.110263 -0.99329 -0.0348872 0.576663 -0.0353462 -0.816217 4.46423 1.04738 0 1 1958 0 1 1 -0.129374 0.00381243 12.2666 1.29 -0.76 2.46396 11.7862 2.34187 0 -0.129374 0 12.2666 1.29 -0.76 2.46396 11.7862 2.34187 113.4 
20170507182954 -0.0181373 0.504046 -0.291674 0 0 0 0.999948 0.00508786 0.00879864 -0.00509045 0.999987 0.000271769 -0.00879714 -0.000316544 0.999961 -0.0181373 0.504046 -0.291674 -0.83578 0.544216 0.072808 0.999948 0.00508786 0.00879864 -0.00509045 0.999987 0.000271769 -0.00879714 -0.000316544 0.999961 4.9001 1.17863 0 1 1958 0 0 0 -0.129374 0.00879726 12.2666 1.27 -0.76 2.63431 11.7158 2.50379 0 -0.129374 0 12.2666 1.27 -0.76 2.63431 11.7158 2.50379 113.3 
20170507182954 0.11546 0.622338 -0.100538 0 0 0 0.999939 0.00177661 0.0108581 -0.00175462 0.999996 -0.00203421 -0.0108616 0.00201504 0.999939 0.11546 0.622338 -0.100538 0.277231 0.15221 0.94867 0.999939 0.00177661 0.0108581 -0.00175462 0.999996 -0.00203421 -0.0108616 0.00201504 0.999939 4.92437 1.25928 0 1 1958 0 0 0 -0.129374 0.0108619 12.2666 1.28 -0.76 2.54926 11.7516 2.42295 0 -0.129374 0 12.2666 1.28 -0.76 2.54926 11.7516 2.42295 113.4 
20170507182954 0.11546 0.622338 -0.100538 0 0 0 0.68056 -0.162995 0.714333 -0.162476 -0.984241 -0.0697885 0.714451 -0.0685663 -0.696318 -174.376 -45.5982 -13.4273 0.916917 -0.0886906 0.389098 0.68056 -0.162995 0.714333 -0.162476 -0.984241 -0.0697885 0.714451 -0.0685663 -0.696318 4.92437 1.25928 0 1 1958 0 1 1 -0.129374 0.0108619 12.2666 1.29 -0.75 2.48725 11.7862 2.31711 0 -0.129374 0 12.2666 1.29 -0.75 2.48725 11.7862 2.31711 113.3 
20170507182954 0.0465179 0.415581 0.00234889 0 0 0 0.999974 -3.5107e-05 0.00725322 4.09947e-05 1 -0.000811592 -0.00725319 0.000811868 0.999973 0.0465179 0.415581 0.00234889 0.105356 0.196778 0.974771 0.999974 -3.5107e-05 0.00725322 4.09947e-05 1 -0.000811592 -0.00725319 0.000811868 0.999973 3.12073 1.33996 0 1 1958 0 0 0 -0.129374 0.00725325 12.2666 1.28 -0.74 2.59721 11.7516 2.37148 0 -0.129374 0 12.2666 1.28 -0.74 2.59721 11.7516 2.37148 113.5 
20170507182954 -0.116667 -0.474015 0.0310179 0 0 0 0.999966 -0.000524518 -0.00827411 0.000541346 0.999998 0.00203173 0.00827302 -0.00203614 0.999964 -0.116667 -0.474015 0.0310179 0.881874 -0.0508267 0.468738 0.999966 -0.000524518 -0.00827411 0.000541346 0.999998 0.00203173 0.00827302 -0.00203614 0.999964 2.01461 1.20015 0 1 1958 0 0 0 -0.129374 -0.00827312 12.2666 1.29 -0.73 2.53309 11.7862 2.26691 0 -0.129374 0 12.2666 1.29 -0.73 2.53309 11.7862 2.26691 113.3 
20170507182955 0.0331856 0.351782 -0.159937 0 0 0 0.999977 0.00279498 0.00613808 -0.00279137 0.999996 -0.000596334 -0.00613972 0.000579187 0.999981 0.0331856 0.351782 -0.159937 0.206687 -0.174382 -0.962742 0.999977 0.00279498 0.00613808 -0.00279137 0.999996 -0.000596334 -0.00613972 0.000579187 0.999981 1.80447 1.06711 0 1 1958 0 0 0 -0.129374 0.00613976 12.2666 1.29 -0.73 2.53309 11.7862 2.26691 0 -0.129374 0 12.2666 1.29 -0.73 2.53309 11.7862 2.26691 113.4 
20170507182955 0.151291 0.18261 -0.265044 0 0 0 0.999984 0.00463428 0.00317488 -0.00462586 0.999986 -0.00265524 -0.00318714 0.00264051 0.999991 0.151291 0.18261 -0.265044 -0.148466 0.356732 0.922334 0.999984 0.00463428 0.00317488 -0.00462586 0.999986 -0.00265524 -0.00318714 0.00264051 0.999991 1.63046 0.874793 0 1 1958 0 0 0 -0.129374 0.00318714 12.2666 1.28 -0.73 2.62079 11.7516 2.34539 0 -0.129374 0 12.2666 1.28 -0.73 2.62079 11.7516 2.34539 113.3 
20170507182955 -0.0132537 -0.600329 -0.0456587 0 0 0 0.999945 0.000799318 -0.0104773 -0.000796851 1 0.000239671 0.0104775 -0.000231309 0.999945 -0.0132537 -0.600329 -0.0456587 0.880798 0.0145457 0.473269 0.999945 0.000799318 -0.0104773 -0.000796851 1 0.000239671 0.0104775 -0.000231309 0.999945 1.93726 1.12364 0 1 1958 0 0 0 -0.157655 -0.0104777 12.2666 1.29 -0.73 2.53309 11.7862 2.26691 0 -0.157655 0 12.2666 1.29 -0.73 2.53309 11.7862 2.26691 113.3 
20170507182955 -0.0407231 -0.479954 -0.0189596 0 0 0 0.999965 0.000336862 -0.00837645 -0.000330896 1 0.000713525 0.00837668 -0.000710728 0.999965 -0.0407231 -0.479954 -0.0189596 0.84578 0.0111809 0.533414 0.999965 0.000336862 -0.00837645 -0.000330896 1 0.000713525 0.00837668 -0.000710728 0.999965 1.86079 1.10825 0 1 1958 0 0 0 -0.129374 -0.00837678 12.2666 1.29 -0.74 2.5103 11.7862 2.29213 0 -0.129374 0 12.2666 1.29 -0.74 2.5103 11.7862 2.29213 113.3 
20170507182955 -0.0215921 -0.376173 -0.0550529 0 0 0 0.999978 0.000963328 -0.00656504 -0.000960833 0.999999 0.000383161 0.00656541 -0.000376845 0.999978 -0.0215921 -0.376173 -0.0550529 0.825403 0.016039 0.564316 0.999978 0.000963328 -0.00656504 -0.000960833 0.999999 0.000383161 0.00656541 -0.000376845 0.999978 2.29492 1.29383 0 1 1958 0 0 0 -0.129374 -0.00656546 12.3007 1.29 -0.74 2.51727 11.8189 2.29849 0 -0.129374 0 12.3007 1.29 -0.74 2.51727 11.8189 2.29849 113.4 
20170507182955 0.0540834 -0.307631 -0.115957 0 0 0 0.999984 0.00201877 -0.00537105 -0.00202381 0.999998 -0.000933066 0.00536916 0.00094392 0.999985 0.0540834 -0.307631 -0.115957 0.84286 0.0612242 0.534638 0.999984 0.00201877 -0.00537105 -0.00202381 0.999998 -0.000933066 0.00536916 0.00094392 0.999985 2.93561 1.38609 0 1 1958 0 0 0 -0.129374 -0.00536918 12.3007 1.29 -0.73 2.54013 11.8189 2.27321 0 -0.129374 0 12.3007 1.29 -0.73 2.54013 11.8189 2.27321 113.3 
20170507182956 -0.0643757 -0.091963 -0.113138 0 0 0 0.999997 0.00197644 -0.00160283 -0.00197464 0.999997 0.00112673 0.00160506 -0.00112357 0.999998 -0.0643757 -0.091963 -0.113138 0.818659 -0.0894727 0.567267 0.999997 0.00197644 -0.00160283 -0.00197464 0.999997 0.00112673 0.00160506 -0.00112357 0.999998 3.31483 1.45549 0 1 1958 0 0 0 -0.129374 -0.00160506 12.3007 1.29 -0.73 2.54013 11.8189 2.27321 0 -0.129374 0 12.3007 1.29 -0.73 2.54013 11.8189 2.27321 113.4 
20170507182956 0.102141 0.42237 -0.139347 0 0 0 0.99997 0.0024452 0.00736732 -0.00243199 0.999995 -0.00180062 -0.00737169 0.00178265 0.999971 0.102141 0.42237 -0.139347 0.117369 0.22609 0.96701 0.99997 0.0024452 0.00736732 -0.00243199 0.999995 -0.00180062 -0.00737169 0.00178265 0.999971 3.53461 1.43379 0 1 1958 0 0 0 -0.129374 0.00737175 12.3007 1.29 -0.73 2.54013 11.8189 2.27321 0 -0.129374 0 12.3007 1.29 -0.73 2.54013 11.8189 2.27321 113.2 
20170507182956 0.102141 0.42237 -0.139347 0 0 0 0.625262 -0.0565371 0.778364 -0.0557094 -0.998062 -0.0277435 0.778424 -0.0260152 -0.627199 -177.625 -51.1165 -5.09148 0.900697 -0.0312925 0.43332 0.625262 -0.0565371 0.778364 -0.0557094 -0.998062 -0.0277435 0.778424 -0.0260152 -0.627199 3.53461 1.43379 0 1 1958 0 1 1 -0.129374 0.00737175 12.3007 1.3 -0.74 2.42987 11.8524 2.21869 0 -0.129374 0 12.3007 1.3 -0.74 2.42987 11.8524 2.21869 113.4 
20170507182956 0.0281747 0.458587 -0.193437 0 0 0 0.999962 0.00338004 0.00800206 -0.003376 0.999994 -0.00051876 -0.00800377 0.000491726 0.999968 0.0281747 0.458587 -0.193437 0.307587 -0.249597 -0.9182 0.999962 0.00338004 0.00800206 -0.003376 0.999994 -0.00051876 -0.00800377 0.000491726 0.999968 2.42461 1.11397 0 1 1958 0 0 0 -0.129374 0.00800386 12.3007 1.29 -0.75 2.49416 11.8189 2.32355 0 -0.129374 0 12.3007 1.29 -0.75 2.49416 11.8189 2.32355 113.3 
20170507182956 -0.304934 -0.213059 -0.144405 0 0 0 0.99999 0.0025401 -0.00370509 -0.00252032 0.999983 0.00533144 0.00371857 -0.00532205 0.999979 -0.304934 -0.213059 -0.144405 0.838973 -0.189771 0.510011 0.99999 0.0025401 -0.00370509 -0.00252032 0.999983 0.00533144 0.00371857 -0.00532205 0.999979 1.84635 0.852506 0 1 1958 0 0 0 -0.129374 -0.00371858 12.3007 1.29 -0.76 2.4708 11.8189 2.34838 0 -0.129374 0 12.3007 1.29 -0.76 2.4708 11.8189 2.34838 113.3 
20170507182956 -0.369698 -0.334455 -0.233524 0 0 0 0.999975 0.00411332 -0.00581083 -0.00407567 0.999971 0.00647614 0.0058373 -0.00645229 0.999962 -0.369698 -0.334455 -0.233524 0.88593 -0.457563 -0.0759221 0.999975 0.00411332 -0.00581083 -0.00407567 0.999971 0.00647614 0.0058373 -0.00645229 0.999962 1.35102 0.734261 0 1 1958 0 0 0 -0.129374 -0.00583734 12.3007 1.29 -0.75 2.49416 11.8189 2.32355 0 -0.129374 0 12.3007 1.29 -0.75 2.49416 11.8189 2.32355 113.3 
20170507182957 -0.403076 -0.313266 -0.299524 0 0 0 0.999971 0.00526599 -0.00543051 -0.00522758 0.999961 0.00706343 0.00546749 -0.00703484 0.99996 -0.403076 -0.313266 -0.299524 0.773277 -0.591209 -0.229161 0.999971 0.00526599 -0.00543051 -0.00522758 0.999961 0.00706343 0.00546749 -0.00703484 0.99996 1.02203 0.670902 0 1 1958 0 0 0 -0.157655 -0.00546752 12.3007 1.28 -0.74 2.60442 11.7842 2.37807 0 -0.157655 0 12.3007 1.28 -0.74 2.60442 11.7842 2.37807 113.2 
20170507182957 -0.201856 0.181411 -0.206636 0 0 0 0.999988 0.0035953 0.00317888 -0.00360646 0.999987 0.0035116 -0.00316622 -0.00352303 0.999989 -0.201856 0.181411 -0.206636 0.211512 -0.15613 -0.964824 0.999988 0.0035953 0.00317888 -0.00360646 0.999987 0.0035116 -0.00316622 -0.00352303 0.999989 1.71471 0.893462 0 1 1958 0 0 0 -0.155614 0.00316622 12.3007 1.28 -0.73 2.62807 11.7842 2.35191 0 -0.155614 0 12.3007 1.28 -0.73 2.62807 11.7842 2.35191 113.2 
20170507182957 -0.354113 0.243072 -0.205277 0 0 0 0.999985 0.00355647 0.00426443 -0.00358272 0.999975 0.00616516 -0.0042424 -0.00618034 0.999972 -0.354113 0.243072 -0.205277 0.222232 -0.158798 -0.961975 0.999985 0.00355647 0.00426443 -0.00358272 0.999975 0.00616516 -0.0042424 -0.00618034 0.999972 2.76279 1.16204 0 1 1958 0 0 0 -0.155614 0.00424241 12.3007 1.3 -0.76 2.38501 11.8524 2.26684 0 -0.155614 0 12.3007 1.3 -0.76 2.38501 11.8524 2.26684 113.2 
20170507182957 -0.199203 -0.148255 -0.0709203 0 0 0 0.999996 0.00124678 -0.00258322 -0.00123779 0.999993 0.00347995 0.00258754 -0.00347673 0.999991 -0.199203 -0.148255 -0.0709203 0.205181 -0.117421 -0.971655 0.999996 0.00124678 -0.00258322 -0.00123779 0.999993 0.00347995 0.00258754 -0.00347673 0.999991 2.22607 1.35656 0 1 1958 0 0 0 -0.155614 -0.00258754 12.3007 1.3 -0.76 2.38501 11.8524 2.26684 0 -0.155614 0 12.3007 1.3 -0.76 2.38501 11.8524 2.26684 113.2 
20170507182957 -0.25215 -0.039855 -0.140701 0 0 0 0.999997 0.00245873 -0.000684785 -0.0024557 0.999987 0.00440253 0.000695601 -0.00440083 0.99999 -0.25215 -0.039855 -0.140701 0.179302 -0.12455 -0.975878 0.999997 0.00245873 -0.000684785 -0.0024557 0.999987 0.00440253 0.000695601 -0.00440083 0.99999 2.65263 1.52545 0 1 1958 0 0 0 -0.155614 -0.000695601 12.3007 1.3 -0.74 2.42987 11.8524 2.21869 0 -0.155614 0 12.3007 1.3 -0.74 2.42987 11.8524 2.21869 113.2 
20170507182957 -0.0260185 0.364732 -0.192774 0 0 0 0.999974 0.00336164 0.00636722 -0.00336447 0.999994 0.000432688 -0.00636573 -0.000454099 0.99998 -0.0260185 0.364732 -0.192774 -0.0812327 0.130831 -0.988071 0.999974 0.00336164 0.00636722 -0.00336447 0.999994 0.000432688 -0.00636573 -0.000454099 0.99998 3.27487 1.61428 0 1 1956 0 0 0 -0.155614 0.00636577 12.3007 1.29 -0.72 2.56273 11.8189 2.24769 0 -0.155614 0 12.3007 1.29 -0.72 2.56273 11.8189 2.24769 113.4 
20170507182958 -0.000240481 0.110068 -0.0705037 0 0 0 0.999997 0.00123051 0.00192106 -0.00123052 0.999999 1.83327e-06 -0.00192106 -4.19717e-06 0.999998 -0.000240481 0.110068 -0.0705037 0.284786 0.134672 -0.949084 0.999997 0.00123051 0.00192106 -0.00123052 0.999999 1.83327e-06 -0.00192106 -4.19717e-06 0.999998 4.07312 2.0203 0 1 1956 0 0 0 -0.157655 0.00192106 12.3007 1.32 -0.72 2.29506 11.9158 2.01292 0 -0.157655 0 12.3007 1.32 -0.72 2.29506 11.9158 2.01292 113.3 
20170507182958 -0.0854883 0.448165 -0.282914 0 0 0 0.999957 0.00492608 0.00782913 -0.00493761 0.999987 0.00145341 -0.00782187 -0.00149201 0.999968 -0.0854883 0.448165 -0.282914 0.0689659 0.0239237 -0.997332 0.999957 0.00492608 0.00782913 -0.00493761 0.999987 0.00145341 -0.00782187 -0.00149201 0.999968 5.10258 2.66953 0 1 1955 0 0 0 -0.129374 0.00782195 12.3007 1.29 -0.72 2.56273 11.8189 2.24769 0 -0.129374 0 12.3007 1.29 -0.72 2.56273 11.8189 2.24769 113.3 
20170507182958 0.043033 0.171892 -0.142435 0 0 0 0.999992 0.0024882 0.0029982 -0.00248594 0.999997 -0.000758523 -0.00300008 0.000751064 0.999995 0.043033 0.171892 -0.142435 0.291598 0.0821415 -0.953008 0.999992 0.0024882 0.0029982 -0.00248594 0.999997 -0.000758523 -0.00300008 0.000751064 0.999995 5.76362 3.09209 0 1 1950 0 0 0 -0.129374 0.00300008 12.3007 1.29 -0.71 2.58508 11.8189 2.22195 0 -0.129374 0 12.3007 1.29 -0.71 2.58508 11.8189 2.22195 113.2 
20170507182958 0.177042 0.668561 -0.158135 0 0 0 0.999928 0.00279601 0.0116597 -0.00275978 0.999991 -0.00312215 -0.0116683 0.00308975 0.999927 0.177042 0.668561 -0.158135 0.0261309 0.102873 -0.994351 0.999928 0.00279601 0.0116597 -0.00275978 0.999991 -0.00312215 -0.0116683 0.00308975 0.999927 6.07768 3.31473 0 1 1939 0 0 0 -0.129374 0.0116686 12.3007 1.29 -0.67 2.67187 11.8189 2.1168 0 -0.129374 0 12.3007 1.29 -0.67 2.67187 11.8189 2.1168 113.1 
20170507182958 -0.101572 0.0461927 -0.398231 0 0 0 0.999976 0.00694894 0.000818516 -0.00695038 0.999974 0.00176712 -0.000806215 -0.00177276 0.999998 -0.101572 0.0461927 -0.398231 0.225538 0.00715675 -0.974208 0.999976 0.00694894 0.000818516 -0.00695038 0.999974 0.00176712 -0.000806215 -0.00177276 0.999998 6.87939 3.64991 0 1 1939 0 0 0 -0.157655 0.000806215 12.3007 1.29 -0.67 2.67187 11.8189 2.1168 0 -0.157655 0 12.3007 1.29 -0.67 2.67187 11.8189 2.1168 113.3 
20170507182958 -0.14159 -0.208647 -0.23158 0 0 0 0.999985 0.00405081 -0.00363153 -0.0040418 0.999989 0.00248591 0.00364156 -0.00247119 0.99999 -0.14159 -0.208647 -0.23158 0.165194 -0.0740292 -0.983479 0.999985 0.00405081 -0.00363153 -0.0040418 0.999989 0.00248591 0.00364156 -0.00247119 0.99999 7.63058 4.12376 0 1 1939 0 0 0 -0.155614 -0.00364157 12.3007 1.29 -0.68 2.65057 11.8189 2.14341 0 -0.155614 0 12.3007 1.29 -0.68 2.65057 11.8189 2.14341 113.1 
20170507182959 -0.0765708 -0.666607 -0.22038 0 0 0 0.999925 0.0038619 -0.011629 -0.00384609 0.999992 0.00138115 0.0116342 -0.00133632 0.999931 -0.0765708 -0.666607 -0.22038 0.106288 -0.0693745 -0.991912 0.999925 0.0038619 -0.011629 -0.00384609 0.999992 0.00138115 0.0116342 -0.00133632 0.999931 9.47702 6.02893 0 1 1939 0 0 0 -0.155614 -0.0116345 12.3007 1.29 -0.69 2.629 11.8189 2.16981 0 -0.155614 0 12.3007 1.29 -0.69 2.629 11.8189 2.16981 113.2 
20170507182959 0.0204859 -1.31799 -0.262317 0 0 0 0.999725 0.00457005 -0.0230027 -0.00457706 0.999989 -0.000252235 0.0230013 0.000357451 0.999735 0.0204859 -1.31799 -0.262317 0.0976751 -0.0226737 -0.99496 0.999725 0.00457005 -0.0230027 -0.00457706 0.999989 -0.000252235 0.0230013 0.000357451 0.999735 12.0494 8.16781 0 1 1938 0 0 0 -0.181424 -0.0230033 12.3007 1.28 -0.73 2.62807 11.7842 2.35191 0 -0.181424 0 12.3007 1.28 -0.73 2.62807 11.7842 2.35191 113.2 
20170507182959 0.265873 -1.57052 -0.141494 0 0 0 0.999621 0.00234233 -0.0274183 -0.0024686 0.999986 -0.00457264 0.0274073 0.00463859 0.999614 0.265873 -1.57052 -0.141494 0.0124474 0.0593715 -0.998158 0.999621 0.00234233 -0.0274183 -0.0024686 0.999986 -0.00457264 0.0274073 0.00463859 0.999614 14.8021 9.72825 0 1 1937 0 0 0 -0.181424 -0.0274107 12.3007 1.29 -0.74 2.51727 11.8189 2.29849 0 -0.181424 0 12.3007 1.29 -0.74 2.51727 11.8189 2.29849 113.1 
20170507182959 0.223765 -1.92167 -0.107895 0 0 0 0.999436 0.00175214 -0.0335402 -0.00188206 0.999991 -0.00384227 0.0335331 0.00390323 0.99943 0.223765 -1.92167 -0.107895 0.00273277 0.0550959 -0.998477 0.999436 0.00175214 -0.0335402 -0.00188206 0.999991 -0.00384227 0.0335331 0.00390323 0.99943 17.376 10.4938 0 1 1937 0 0 0 -0.181424 -0.0335394 12.3007 1.29 -0.75 2.49416 11.8189 2.32355 0 -0.181424 0 12.3007 1.29 -0.75 2.49416 11.8189 2.32355 113.3 
20170507182959 -0.0698913 -2.4879 -0.210951 0 0 0 0.999051 0.00373472 -0.0434036 -0.0036783 0.999992 0.00137964 0.0434084 -0.00121868 0.999057 -0.0698913 -2.4879 -0.210951 0.0681811 -0.0105039 -0.997618 0.999051 0.00373472 -0.0434036 -0.0036783 0.999992 0.00137964 0.0434084 -0.00121868 0.999057 19.4738 11.2176 0 1 1937 0 0 0 -0.209417 -0.043422 12.3007 1.28 -0.78 2.50724 11.7842 2.48032 0 -0.209417 0 12.3007 1.28 -0.78 2.50724 11.7842 2.48032 113.3 
20170507183000 -0.0324518 -2.94364 -0.300218 0.112193 -0.0360691 -0.993032 0.998667 0.00526885 -0.05135 -0.00523285 0.999986 0.000835463 0.0513536 -0.000565643 0.99868 -0.0324518 -2.94364 -0.300218 0.112193 -0.0360691 -0.993032 0.998667 0.00526885 -0.05135 -0.00523285 0.999986 0.000835463 0.0513536 -0.000565643 0.99868 20.9267 12.0061 1 1 1935 0 0 0 -0.209417 -0.0513762 12.3007 1.27 -0.8 2.53911 11.7484 2.61437 0 -0.209417 0 14.5837 0.979674 1.12476 3.50611 12.1091 -7.33223 113.1 
20170507183000 -0.002905 -2.29195 -0.381964 -0.00619048 -0.0444726 -0.998991 0.999178 0.00666851 -0.0399902 -0.00666115 0.999978 0.000317302 0.0399914 -5.06612e-05 0.9992 -0.002905 -2.29195 -0.381964 -0.00619048 -0.0444726 -0.998991 0.999178 0.00666851 -0.0399902 -0.00666115 0.999978 0.000317302 0.0399914 -5.06612e-05 0.9992 22.0644 12.6665 1 1 1934 0 0 0 -0.209417 -0.0400021 12.3007 1.28 -0.81 2.43172 11.7842 2.55441 0 -0.209417 0 14.9106 0.961674 1.0056 4.56907 12.229 -7.20438 113.3 
20170507183000 -0.283765 -3.40912 -0.365529 0.138339 -0.0786939 -0.987254 0.99821 0.00667407 -0.0594317 -0.00636835 0.999966 0.00533188 0.0594652 -0.00494385 0.998218 -0.283765 -3.40912 -0.365529 0.138339 -0.0786939 -0.987254 0.99821 0.00667407 -0.0594317 -0.00636835 0.999966 0.00533188 0.0594652 -0.00494385 0.998218 22.9785 13.2581 1 1 1933 0 0 0 -0.206809 -0.0595003 12.3007 1.28 -0.81 2.43172 11.7842 2.55441 0 -0.206809 0 14.9102 1.00307 1.17312 3.10501 12.5712 -7.39182 113.3 
20170507183000 0.185478 -2.97116 -0.168738 0.0931029 -0.00419848 -0.995648 0.998651 0.00277723 -0.0518423 -0.00294108 0.999991 -0.00308453 0.0518333 0.00323284 0.998651 0.185478 -2.97116 -0.168738 0.0931029 -0.00419848 -0.995648 0.998651 0.00277723 -0.0518423 -0.00294108 0.999991 -0.00308453 0.0518333 0.00323284 0.998651 22.8613 13.0222 1 1 1933 0 0 0 -0.206809 -0.0518565 12.3007 1.3 -0.81 2.26874 11.8524 2.3832 0 -0.206809 0 14.4944 0.962497 1.14756 3.40199 11.8944 -7.55229 113.3 
20170507183000 -0.00215408 -2.74524 -0.24886 0.0515857 -0.0139393 -0.998571 0.998843 0.00434521 -0.0478945 -0.00433843 0.999991 0.000245624 0.0478952 -3.75526e-05 0.998852 -0.00215408 -2.74524 -0.24886 0.0515857 -0.0139393 -0.998571 0.998843 0.00434521 -0.0478945 -0.00433843 0.999991 0.000245624 0.0478952 -3.75526e-05 0.998852 22.6599 13.4628 1 1 1932 0 0 0 -0.206809 -0.0479135 12.3007 1.28 -0.81 2.43172 11.7842 2.55441 0 -0.206809 0 14.5478 0.96074 1.07333 3.9773 11.9236 -7.32445 113.3 
20170507183000 0.065942 -2.73493 -0.365405 0.0444505 -0.00220255 -0.999009 0.998841 0.00632255 -0.0477217 -0.00637021 0.999979 -0.000846578 0.0477154 0.00114959 0.99886 0.065942 -2.73493 -0.365405 0.0444505 -0.00220255 -0.999009 0.998841 0.00632255 -0.0477217 -0.00637021 0.999979 -0.000846578 0.0477154 0.00114959 0.99886 22.5465 13.5825 1 1 1931 0 0 0 -0.206809 -0.0477335 12.3007 1.28 -0.8 2.45714 11.7842 2.52996 0 -0.206809 0 14.4857 0.952781 1.06406 4.07345 11.8063 -7.33852 113.4 
20170507183001 0.109859 -3.03954 -0.530109 0.0761753 -0.0174583 -0.996942 0.99855 0.00915033 -0.0530405 -0.00923899 0.999956 -0.00142672 0.0530252 0.00191469 0.998591 0.109859 -3.03954 -0.530109 0.0761753 -0.0174583 -0.996942 0.99855 0.00915033 -0.0530405 -0.00923899 0.999956 -0.00142672 0.0530252 0.00191469 0.998591 23.043 13.8437 1 1 1930 0 0 0 -0.206809 -0.05305 12.3007 1.29 -0.79 2.39925 11.8189 2.42143 0 -0.206809 0 14.6174 0.962271 1.11198 3.70083 11.9935 -7.49196 113.1 
20170507183001 0.586973 -3.45393 -0.346604 0.146495 0.07132 -0.986637 0.998165 0.00543185 -0.0603037 -0.00603835 0.999933 -0.00987981 0.0602459 0.0102258 0.998131 0.586973 -3.45393 -0.346604 0.146495 0.07132 -0.986637 0.998165 0.00543185 -0.0603037 -0.00603835 0.999933 -0.00987981 0.0602459 0.0102258 0.998131 23.3105 14.0218 1 1 1929 0 0 0 -0.206809 -0.0602824 12.3007 1.29 -0.78 2.42334 11.8189 2.39732 0 -0.206809 0 13.7687 0.938358 1.19124 3.01555 11.1057 -7.55962 113.2 
20170507183001 0.665896 -3.50114 -0.314222 0.156721 0.0722022 -0.985 0.998119 0.00477409 -0.061127 -0.00547394 0.999921 -0.0112868 0.0610683 0.0116001 0.998066 0.665896 -3.50114 -0.314222 0.156721 0.0722022 -0.985 0.998119 0.00477409 -0.061127 -0.00547394 0.999921 -0.0112868 0.0610683 0.0116001 0.998066 23.5809 14.2606 1 1 1929 0 0 0 -0.206809 -0.0611064 12.3007 1.32 -0.75 2.23364 11.9158 2.08085 0 -0.206809 0 13.9579 0.930582 1.23819 2.72241 11.1938 -7.88106 113.1 
20170507183001 0.603741 -3.41737 -0.343352 0.152137 0.0646049 -0.986246 0.998204 0.00536417 -0.0596678 -0.00598194 0.99993 -0.0101797 0.059609 0.0105183 0.998166 0.603741 -3.41737 -0.343352 0.152137 0.0646049 -0.986246 0.998204 0.00536417 -0.0596678 -0.00598194 0.99993 -0.0101797 0.059609 0.0105183 0.998166 23.3061 14.3552 1 1 1929 0 0 0 -0.206809 -0.0596444 12.3007 1.29 -0.74 2.51727 11.8189 2.29849 0 -0.206809 0 13.8898 0.934652 1.19176 3.05346 11.1729 -7.6662 113.2 
20170507183001 0.542982 -3.33043 -0.349251 0.146951 0.045679 -0.988088 0.998293 0.00554474 -0.0581483 -0.00608525 0.99994 -0.0091224 0.0580942 0.00946067 0.998266 0.542982 -3.33043 -0.349251 0.146951 0.045679 -0.988088 0.998293 0.00554474 -0.0581483 -0.00608525 0.99994 -0.0091224 0.0580942 0.00946067 0.998266 23.1211 14.5668 1 1 1929 0 0 0 -0.206809 -0.058127 12.2666 1.28 -0.72 2.64412 11.7516 2.31907 0 -0.206809 0 14.0216 0.936567 1.17089 3.23484 11.2948 -7.65301 113.2 
20170507183002 0.586496 -3.49515 -0.329412 0.159912 0.0565208 -0.985512 0.998123 0.00512496 -0.0610186 -0.00573859 0.999935 -0.00988545 0.060964 0.0102171 0.998088 0.586496 -3.49515 -0.329412 0.159912 0.0565208 -0.985512 0.998123 0.00512496 -0.0610186 -0.00573859 0.999935 -0.00988545 0.060964 0.0102171 0.998088 23.7911 14.6804 1 1 1929 0 0 0 -0.206809 -0.0610018 12.2666 1.29 -0.72 2.55564 11.7862 2.24147 0 -0.206809 0 13.9563 0.934 1.19908 3.01422 11.221 -7.73201 113.2 
20170507183002 0.277064 -2.58632 -0.326694 0.0209484 0.0209052 -0.999562 0.998965 0.00548358 -0.0451507 -0.00569605 0.999973 -0.00457829 0.0451244 0.00483073 0.99897 0.277064 -2.58632 -0.326694 0.0209484 0.0209052 -0.999562 0.998965 0.00548358 -0.0451507 -0.00569605 0.999973 -0.00457829 0.0451244 0.00483073 0.99897 24.6435 14.7888 1 1 1928 0 0 0 -0.234638 -0.0451397 12.2666 1.29 -0.69 2.62172 11.7862 2.1638 0 -0.234638 0 14.6416 0.911954 1.01336 4.74186 11.5771 -7.60663 113.1 
20170507183002 -0.844279 -3.2275 -0.715921 0.0828696 -0.14482 -0.985982 0.998336 0.013323 -0.0561062 -0.012475 0.999803 0.0154372 0.0563008 -0.0147115 0.998305 -0.844279 -3.2275 -0.715921 0.0828696 -0.14482 -0.985982 0.998336 0.013323 -0.0561062 -0.012475 0.999803 0.0154372 0.0563008 -0.0147115 0.998305 25.6608 15.0349 1 1 1927 0 0 0 -0.234638 -0.0563306 12.2666 1.29 -0.7 2.59995 11.7862 2.18991 0 -0.234638 0 15.7953 0.993367 1.07705 4.08628 13.2344 -7.5924 113.3 
20170507183002 -0.314542 -2.64142 -0.387739 -0.00180123 -0.0577329 -0.99833 0.998915 0.00702015 -0.0460462 -0.00676007 0.99996 0.0058015 0.0460851 -0.00548393 0.998922 -0.314542 -2.64142 -0.387739 -0.00180123 -0.0577329 -0.99833 0.998915 0.00702015 -0.0460462 -0.00676007 0.99996 0.0058015 0.0460851 -0.00548393 0.998922 26.6589 15.2836 1 1 1926 0 0 0 -0.234638 -0.0461014 12.2666 1.29 -0.7 2.59995 11.7862 2.18991 0 -0.234638 0 15.2882 0.941929 0.98945 4.93849 12.3635 -7.51565 113.2 
20170507183002 -0.0759087 -2.45655 -0.365068 -0.0514294 -0.0085963 -0.99864 0.999061 0.00642838 -0.0428523 -0.00636574 0.999978 0.00159793 0.0428617 -0.00132364 0.99908 -0.0759087 -2.45655 -0.365068 -0.0514294 -0.0085963 -0.99864 0.999061 0.00642838 -0.0428523 -0.00636574 0.999978 0.00159793 0.0428617 -0.00132364 0.99908 27.2922 15.695 1 1 1925 0 0 0 -0.234638 -0.0428748 12.3007 1.3 -0.7 2.51665 11.8524 2.11974 0 -0.234638 0 15.0625 0.915047 0.95051 5.33859 11.9384 -7.47344 113.2 
20170507183002 -0.219965 -3.66367 -0.437483 0.0944177 -0.0336902 -0.994962 0.997927 0.0078807 -0.0638679 -0.00761984 0.999962 0.00432689 0.0638995 -0.00383126 0.997949 -0.219965 -3.66367 -0.437483 0.0944177 -0.0336902 -0.994962 0.997927 0.0078807 -0.0638679 -0.00761984 0.999962 0.00432689 0.0638995 -0.00383126 0.997949 27.6413 16.0067 1 1 1923 0 0 0 -0.234638 -0.0639431 12.3007 1.3 -0.71 2.49532 11.8524 2.1448 0 -0.234638 0 14.96 0.952372 1.10567 3.89021 12.1893 -7.7517 113.2 
20170507183003 -0.305875 -3.50799 -0.36863 0.0814677 -0.0309125 -0.996196 0.998106 0.00676032 -0.0611512 -0.00642171 0.999963 0.00573205 0.0611877 -0.0053285 0.998112 -0.305875 -3.50799 -0.36863 0.0814677 -0.0309125 -0.996196 0.998106 0.00676032 -0.0611512 -0.00642171 0.999963 0.00573205 0.0611877 -0.0053285 0.998112 27.8123 16.433 1 1 1923 0 0 0 -0.234638 -0.0612259 12.3007 1.31 -0.7 2.42587 11.8847 2.04328 0 -0.234638 0 15.0226 0.947058 1.10388 3.94958 12.1938 -7.83512 113.2 
20170507183003 -0.522374 -2.12105 -0.724479 -0.107658 -0.0397177 -0.993394 0.999235 0.0129811 -0.0368911 -0.0126355 0.999874 0.00958424 0.0370109 -0.00911077 0.999273 -0.522374 -2.12105 -0.724479 -0.107658 -0.0397177 -0.993394 0.999235 0.0129811 -0.0368911 -0.0126355 0.999874 0.00958424 0.0370109 -0.00911077 0.999273 27.7541 16.5672 1 1 1921 0 0 0 -0.234638 -0.0370193 12.3007 1.32 -0.71 2.31507 11.9158 1.98987 0 -0.234638 0 15.455 0.921814 0.918258 5.6717 12.313 -7.42158 113.4 
20170507183003 -0.839095 -3.99299 -0.148692 0.222023 -0.0835618 -0.971454 0.997569 0.00361465 -0.0695887 -0.00258887 0.999887 0.0148251 0.0696344 -0.0146089 0.997466 -0.839095 -3.99299 -0.148692 0.222023 -0.0835618 -0.971454 0.997569 0.00361465 -0.0695887 -0.00258887 0.999887 0.0148251 0.0696344 -0.0146089 0.997466 27.3624 16.6924 1 1 1919 0 0 0 -0.234638 -0.0696908 12.3007 1.32 -0.73 2.27481 11.9158 2.03577 0 -0.234638 0 15.202 0.995078 1.27988 2.37395 12.7515 -7.92876 113.3 
20170507183003 0.208626 -2.82162 -0.580916 0.0111357 0.0634313 -0.997924 0.998736 0.00995942 -0.0492607 -0.0101264 0.999944 -0.00314193 0.0492266 0.0036368 0.998781 0.208626 -2.82162 -0.580916 0.0111357 0.0634313 -0.997924 0.998736 0.00995942 -0.0492607 -0.0101264 0.999944 -0.00314193 0.0492266 0.0036368 0.998781 27.0498 16.743 1 1 1913 0 0 0 -0.206809 -0.0492465 12.3007 1.31 -0.74 2.34222 11.8847 2.13866 0 -0.206809 0 14.2634 0.908789 1.06052 4.28235 11.2504 -7.6508 113.3 
20170507183003 0.178654 -2.69557 -0.544487 0.0112641 0.0566873 -0.998328 0.998848 0.00935627 -0.0470565 -0.00949243 0.999951 -0.00267104 0.0470292 0.00311464 0.998889 0.178654 -2.69557 -0.544487 0.0112641 0.0566873 -0.998328 0.998848 0.00935627 -0.0470565 -0.00949243 0.999951 -0.00267104 0.0470292 0.00311464 0.998889 26.9947 16.7613 1 1 1913 0 0 0 -0.206809 -0.0470465 12.3007 1.31 -0.75 2.32072 11.8847 2.16197 0 -0.206809 0 14.2999 0.913197 1.06164 4.26042 11.3178 -7.63171 113.3 
20170507183004 0.095701 -2.856 -0.652714 0.0587457 0.00443146 -0.998263 0.998693 0.0113085 -0.0498417 -0.0113776 0.999935 -0.00110258 0.049826 0.00166822 0.998757 0.095701 -2.856 -0.652714 0.0587457 0.00443146 -0.998263 0.998693 0.0113085 -0.0498417 -0.0113776 0.999935 -0.00110258 0.049826 0.00166822 0.998757 27.1141 17.0248 1 1 1912 0 0 0 -0.234638 -0.0498466 12.3007 1.3 -0.75 2.40756 11.8524 2.24287 0 -0.234638 0 14.6463 0.937727 1.07043 4.15707 11.8081 -7.6028 113.2 
20170507183004 0.536051 -1.97171 -0.363941 -0.00490386 0.0668243 -0.997753 0.999388 0.00602976 -0.0344633 -0.00634816 0.999938 -0.00913699 0.0344061 0.00935017 0.999364 0.536051 -1.97171 -0.363941 -0.00490386 0.0668243 -0.997753 0.999388 0.00602976 -0.0344633 -0.00634816 0.999938 -0.00913699 0.0344061 0.00935017 0.999364 27.1218 17.2061 1 1 1911 0 0 0 -0.234638 -0.0344129 12.3007 1.29 -0.75 2.49416 11.8189 2.32355 0 -0.234638 0 14.2224 0.901118 0.987624 4.86154 11.1507 -7.36918 113.1 
20170507183004 -1.32753 -2.99132 -0.992102 0.108306 -0.194181 -0.974969 0.998488 0.0185187 -0.0517617 -0.017291 0.999561 0.0240676 0.0521847 -0.0231362 0.998369 -1.32753 -2.99132 -0.992102 0.108306 -0.194181 -0.974969 0.998488 0.0185187 -0.0517617 -0.017291 0.999561 0.0240676 0.0521847 -0.0231362 0.998369 27.4238 17.5754 1 1 1908 0 0 0 -0.234638 -0.0522084 12.3007 1.29 -0.74 2.51727 11.8189 2.29849 0 -0.234638 0 16.08 1.02703 1.10579 3.7306 13.7607 -7.43584 113.3 
20170507183004 -1.42023 -3.05206 -1.08284 0.110192 -0.198509 -0.973885 0.998403 0.0202117 -0.0527491 -0.0188712 0.999489 0.0257866 0.0532434 -0.02475 0.998275 -1.42023 -3.05206 -1.08284 0.110192 -0.198509 -0.973885 0.998403 0.0202117 -0.0527491 -0.0188712 0.999489 0.0257866 0.0532434 -0.02475 0.998275 27.7589 17.7115 1 1 1908 0 0 0 -0.234638 -0.0532686 12.3007 1.29 -0.73 2.54013 11.8189 2.27321 0 -0.234638 0 16.1264 1.02746 1.1066 3.7326 13.804 -7.45497 113.2 
20170507183004 0.539678 -1.79411 -0.469877 -0.042878 0.0258118 -0.998747 0.999476 0.00790556 -0.0313828 -0.00819678 0.999924 -0.00916196 0.031308 0.0094144 0.999465 0.539678 -1.79411 -0.469877 -0.042878 0.0258118 -0.998747 0.999476 0.00790556 -0.0313828 -0.00819678 0.999924 -0.00916196 0.031308 0.0094144 0.999465 28.0041 17.8603 1 1 1907 0 0 0 -0.234638 -0.0313131 12.3007 1.28 -0.73 2.62807 11.7842 2.35191 0 -0.234638 0 14.6423 0.906223 0.934343 5.3671 11.5261 -7.2622 113.2 
20170507183005 0.458989 -1.89902 -0.541308 -0.0385488 0.0202 -0.999053 0.999406 0.00918171 -0.0332112 -0.00944227 0.999926 -0.00769736 0.0331381 0.00800638 0.999419 0.458989 -1.89902 -0.541308 -0.0385488 0.0202 -0.999053 0.999406 0.00918171 -0.0332112 -0.00944227 0.999926 -0.00769736 0.0331381 0.00800638 0.999419 28.5937 18.377 1 1 1907 0 0 0 -0.234638 -0.0331441 12.3007 1.27 -0.73 2.71575 11.7484 2.43037 0 -0.234638 0 14.643 0.908409 0.925892 5.41338 11.5464 -7.19677 113.3 
20170507183005 0.236643 -3.40087 -0.706955 0.0725858 -0.0193646 -0.997174 0.998163 0.0120933 -0.0593674 -0.0123167 0.999918 -0.00339794 0.0593214 0.00412291 0.99823 0.236643 -3.40087 -0.706955 0.0725858 -0.0193646 -0.997174 0.998163 0.0120933 -0.0593674 -0.0123167 0.999918 -0.00339794 0.0593214 0.00412291 0.99823 29.4732 19.031 1 1 1906 0 0 0 -0.234638 -0.0593563 12.3007 1.28 -0.76 2.55634 11.7842 2.42968 0 -0.234638 0 14.7026 0.952177 1.05993 4.16871 11.9779 -7.43758 113.2 
20170507183005 -0.0678592 -3.05654 -0.607991 0.0562598 -0.0425517 -0.997509 0.998521 0.0106744 -0.0533057 -0.0105962 0.999942 0.0017501 0.0533213 -0.00118268 0.998577 -0.0678592 -3.05654 -0.607991 0.0562598 -0.0425517 -0.997509 0.998521 0.0106744 -0.0533057 -0.0105962 0.999942 0.0017501 0.0533213 -0.00118268 0.998577 30.6682 19.8357 1 1 1903 0 0 0 -0.234638 -0.0533466 12.3007 1.28 -0.77 2.53192 11.7842 2.45512 0 -0.234638 0 14.9006 0.960387 1.04269 4.30385 12.2098 -7.37744 113.4 
20170507183005 -0.0488894 -3.49587 -0.71954 0.0704389 -0.027775 -0.997129 0.99806 0.01261 -0.0609611 -0.0125346 0.99992 0.00161896 0.0609767 -0.000851693 0.998139 -0.0488894 -3.49587 -0.71954 0.0704389 -0.027775 -0.997129 0.99806 0.01261 -0.0609611 -0.0125346 0.99992 0.00161896 0.0609767 -0.000851693 0.998139 32.1295 20.8968 1 1 1903 0 0 0 -0.231773 -0.0610145 12.3007 1.3 -0.78 2.3392 11.8524 2.31408 0 -0.231773 0 14.8235 0.958461 1.08952 3.94409 12.1302 -7.55239 113.3 
20170507183005 -0.425494 -2.79348 -0.825696 -0.0539142 -0.0329625 -0.998001 0.998708 0.0147721 -0.0486227 -0.0143935 0.999863 0.00812774 0.0487361 -0.00741739 0.998784 -0.425494 -2.79348 -0.825696 -0.0539142 -0.0329625 -0.998001 0.998708 0.0147721 -0.0486227 -0.0143935 0.999863 0.00812774 0.0487361 -0.00741739 0.998784 32.8591 20.9966 1 1 1902 0 0 0 -0.231773 -0.0487554 12.3007 1.3 -0.78 2.3392 11.8524 2.31408 0 -0.231773 0 15.097 0.938916 0.954217 5.15637 12.182 -7.27523 113.2 
20170507183006 -0.973331 -2.9951 -0.852118 -0.045906 -0.0883375 -0.995032 0.998524 0.0157571 -0.0519846 -0.0148514 0.999732 0.0177621 0.0522506 -0.0169638 0.99849 -0.973331 -2.9951 -0.852118 -0.045906 -0.0883375 -0.995032 0.998524 0.0157571 -0.0519846 -0.0148514 0.999732 0.0177621 0.0522506 -0.0169638 0.99849 33.3085 21.1566 1 1 1901 0 0 0 -0.231773 -0.0522744 12.3007 1.31 -0.79 2.23241 11.8847 2.25305 0 -0.231773 0 15.5351 0.964712 0.97518 4.96482 12.7681 -7.32576 113.1 
20170507183006 -0.742183 -3.92916 -0.600367 0.0778576 -0.0610062 -0.995096 0.997595 0.0113648 -0.0683779 -0.0104536 0.999852 0.0136704 0.0685231 -0.0129227 0.997566 -0.742183 -3.92916 -0.600367 0.0778576 -0.0610062 -0.995096 0.997595 0.0113648 -0.0683779 -0.0104536 0.999852 0.0136704 0.0685231 -0.0129227 0.997566 33.6267 21.5589 1 1 1899 0 0 0 -0.231773 -0.0685769 12.3007 1.3 -0.8 2.29245 11.8524 2.3604 0 -0.231773 0 15.0402 0.976617 1.09984 3.82047 12.4625 -7.50332 113.3 
20170507183006 -0.398185 -3.11569 -0.64651 0.0115849 -0.0498693 -0.998689 0.998458 0.0116609 -0.0542691 -0.0112668 0.999908 0.00756242 0.0543523 -0.00693932 0.998498 -0.398185 -3.11569 -0.64651 0.0115849 -0.0498693 -0.998689 0.998458 0.0116609 -0.0542691 -0.0112668 0.999908 0.00756242 0.0543523 -0.00693932 0.998498 33.3546 21.4943 1 1 1898 0 0 0 -0.231773 -0.054379 12.3007 1.31 -0.81 2.1869 11.8847 2.29724 0 -0.231773 0 15.097 0.961856 1.04044 4.36818 12.3834 -7.44921 113.3 
20170507183006 0.287952 -3.48064 -0.273498 0.056592 0.0128221 -0.998315 0.998144 0.00446825 -0.0607338 -0.00476461 0.999977 -0.00473584 0.0607113 0.00501642 0.998143 0.287952 -3.48064 -0.273498 0.056592 0.0128221 -0.998315 0.998144 0.00446825 -0.0607338 -0.00476461 0.999977 -0.00473584 0.0607113 0.00501642 0.998143 33.2906 21.3491 1 1 1897 0 0 0 -0.231773 -0.0607487 12.3007 1.3 -0.8 2.29245 11.8524 2.3604 0 -0.231773 0 14.4836 0.94327 1.07644 4.03483 11.7242 -7.4858 113.4 
20170507183006 2.30265 -4.39528 -0.809963 0.109466 0.235323 -0.965733 0.996959 0.0110458 -0.0771352 -0.0140945 0.999136 -0.0390915 0.0766368 0.0400599 0.996254 2.30265 -4.39528 -0.809963 0.109466 0.235323 -0.965733 0.996959 0.0110458 -0.0771352 -0.0140945 0.999136 -0.0390915 0.0766368 0.0400599 0.996254 33.3458 21.6469 1 1 1896 0 0 0 -0.231773 -0.076712 12.2666 1.31 -0.81 2.18084 11.8518 2.29088 0 -0.231773 0 12.47 0.865951 1.14547 3.33378 9.49856 -7.35967 113.3 
20170507183007 -1.23871 -2.63785 -0.963199 -0.0190794 -0.128359 -0.991544 0.998799 0.0178011 -0.0456422 -0.0167924 0.999608 0.0223883 0.0460228 -0.021595 0.998707 -1.23871 -2.63785 -0.963199 -0.0190794 -0.128359 -0.991544 0.998799 0.0178011 -0.0456422 -0.0167924 0.999608 0.0223883 0.0460228 -0.021595 0.998707 33.0139 20.6177 1 1 1894 0 0 0 -0.234638 -0.0460391 12.2666 1.3 -0.82 2.23857 11.8196 2.39911 0 -0.234638 0 15.6813 0.989206 0.989632 4.72938 13.1032 -7.20028 113.4 
20170507183007 -1.22687 -2.53557 -0.970684 -0.0247363 -0.124634 -0.991894 0.998878 0.017884 -0.0438603 -0.0169242 0.999611 0.0221574 0.0442396 -0.0213903 0.998792 -1.22687 -2.53557 -0.970684 -0.0247363 -0.124634 -0.991894 0.998878 0.017884 -0.0438603 -0.0169242 0.999611 0.0221574 0.0442396 -0.0213903 0.998792 32.7333 20.4376 1 1 1894 0 0 0 -0.234638 -0.044254 12.2666 1.31 -0.83 2.13459 11.8518 2.33403 0 -0.234638 0 15.6882 0.98796 0.997811 4.68124 13.0981 -7.25561 113.2 
20170507183007 -1.35847 -2.39864 -0.950996 -0.0148631 -0.126094 -0.991907 0.998986 0.0175847 -0.041441 -0.0165827 0.999565 0.0243988 0.041852 -0.0236868 0.998843 -1.35847 -2.39864 -0.950996 -0.0148631 -0.126094 -0.991907 0.998986 0.0175847 -0.041441 -0.0165827 0.999565 0.0243988 0.041852 -0.0236868 0.998843 32.6253 20.138 1 1 1894 0 0 0 -0.234638 -0.0418642 12.2666 1.29 -0.82 2.31909 11.7862 2.48541 0 -0.234638 0 15.6133 0.989295 0.981028 4.76974 13.0471 -7.12731 113.2 
20170507183007 -1.36366 -2.27471 -0.984456 -0.0215159 -0.1267 -0.991708 0.999065 0.0181207 -0.0392648 -0.0171676 0.999553 0.0244763 0.0396908 -0.0237793 0.998929 -1.36366 -2.27471 -0.984456 -0.0215159 -0.1267 -0.991708 0.999065 0.0181207 -0.0392648 -0.0171676 0.999553 0.0244763 0.0396908 -0.0237793 0.998929 32.5155 19.9978 1 1 1894 0 0 0 -0.234638 -0.0397012 12.2666 1.31 -0.79 2.22622 11.8518 2.24681 0 -0.234638 0 15.7665 0.982828 0.997817 4.74111 13.1188 -7.34851 113.3 
20170507183007 -0.00645602 -3.57806 -0.546615 0.0858071 -0.0281656 -0.995914 0.998005 0.00954713 -0.0624044 -0.0095215 0.999954 0.000708055 0.0624083 -0.000112459 0.998051 -0.00645602 -3.57806 -0.546615 0.0858071 -0.0281656 -0.995914 0.998005 0.00954713 -0.0624044 -0.0095215 0.999954 0.000708055 0.0624083 -0.000112459 0.998051 32.475 19.8852 1 1 1893 0 0 0 -0.234638 -0.0624489 12.3007 1.3 -0.81 2.26874 11.8524 2.3832 0 -0.234638 0 14.7507 0.965986 1.10733 3.74958 12.1341 -7.50253 113.3 
20170507183008 0.126382 -3.65715 -0.495049 0.100507 -0.00627197 -0.994917 0.997926 0.00849941 -0.0638024 -0.00862253 0.999961 -0.00165458 0.0637859 0.00220129 0.997961 0.126382 -3.65715 -0.495049 0.100507 -0.00627197 -0.994917 0.997926 0.00849941 -0.0638024 -0.00862253 0.999961 -0.00165458 0.0637859 0.00220129 0.997961 32.5124 19.7449 1 1 1893 0 0 0 -0.234638 -0.0638292 12.3007 1.3 -0.82 2.24479 11.8524 2.40577 0 -0.234638 0 14.5295 0.961526 1.12564 3.58034 11.9151 -7.50444 113.2 
20170507183008 0.189991 -5.30462 -0.248561 0 0 0 0.995708 0.0040316 -0.0924639 -0.00431961 0.999986 -0.00291487 0.0924509 0.00330177 0.995712 0.189991 -5.30462 -0.248561 0 0 0 0.995708 0.0040316 -0.0924639 -0.00431961 0.999986 -0.00291487 0.0924509 0.00330177 0.995712 32.5124 19.7449 1 0 1893 0 0 0 -0.234638 -0.0925831 12.3007 1.32 -0.81 2.10485 11.9158 2.21105 0 -0.234638 0 12.3007 1.32 -0.81 2.10485 11.9158 2.21105 113.4 
20170507183008 0.315306 -5.09351 -0.203334 0 0 0 0.996045 0.00306022 -0.0887991 -0.00353483 0.99998 -0.005188 0.0887814 0.00548137 0.996036 0.315306 -5.09351 -0.203334 0 0 0 0.996045 0.00306022 -0.0887991 -0.00353483 0.99998 -0.005188 0.0887814 0.00548137 0.996036 32.5124 19.7449 1 0 1893 0 0 0 -0.234638 -0.0888985 12.3007 1.32 -0.81 2.10485 11.9158 2.21105 0 -0.234638 0 12.3007 1.32 -0.81 2.10485 11.9158 2.21105 113.2 
20170507183008 0.234152 -3.43098 -0.571153 0.0951263 0.00766146 -0.995436 0.998158 0.00972369 -0.0598834 -0.00995047 0.999944 -0.00348995 0.0598461 0.00407939 0.998199 0.234152 -3.43098 -0.571153 0.0951263 0.00766146 -0.995436 0.998158 0.00972369 -0.0598834 -0.00995047 0.999944 -0.00348995 0.0598461 0.00407939 0.998199 32.1339 18.8593 1 1 1893 0 0 0 -0.206809 -0.0598819 12.3007 1.33 -0.82 2.00124 11.9458 2.14475 0 -0.206809 0 14.5363 0.955356 1.19061 3.11425 11.8692 -7.79282 113.1 
20170507183009 -0.30099 -1.34539 -0.388463 -0.0635102 -0.0114469 -0.997916 0.999701 0.00690315 -0.0234429 -0.00677803 0.999962 0.00541231 0.0234793 -0.00525179 0.999711 -0.30099 -1.34539 -0.388463 -0.0635102 -0.0114469 -0.997916 0.999701 0.00690315 -0.0234429 -0.00677803 0.999962 0.00541231 0.0234793 -0.00525179 0.999711 32.0213 18.5204 1 1 1892 0 0 0 -0.206809 -0.0234815 12.3007 1.34 -0.84 1.87812 11.9745 2.09529 0 -0.206809 0 14.9566 0.941212 1.02801 4.54878 12.089 -7.54081 113.3 
20170507183009 -0.0137325 -3.31271 -0.53592 0.0937525 0.0269658 -0.99523 0.998285 0.00936729 -0.0577807 -0.00933781 0.999956 0.00078016 0.0577855 -0.000239277 0.998329 -0.0137325 -3.31271 -0.53592 0.0937525 0.0269658 -0.99523 0.998285 0.00936729 -0.0577807 -0.00933781 0.999956 0.00078016 0.0577855 -0.000239277 0.998329 32.2366 18.5355 1 1 1892 0 0 0 -0.209417 -0.0578177 12.3007 1.33 -0.83 1.97969 11.9458 2.16466 0 -0.209417 0 14.3679 0.948693 1.18745 3.13163 11.6761 -7.76511 113.3 
