20170507005538 -0.0864491 0.350289 -0.128783 0 0 0 0.999979 0.00223846 0.00611703 -0.00224765 0.999996 0.00149508 -0.00611366 -0.00150879 0.99998 -0.0864491 0.350289 -0.128783 0.53436 -0.356586 -0.766359 0.999979 0.00223846 0.00611703 -0.00224765 0.999996 0.00149508 -0.00611366 -0.00150879 0.99998 2.79572 0.964257 0 1 2000 0 0 0 
20170507005538 -0.140026 0.0516659 0.00511048 0 0 0 1 -9.13983e-05 0.00090152 8.91947e-05 0.999997 0.00244399 -0.000901741 -0.00244391 0.999997 -0.140026 0.0516659 0.00511048 0.0049969 0.152219 0.988334 1 -9.13983e-05 0.00090152 8.91947e-05 0.999997 0.00244399 -0.000901741 -0.00244391 0.999997 1.6188 0.869659 0 1 2000 0 0 0 
20170507005538 -0.256702 -0.316828 0.109129 0 0 0 0.999983 -0.00187986 -0.00553813 0.00190463 0.999988 0.00446974 0.00552967 -0.00448021 0.999975 -0.256702 -0.316828 0.109129 0.0750085 0.158156 0.984561 0.999983 -0.00187986 -0.00553813 0.00190463 0.999988 0.00446974 0.00552967 -0.00448021 0.999975 1.96716 0.724935 0 1 2000 0 0 0 
20170507005538 -0.155693 -0.123953 0.233971 0 0 0 0.999989 -0.00407765 -0.00217446 0.00408354 0.999988 0.0027085 0.00216339 -0.00271735 0.999994 -0.155693 -0.123953 0.233971 -0.0400109 0.28685 0.95714 0.999989 -0.00407765 -0.00217446 0.00408354 0.999988 0.0027085 0.00216339 -0.00271735 0.999994 2.31098 0.890145 0 1 2000 0 0 0 
20170507005539 0.266079 0.831677 -0.0467555 0 0 0 0.999894 0.000883435 0.014511 -0.000815951 0.999989 -0.00465578 -0.014515 0.00464345 0.999884 0.266079 0.831677 -0.0467555 -0.964502 0.25148 0.0805796 0.999894 0.000883435 0.014511 -0.000815951 0.999989 -0.00465578 -0.014515 0.00464345 0.999884 2.76715 1.51512 0 1 2000 0 0 0 
20170507005539 0.378911 1.06022 -0.059084 0 0 0 0.999828 0.00115355 0.0184961 -0.00103103 0.999977 -0.00663228 -0.0185033 0.00661207 0.999807 0.378911 1.06022 -0.059084 0.976268 -0.216538 -0.00341985 0.999828 0.00115355 0.0184961 -0.00103103 0.999977 -0.00663228 -0.0185033 0.00661207 0.999807 3.34401 2.09208 0 1 2000 0 0 0 
20170507005539 0.225726 1.18281 -0.00174677 0 0 0 0.999787 0.000111811 0.0206422 -3.04804e-05 0.999992 -0.00394028 -0.0206425 0.00393881 0.999779 0.225726 1.18281 -0.00174677 -0.99662 0.0770266 0.0285664 0.999787 0.000111811 0.0206422 -3.04804e-05 0.999992 -0.00394028 -0.0206425 0.00393881 0.999779 4.08943 2.72674 0 1 2000 0 0 0 
20170507005539 0.228536 1.21639 0.00995891 0 0 0 0.999775 -8.91408e-05 0.0212289 0.000173777 0.999992 -0.003985 -0.0212284 0.00398779 0.999767 0.228536 1.21639 0.00995891 -0.995067 0.0967653 0.0218783 0.999775 -8.91408e-05 0.0212289 0.000173777 0.999992 -0.003985 -0.0212284 0.00398779 0.999767 4.26723 2.84065 0 1 2000 0 0 0 
20170507005540 0.117726 1.42659 0.0434069 0 0 0 0.99969 -0.000706438 0.0248975 0.000757359 0.999998 -0.00203585 -0.024896 0.00205408 0.999688 0.117726 1.42659 0.0434069 -0.996313 0.0766181 0.0386029 0.99969 -0.000706438 0.0248975 0.000757359 0.999998 -0.00203585 -0.024896 0.00205408 0.999688 3.68263 2.24324 0 1 2000 0 0 0 
20170507005540 0.195553 1.55265 0.108639 0 0 0 0.999631 -0.00180362 0.0271019 0.00189541 0.999993 -0.00336165 -0.0270956 0.00341178 0.999627 0.195553 1.55265 0.108639 -0.992274 0.113309 0.0505305 0.999631 -0.00180362 0.0271019 0.00189541 0.999993 -0.00336165 -0.0270956 0.00341178 0.999627 3.55111 1.87496 0 1 2000 0 0 0 
20170507005540 0.225384 1.55211 0.119597 0 0 0 0.999631 -0.00198079 0.0270941 0.00208659 0.99999 -0.00387713 -0.0270862 0.00393223 0.999625 0.225384 1.55211 0.119597 -0.988456 0.145612 0.0418662 0.999631 -0.00198079 0.0270941 0.00208659 0.99999 -0.00387713 -0.0270862 0.00393223 0.999625 3.51974 1.74269 0 1 2000 0 0 0 
20170507005540 0.0169213 1.21323 0.25034 0 0 0 0.999766 -0.00436298 0.0211743 0.00436826 0.99999 -0.000202818 -0.0211732 0.000295266 0.999776 0.0169213 1.21323 0.25034 -0.947477 0.168273 0.271978 0.999766 -0.00436298 0.0211743 0.00436826 0.99999 -0.000202818 -0.0211732 0.000295266 0.999776 3.68022 1.86039 0 1 1999 0 0 0 
20170507005540 -0.0794602 1.42893 0.202481 0 0 0 0.999683 -0.00356853 0.0249318 0.00353285 0.999993 0.00147496 -0.0249369 -0.00138641 0.999688 -0.0794602 1.42893 0.202481 -0.999681 -0.00577866 0.0245893 0.999683 -0.00356853 0.0249318 0.00353285 0.999993 0.00147496 -0.0249369 -0.00138641 0.999688 4.13587 2.15542 0 1 1999 0 0 0 
20170507005541 0.0536653 1.60314 0.366876 0 0 0 0.999588 -0.00637694 0.0279819 0.00640064 0.999979 -0.00075748 -0.0279765 0.00093627 0.999608 0.0536653 1.60314 0.366876 -0.972298 0.173527 0.156606 0.999588 -0.00637694 0.0279819 0.00640064 0.999979 -0.00075748 -0.0279765 0.00093627 0.999608 6.19812 2.7318 0 1 1999 0 0 0 
20170507005541 -0.161964 2.01405 0.195816 0 0 0 0.999376 -0.00351697 0.0351346 0.00341552 0.99999 0.0029469 -0.0351446 -0.00282506 0.999378 -0.161964 2.01405 0.195816 -0.953244 -0.196495 -0.229599 0.999376 -0.00351697 0.0351346 0.00341552 0.99999 0.0029469 -0.0351446 -0.00282506 0.999378 7.85111 2.84063 0 1 1998 0 0 0 
20170507005541 0.0181755 2.06117 0.198146 0 0 0 0.999347 -0.00344689 0.0359674 0.00345606 0.999994 -0.000192837 -0.0359665 0.000317017 0.999353 0.0181755 2.06117 0.198146 0.99654 -0.066226 0.0502159 0.999347 -0.00344689 0.0359674 0.00345606 0.999994 -0.000192837 -0.0359665 0.000317017 0.999353 8.75133 2.98648 0 1 1998 0 0 0 
20170507005541 0.158668 2.38145 0.189186 0 0 0 0.999131 -0.00318683 0.041561 0.00329906 0.999991 -0.00263207 -0.0415522 0.00276689 0.999133 0.158668 2.38145 0.189186 -0.921995 0.282885 0.264389 0.999131 -0.00318683 0.041561 0.00329906 0.999991 -0.00263207 -0.0415522 0.00276689 0.999133 10.4166 3.47608 0 1 1998 0 0 0 
20170507005541 -0.06851 1.79755 0.467589 0 0 0 0.999475 -0.00819838 0.0313572 0.00815687 0.999966 0.00145168 -0.031368 -0.00119514 0.999507 -0.06851 1.79755 0.467589 -0.371437 0.375032 0.849344 0.999475 -0.00819838 0.0313572 0.00815687 0.999966 0.00145168 -0.031368 -0.00119514 0.999507 10.7203 3.93486 0 1 1998 0 0 0 
20170507005542 -0.41828 2.06591 0.328339 0 0 0 0.999334 -0.00599357 0.0360058 0.00572684 0.999955 0.00750675 -0.0360492 -0.00729555 0.999323 -0.41828 2.06591 0.328339 -0.619678 0.0729194 0.781461 0.999334 -0.00599357 0.0360058 0.00572684 0.999955 0.00750675 -0.0360492 -0.00729555 0.999323 10.1364 4.34868 0 1 1998 0 0 0 
20170507005542 -0.187655 1.68195 0.295329 0 0 0 0.999556 -0.00525055 0.0293339 0.00515222 0.999981 0.00342644 -0.0293513 -0.00327378 0.999564 -0.187655 1.68195 0.295329 -0.506731 0.278473 0.81589 0.999556 -0.00525055 0.0293339 0.00515222 0.999981 0.00342644 -0.0293513 -0.00327378 0.999564 8.72526 4.27444 0 1 1998 0 0 0 
20170507005542 -0.250405 1.33166 0.163507 0 0 0 0.999726 -0.00295527 0.023227 0.00285296 0.999986 0.00443667 -0.0232398 -0.00436919 0.99972 -0.250405 1.33166 0.163507 -0.58884 0.224978 0.776307 0.999726 -0.00295527 0.023227 0.00285296 0.999986 0.00443667 -0.0232398 -0.00436919 0.99972 6.36479 3.63838 0 1 1998 0 0 0 
20170507005542 0.231282 1.4478 0.010689 0 0 0 0.999681 -8.45664e-05 0.0252667 0.000186498 0.999992 -0.00403191 -0.0252662 0.00403534 0.999673 0.231282 1.4478 0.010689 -0.741125 0.391872 0.545133 0.999681 -8.45664e-05 0.0252667 0.000186498 0.999992 -0.00403191 -0.0252662 0.00403534 0.999673 4.82562 3.02841 0 1 1998 0 0 0 
20170507005542 0.227601 1.38489 -0.0736194 0 0 0 0.999707 0.0013809 0.0241633 -0.00128452 0.999991 -0.00400342 -0.0241686 0.00397121 0.9997 0.227601 1.38489 -0.0736194 -0.809249 0.383912 0.444666 0.999707 0.0013809 0.0241633 -0.00128452 0.999991 -0.00400342 -0.0241686 0.00397121 0.9997 4.4075 2.66325 0 1 1998 0 0 0 
20170507005543 0.200634 1.48061 -0.0522441 0 0 0 0.999666 0.00100231 0.0258354 -0.000911527 0.999993 -0.00352528 -0.0258387 0.00350055 0.99966 0.200634 1.48061 -0.0522441 -0.886292 0.3529 0.299913 0.999666 0.00100231 0.0258354 -0.000911527 0.999993 -0.00352528 -0.0258387 0.00350055 0.99966 5.1152 2.41377 0 1 1998 0 0 0 
20170507005543 0.00269813 0.82045 0.154938 0 0 0 0.999894 -0.00270349 0.0143191 0.00270389 0.999996 -8.37001e-06 -0.0143191 4.70865e-05 0.999897 0.00269813 0.82045 0.154938 -0.162073 0.416791 0.894437 0.999894 -0.00270349 0.0143191 0.00270389 0.999996 -8.37001e-06 -0.0143191 4.70865e-05 0.999897 5.94168 2.19885 0 1 1998 0 0 0 
20170507005543 0.17436 1.65689 -0.0883924 0 0 0 0.999581 0.00163072 0.0289093 -0.00154209 0.999994 -0.00308775 -0.0289142 0.00304188 0.999577 0.17436 1.65689 -0.0883924 -0.96162 0.231641 0.147067 0.999581 0.00163072 0.0289093 -0.00154209 0.999994 -0.00308775 -0.0289142 0.00304188 0.999577 6.36185 2.09816 0 1 1998 0 0 0 
20170507005543 0.0241124 0.700047 0.150494 0 0 0 0.999922 -0.00262147 0.0122189 0.00262642 0.999996 -0.000388748 -0.0122178 0.000420809 0.999925 0.0241124 0.700047 0.150494 -0.140183 0.444087 0.884949 0.999922 -0.00262147 0.0122189 0.00262642 0.999996 -0.000388748 -0.0122178 0.000420809 0.999925 5.28895 2.20606 0 1 1998 0 0 0 
20170507005543 0.16906 0.413803 0.115267 0 0 0 0.999972 -0.00199047 0.00722805 0.00201173 0.999994 -0.00293612 -0.00722216 0.00295058 0.99997 0.16906 0.413803 0.115267 -0.0855045 0.456576 0.885566 0.999972 -0.00199047 0.00722805 0.00201173 0.999994 -0.00293612 -0.00722216 0.00295058 0.99997 3.93943 2.22764 0 1 1998 0 0 0 
20170507005544 0.171409 1.04657 -0.188882 0 0 0 0.999828 0.00335123 0.018255 -0.00329606 0.99999 -0.00305185 -0.018265 0.00299116 0.999829 0.171409 1.04657 -0.188882 -0.851161 0.251917 0.460503 0.999828 0.00335123 0.018255 -0.00329606 0.99999 -0.00305185 -0.018265 0.00299116 0.999829 2.85353 2.0013 0 1 1998 0 0 0 
20170507005544 -0.273273 0.621694 -0.318727 0 0 0 0.999926 0.00551099 0.0108766 -0.00556248 0.999973 0.00470906 -0.0108504 -0.00476921 0.99993 -0.273273 0.621694 -0.318727 -0.708397 0.0116882 0.705718 0.999926 0.00551099 0.0108766 -0.00556248 0.999973 0.00470906 -0.0108504 -0.00476921 0.99993 2.80341 2.10176 0 1 1998 0 0 0 
20170507005544 0.051375 1.12992 -0.153533 0 0 0 0.999802 0.00269733 0.0197171 -0.00267913 0.999996 -0.0009495 -0.0197195 0.000896488 0.999805 0.051375 1.12992 -0.153533 -0.859614 0.163653 0.484027 0.999802 0.00269733 0.0197171 -0.00267913 0.999996 -0.0009495 -0.0197195 0.000896488 0.999805 3.23566 2.3659 0 1 1998 0 0 0 
20170507005544 0.121585 1.13729 -0.148087 0 0 0 0.9998 0.00262672 0.0198425 -0.0025841 0.999994 -0.00217334 -0.0198481 0.00212163 0.999801 0.121585 1.13729 -0.148087 -0.803554 0.208697 0.557446 0.9998 0.00262672 0.0198425 -0.0025841 0.999994 -0.00217334 -0.0198481 0.00212163 0.999801 3.36098 2.38222 0 1 1998 0 0 0 
20170507005544 0.132252 1.10727 -0.156933 0 0 0 0.99981 0.00278358 0.0193178 -0.00273848 0.999993 -0.00236116 -0.0193242 0.00230781 0.999811 0.132252 1.10727 -0.156933 -0.823983 0.20801 0.527052 0.99981 0.00278358 0.0193178 -0.00273848 0.999993 -0.00236116 -0.0193242 0.00230781 0.999811 3.2789 2.29225 0 1 1998 0 0 0 
20170507005544 0.177123 1.12658 -0.154837 0 0 0 0.999803 0.00276318 0.0196527 -0.00270189 0.999991 -0.00314449 -0.0196612 0.00309077 0.999802 0.177123 1.12658 -0.154837 -0.811062 0.134679 0.569245 0.999803 0.00276318 0.0196527 -0.00270189 0.999991 -0.00314449 -0.0196612 0.00309077 0.999802 3.7652 2.12227 0 1 1998 0 0 0 
20170507005545 -0.0867864 1.29917 -0.393176 0 0 0 0.999719 0.00682782 0.0226827 -0.0068604 0.999976 0.00135909 -0.0226728 -0.00151432 0.999742 -0.0867864 1.29917 -0.393176 -0.854314 -0.18791 0.4846 0.999719 0.00682782 0.0226827 -0.0068604 0.999976 0.00135909 -0.0226728 -0.00151432 0.999742 5.82953 2.60285 0 1 1998 0 0 0 
20170507005545 -0.0270044 0.862671 -0.32998 0 0 0 0.99987 0.00575211 0.0150583 -0.00575855 0.999983 0.000384597 -0.0150559 -0.000471262 0.999887 -0.0270044 0.862671 -0.32998 -0.890463 -0.303791 0.338803 0.99987 0.00575211 0.0150583 -0.00575855 0.999983 0.000384597 -0.0150559 -0.000471262 0.999887 8.26886 4.18759 0 1 1998 0 0 0 
20170507005545 -0.0354686 0.91128 -0.518002 0 0 0 0.999833 0.00903088 0.0159091 -0.00903958 0.999959 0.000475233 -0.0159042 -0.000618965 0.999873 -0.0354686 0.91128 -0.518002 -0.879574 -0.276201 0.387378 0.999833 0.00903088 0.0159091 -0.00903958 0.999959 0.000475233 -0.0159042 -0.000618965 0.999873 10.3572 5.42139 0 1 1998 0 0 0 
20170507005545 0.186115 0.338307 -0.127896 0 0 0 0.99998 0.00225137 0.00589724 -0.00223216 0.999992 -0.00326148 -0.00590453 0.00324825 0.999977 0.186115 0.338307 -0.127896 -0.752751 -0.321751 0.574318 0.99998 0.00225137 0.00589724 -0.00223216 0.999992 -0.00326148 -0.00590453 0.00324825 0.999977 13.2228 6.56644 0 1 1998 0 0 0 
20170507005545 0.0721467 0.308595 -0.147101 0 0 0 0.999982 0.00257418 0.00538271 -0.00256736 0.999996 -0.00127302 -0.00538597 0.00125918 0.999985 0.0721467 0.308595 -0.147101 -0.664089 -0.377316 0.64546 0.999982 0.00257418 0.00538271 -0.00256736 0.999996 -0.00127302 -0.00538597 0.00125918 0.999985 16.2994 7.88455 0 1 1998 0 0 0 
20170507005546 0.0247625 -0.240186 -0.637105 0 0 0 0.999929 0.0111175 -0.00419658 -0.0111193 0.999938 -0.000385548 0.00419203 0.000432184 0.999991 0.0247625 -0.240186 -0.637105 -0.490757 -0.35383 0.796217 0.999929 0.0111175 -0.00419658 -0.0111193 0.999938 -0.000385548 0.00419203 0.000432184 0.999991 18.103 8.60965 0 1 1998 0 0 0 
20170507005546 0.0243503 -0.154113 -0.67664 0 0 0 0.999927 0.0118082 -0.0026946 -0.0118093 0.99993 -0.0003932 0.00268977 0.000424992 0.999996 0.0243503 -0.154113 -0.67664 -0.428295 -0.350209 0.833017 0.999927 0.0118082 -0.0026946 -0.0118093 0.99993 -0.0003932 0.00268977 0.000424992 0.999996 18.6565 8.72677 0 1 1998 0 0 0 
20170507005546 0.0468288 -0.127592 -0.580242 0 0 0 0.999946 0.0101251 -0.00223506 -0.0101269 0.999948 -0.000794724 0.0022269 0.000817315 0.999997 0.0468288 -0.127592 -0.580242 -0.320195 -0.316758 0.892827 0.999946 0.0101251 -0.00223506 -0.0101269 0.999948 -0.000794724 0.0022269 0.000817315 0.999997 18.935 8.40192 0 1 1998 0 0 0 
20170507005546 1.27488 0.4202 -0.753849 0 0 0 0.999887 0.0133167 0.00703863 -0.0131564 0.999664 -0.0223435 -0.00733381 0.0222484 0.999726 1.27488 0.4202 -0.753849 -0.387219 -0.120459 0.914085 0.999887 0.0133167 0.00703863 -0.0131564 0.999664 -0.0223435 -0.00733381 0.0222484 0.999726 18.8496 8.15484 0 1 1998 0 0 0 
20170507005546 -0.254897 -0.122556 -0.549496 -0.16969 -0.29171 0.941334 0.999952 0.00959978 -0.00209622 -0.00959034 0.999944 0.00446908 0.00213901 -0.00444877 0.999988 -0.254897 -0.122556 -0.549496 -0.16969 -0.29171 0.941334 0.999952 0.00959978 -0.00209622 -0.00959034 0.999944 0.00446908 0.00213901 -0.00444877 0.999988 20.3091 8.24041 1 1 1998 0 0 0 
20170507005547 -0.018496 0.167561 -0.565411 -0.174496 -0.242501 0.954329 0.999947 0.00986717 0.00292753 -0.00986807 0.999951 0.000293941 -0.00292449 -0.000322815 0.999996 -0.018496 0.167561 -0.565411 -0.174496 -0.242501 0.954329 0.999947 0.00986717 0.00292753 -0.00986807 0.999951 0.000293941 -0.00292449 -0.000322815 0.999996 22.3637 8.86171 1 1 1998 0 0 0 
20170507005547 0.743254 -0.190103 -0.624548 -0.124555 -0.184812 0.974849 0.999935 0.0108563 -0.00345883 -0.0109001 0.999857 -0.0129349 0.00331791 0.0129718 0.99991 0.743254 -0.190103 -0.624548 -0.124555 -0.184812 0.974849 0.999935 0.0108563 -0.00345883 -0.0109001 0.999857 -0.0129349 0.00331791 0.0129718 0.99991 24.7062 9.77571 1 1 1998 0 0 0 
20170507005547 0.957363 -0.202793 -0.547644 -0.161684 -0.146773 0.975867 0.999948 0.00949758 -0.00369844 -0.00955799 0.999815 -0.0166738 0.0035394 0.0167083 0.999854 0.957363 -0.202793 -0.547644 -0.161684 -0.146773 0.975867 0.999948 0.00949758 -0.00369844 -0.00955799 0.999815 -0.0166738 0.0035394 0.0167083 0.999854 27.026 10.7007 1 1 1998 0 0 0 
20170507005547 1.04223 -0.556944 -0.657201 -0.180032 -0.109694 0.977525 0.999887 0.0112914 -0.00992674 -0.0114695 0.999771 -0.0180767 0.00972035 0.0181885 0.999787 1.04223 -0.556944 -0.657201 -0.180032 -0.109694 0.977525 0.999887 0.0112914 -0.00992674 -0.0114695 0.999771 -0.0180767 0.00972035 0.0181885 0.999787 28.4422 11.5448 1 1 1998 0 0 0 
20170507005547 1.17524 -0.877582 -0.565126 -0.217432 -0.0879655 0.972104 0.999834 0.00954696 -0.0155144 -0.009862 0.999744 -0.0203583 0.0153161 0.0205079 0.999672 1.17524 -0.877582 -0.565126 -0.217432 -0.0879655 0.972104 0.999834 0.00954696 -0.0155144 -0.009862 0.999744 -0.0203583 0.0153161 0.0205079 0.999672 30.3773 12.8436 1 1 1998 0 0 0 
20170507005548 0.613665 -0.360814 -0.841926 -0.25519 -0.167727 0.952232 0.999872 0.0146256 -0.00645369 -0.0146936 0.999836 -0.0106166 0.00629736 0.0107101 0.999923 0.613665 -0.360814 -0.841926 -0.25519 -0.167727 0.952232 0.999872 0.0146256 -0.00645369 -0.0146936 0.999836 -0.0106166 0.00629736 0.0107101 0.999923 32.9851 14.3503 1 1 1998 0 0 0 
20170507005548 0.746728 0.651346 -0.645933 -0.326344 -0.159446 0.931706 0.999872 0.0114206 0.0112193 -0.0112727 0.99985 -0.0131598 -0.0113679 0.0130316 0.99985 0.746728 0.651346 -0.645933 -0.326344 -0.159446 0.931706 0.999872 0.0114206 0.0112193 -0.0112727 0.99985 -0.0131598 -0.0113679 0.0130316 0.99985 35.6217 15.5176 1 1 1998 0 0 0 
20170507005548 -1.89216 -0.784015 -0.956968 -0.169306 -0.415056 0.893904 0.999767 0.0171441 -0.0131224 -0.0166999 0.999308 0.0332423 0.0136832 -0.0330154 0.999361 -1.89216 -0.784015 -0.956968 -0.169306 -0.415056 0.893904 0.999767 0.0171441 -0.0131224 -0.0166999 0.999308 0.0332423 0.0136832 -0.0330154 0.999361 36.8108 16.0759 1 1 1995 0 0 0 
20170507005548 1.65543 -0.321394 -0.563312 -0.21494 -0.0891477 0.97255 0.999936 0.00966535 -0.00589076 -0.00983134 0.999536 -0.0288322 0.00560935 0.0288883 0.999567 1.65543 -0.321394 -0.563312 -0.21494 -0.0891477 0.97255 0.999936 0.00966535 -0.00589076 -0.00983134 0.999536 -0.0288322 0.00560935 0.0288883 0.999567 36.5828 15.6062 1 1 1995 0 0 0 
20170507005548 -0.536623 0.600875 -1.26798 -0.191237 -0.303097 0.933574 0.9997 0.0220295 0.0106913 -0.0221274 0.999713 0.00913135 -0.010487 -0.00936518 0.999901 -0.536623 0.600875 -1.26798 -0.191237 -0.303097 0.933574 0.9997 0.0220295 0.0106913 -0.0221274 0.999713 0.00913135 -0.010487 -0.00936518 0.999901 36.3131 14.8625 1 1 1995 0 0 0 
20170507005549 0.586691 0.151108 -1.48299 -0.0676156 -0.276897 0.958518 0.999662 0.0259057 0.0023713 -0.02588 0.999612 -0.0103043 -0.00263732 0.0102395 0.999944 0.586691 0.151108 -1.48299 -0.0676156 -0.276897 0.958518 0.999662 0.0259057 0.0023713 -0.02588 0.999612 -0.0103043 -0.00263732 0.0102395 0.999944 36.9576 14.6463 1 1 1995 0 0 0 
20170507005549 1.37839 0.981425 -0.473106 -0.0753137 -0.216772 0.973313 0.999819 0.00866679 0.0169241 -0.00825596 0.999673 -0.0241957 -0.0171283 0.0240516 0.999564 1.37839 0.981425 -0.473106 -0.0753137 -0.216772 0.973313 0.999819 0.00866679 0.0169241 -0.00825596 0.999673 -0.0241957 -0.0171283 0.0240516 0.999564 38.49 15.1882 1 1 1995 0 0 0 
20170507005549 0.994953 0.601317 -0.441922 0.0291555 -0.299672 0.953597 0.999915 0.00789398 0.0103589 -0.00771249 0.999818 -0.0174447 -0.0104948 0.0173634 0.999794 0.994953 0.601317 -0.441922 0.0291555 -0.299672 0.953597 0.999915 0.00789398 0.0103589 -0.00771249 0.999818 -0.0174447 -0.0104948 0.0173634 0.999794 40.6114 16.1355 1 1 1995 0 0 0 
20170507005549 -0.676878 -1.2656 -1.06188 0.22038 -0.49487 0.840557 0.999584 0.0187918 -0.0218628 -0.0185277 0.999754 0.0122207 0.0220871 -0.0118106 0.999686 -0.676878 -1.2656 -1.06188 0.22038 -0.49487 0.840557 0.999584 0.0187918 -0.0218628 -0.0185277 0.999754 0.0122207 0.0220871 -0.0118106 0.999686 42.8089 16.9489 1 1 1993 0 0 0 
20170507005549 0.234132 -1.29832 -1.17226 0.255496 -0.440374 0.860693 0.999534 0.0203656 -0.0227368 -0.0204531 0.999784 -0.00362196 0.0226581 0.00408531 0.999735 0.234132 -1.29832 -1.17226 0.255496 -0.440374 0.860693 0.999534 0.0203656 -0.0227368 -0.0204531 0.999784 -0.00362196 0.0226581 0.00408531 0.999735 43.823 18.0275 1 1 1992 0 0 0 
20170507005550 -0.349367 -2.03987 -1.12643 0.323277 -0.47913 0.816043 0.999173 0.0198752 -0.0354675 -0.0196461 0.999784 0.00679612 0.0355949 -0.00609371 0.999348 -0.349367 -2.03987 -1.12643 0.323277 -0.47913 0.816043 0.999173 0.0198752 -0.0354675 -0.0196461 0.999784 0.00679612 0.0355949 -0.00609371 0.999348 45.1933 18.8919 1 1 1989 0 0 0 
20170507005550 0.637012 -0.902511 -1.08818 0.267269 -0.440534 0.857028 0.999696 0.0188149 -0.0159585 -0.0189888 0.999761 -0.0108166 0.0157511 0.0111163 0.999814 0.637012 -0.902511 -1.08818 0.267269 -0.440534 0.857028 0.999696 0.0188149 -0.0159585 -0.0189888 0.999761 -0.0108166 0.0157511 0.0111163 0.999814 47.3397 20.0511 1 1 1985 0 0 0 
20170507005550 0.173056 -2.11444 -1.49309 0.411849 -0.478152 0.775726 0.99898 0.0259449 -0.0369615 -0.0260387 0.999659 -0.00205801 0.0368955 0.00301834 0.999315 0.173056 -2.11444 -1.49309 0.411849 -0.478152 0.775726 0.99898 0.0259449 -0.0369615 -0.0260387 0.999659 -0.00205801 0.0368955 0.00301834 0.999315 49.4595 21.5901 1 1 1981 0 0 0 
20170507005550 0.402187 -2.45605 -1.65639 0.452298 -0.430534 0.781068 0.998664 0.0286041 -0.0430369 -0.028879 0.999566 -0.00577784 0.0428529 0.00701298 0.999057 0.402187 -2.45605 -1.65639 0.452298 -0.430534 0.781068 0.998664 0.0286041 -0.0430369 -0.028879 0.999566 -0.00577784 0.0428529 0.00701298 0.999057 49.7802 23.1851 1 1 1981 0 0 0 
20170507005551 1.01937 -2.41043 -1.83381 0.493503 -0.363201 0.790278 0.998603 0.0312477 -0.0425986 -0.0319723 0.999354 -0.0164357 0.0420574 0.0177747 0.998957 1.01937 -2.41043 -1.83381 0.493503 -0.363201 0.790278 0.998603 0.0312477 -0.0425986 -0.0319723 0.999354 -0.0164357 0.0420574 0.0177747 0.998957 50.7232 23.5603 1 1 1979 0 0 0 
20170507005551 1.06658 -2.3019 -1.82984 0.485461 -0.32486 0.811661 0.998684 0.0311785 -0.0407319 -0.0319055 0.999341 -0.0173224 0.0401649 0.0185992 0.99902 1.06658 -2.3019 -1.82984 0.485461 -0.32486 0.811661 0.998684 0.0311785 -0.0407319 -0.0319055 0.999341 -0.0173224 0.0401649 0.0185992 0.99902 50.2657 23.7503 1 1 1979 0 0 0 
20170507005551 0.900252 -2.43662 -1.79853 0.463087 -0.317088 0.827651 0.998604 0.0307136 -0.0429811 -0.0313567 0.999405 -0.0143698 0.0425142 0.0156975 0.998973 0.900252 -2.43662 -1.79853 0.463087 -0.317088 0.827651 0.998604 0.0307136 -0.0429811 -0.0313567 0.999405 -0.0143698 0.0425142 0.0156975 0.998973 48.6178 23.3673 1 1 1979 0 0 0 
20170507005551 0.926187 -2.73102 -2.1028 0.432371 -0.328129 0.839873 0.998192 0.0359181 -0.048202 -0.0366509 0.999224 -0.0144053 0.0476472 0.0161459 0.998734 0.926187 -2.73102 -2.1028 0.432371 -0.328129 0.839873 0.998192 0.0359181 -0.048202 -0.0366509 0.999224 -0.0144053 0.0476472 0.0161459 0.998734 46.8391 22.8604 1 1 1979 0 0 0 
20170507005551 0.721135 -2.8539 -2.17149 0.419156 -0.341056 0.841421 0.998043 0.0372614 -0.0502266 -0.0378436 0.999226 -0.0106904 0.0497894 0.0125702 0.998681 0.721135 -2.8539 -2.17149 0.419156 -0.341056 0.841421 0.998043 0.0372614 -0.0502266 -0.0378436 0.999226 -0.0106904 0.0497894 0.0125702 0.998681 44.4818 20.7259 1 1 1979 0 0 0 
20170507005552 0.834062 -2.8103 -2.12212 0.407396 -0.352026 0.842678 0.998112 0.0363123 -0.0495295 -0.0369849 0.999235 -0.0127313 0.0490293 0.0145391 0.998692 0.834062 -2.8103 -2.12212 0.407396 -0.352026 0.842678 0.998112 0.0363123 -0.0495295 -0.0369849 0.999235 -0.0127313 0.0490293 0.0145391 0.998692 43.7851 20.1715 1 1 1979 0 0 0 
20170507005552 0.730855 -2.56953 -1.98769 0.387295 -0.366057 0.84617 0.998393 0.0341104 -0.0452435 -0.0346499 0.999337 -0.011193 0.0448317 0.0127426 0.998913 0.730855 -2.56953 -1.98769 0.387295 -0.366057 0.84617 0.998393 0.0341104 -0.0452435 -0.0346499 0.999337 -0.011193 0.0448317 0.0127426 0.998913 43.4882 19.7913 1 1 1979 0 0 0 
20170507005552 0.714734 -2.5254 -2.02133 0.375112 -0.37545 0.847542 0.998407 0.0347196 -0.0444713 -0.0352374 0.999319 -0.0109123 0.0440622 0.012462 0.998951 0.714734 -2.5254 -2.02133 0.375112 -0.37545 0.847542 0.998407 0.0347196 -0.0444713 -0.0352374 0.999319 -0.0109123 0.0440622 0.012462 0.998951 43.4373 19.6292 1 1 1979 0 0 0 
20170507005552 0.728565 -2.41265 -2.08343 0.365729 -0.365069 0.856135 0.998453 0.0358168 -0.0425274 -0.0363225 0.999278 -0.0111768 0.0420963 0.0127043 0.999033 0.728565 -2.41265 -2.08343 0.365729 -0.365069 0.856135 0.998453 0.0358168 -0.0425274 -0.0363225 0.999278 -0.0111768 0.0420963 0.0127043 0.999033 42.824 19.2846 1 1 1979 0 0 0 
20170507005552 0.730868 -2.40558 -2.10976 0.373136 -0.334065 0.865546 0.998441 0.036276 -0.0424106 -0.0367815 0.999261 -0.011202 0.0419729 0.0127445 0.999037 0.730868 -2.40558 -2.10976 0.373136 -0.334065 0.865546 0.998441 0.036276 -0.0424106 -0.0367815 0.999261 -0.011202 0.0419729 0.0127445 0.999037 42.0727 19.102 1 1 1979 0 0 0 
20170507005553 0.720131 -2.24418 -2.12781 0.365713 -0.312398 0.876733 0.998544 0.036634 -0.0395949 -0.0371002 0.99925 -0.0111059 0.0391583 0.0125587 0.999154 0.720131 -2.24418 -2.12781 0.365713 -0.312398 0.876733 0.998544 0.036634 -0.0395949 -0.0371002 0.99925 -0.0111059 0.0391583 0.0125587 0.999154 42.3075 19.1046 1 1 1979 0 0 0 
20170507005553 0.782357 -2.23582 -2.16311 0.342044 -0.279131 0.897269 0.998527 0.0372087 -0.0394965 -0.0377158 0.999214 -0.0121722 0.0390125 0.0136439 0.999146 0.782357 -2.23582 -2.16311 0.342044 -0.279131 0.897269 0.998527 0.0372087 -0.0394965 -0.0377158 0.999214 -0.0121722 0.0390125 0.0136439 0.999146 42.1206 19.0928 1 1 1979 0 0 0 
20170507005553 0.776603 -2.3239 -2.18172 0.327435 -0.24169 0.91344 0.998453 0.0375163 -0.0410315 -0.0380377 0.999204 -0.0120005 0.0405486 0.0135427 0.999086 0.776603 -2.3239 -2.18172 0.327435 -0.24169 0.91344 0.998453 0.0375163 -0.0410315 -0.0380377 0.999204 -0.0120005 0.0405486 0.0135427 0.999086 40.7186 18.7594 1 1 1979 0 0 0 
20170507005553 0.744527 -2.19199 -2.24 0.31015 -0.222859 0.924197 0.998505 0.0385855 -0.0387236 -0.0390568 0.999171 -0.0114893 0.0382481 0.0129846 0.999184 0.744527 -2.19199 -2.24 0.31015 -0.222859 0.924197 0.998505 0.0385855 -0.0387236 -0.0390568 0.999171 -0.0114893 0.0382481 0.0129846 0.999184 40.6053 18.5753 1 1 1979 0 0 0 
20170507005554 0.254878 -3.32152 -2.11249 0.375345 -0.228074 0.898386 0.997642 0.0366036 -0.058063 -0.0367996 0.99932 -0.00230973 0.057939 0.00444098 0.99831 0.254878 -3.32152 -2.11249 0.375345 -0.228074 0.898386 0.997642 0.0366036 -0.058063 -0.0367996 0.99932 -0.00230973 0.057939 0.00444098 0.99831 40.9619 18.6638 1 1 1979 0 0 0 
20170507005554 0.253667 -3.2042 -2.10679 0.364679 -0.231203 0.901972 0.997762 0.0365145 -0.0560192 -0.0367047 0.999323 -0.00236952 0.0558948 0.00442039 0.998427 0.253667 -3.2042 -2.10679 0.364679 -0.231203 0.901972 0.997762 0.0365145 -0.0560192 -0.0367047 0.999323 -0.00236952 0.0558948 0.00442039 0.998427 41.9116 18.9329 1 1 1979 0 0 0 
20170507005554 0.72341 -1.80134 -2.40363 0.258716 -0.181545 0.94874 0.998626 0.0415391 -0.0319335 -0.0419183 0.999057 -0.0112962 0.0314342 0.0126193 0.999426 0.72341 -1.80134 -2.40363 0.258716 -0.181545 0.94874 0.998626 0.0415391 -0.0319335 -0.0419183 0.999057 -0.0112962 0.0314342 0.0126193 0.999426 42.8223 19.395 1 1 1979 0 0 0 
20170507005554 0.643423 -1.74795 -2.34546 0.268934 -0.154368 0.950708 0.998697 0.0405797 -0.0309349 -0.0409055 0.999113 -0.00997197 0.0305028 0.0112244 0.999472 0.643423 -1.74795 -2.34546 0.268934 -0.154368 0.950708 0.998697 0.0405797 -0.0309349 -0.0409055 0.999113 -0.00997197 0.0305028 0.0112244 0.999472 43.1236 19.8313 1 1 1979 0 0 0 
20170507005554 1.68761 -1.90235 -2.12147 0.288135 -0.0526507 0.956141 0.998764 0.0360251 -0.0342492 -0.0369977 0.998917 -0.0282017 0.0331961 0.0294339 0.999015 1.68761 -1.90235 -2.12147 0.288135 -0.0526507 0.956141 0.998764 0.0360251 -0.0342492 -0.0369977 0.998917 -0.0282017 0.0331961 0.0294339 0.999015 44.5524 20.5932 1 1 1968 0 0 0 
20170507005555 -0.496575 -4.36828 -2.81214 0.445598 -0.228767 0.86551 0.995894 0.0497189 -0.0756473 -0.0489189 0.998726 0.012393 0.0761671 -0.00864158 0.997058 -0.496575 -4.36828 -2.81214 0.445598 -0.228767 0.86551 0.995894 0.0497189 -0.0756473 -0.0489189 0.998726 0.012393 0.0761671 -0.00864158 0.997058 45.1756 21.2327 1 1 1967 0 0 0 
20170507005555 -0.590009 -4.17773 -2.9786 0.460275 -0.227558 0.858117 0.995995 0.0527093 -0.0722132 -0.0518248 0.998557 0.0140688 0.0728505 -0.0102701 0.99729 -0.590009 -4.17773 -2.9786 0.460275 -0.227558 0.858117 0.995995 0.0527093 -0.0722132 -0.0518248 0.998557 0.0140688 0.0728505 -0.0102701 0.99729 46.1204 21.9119 1 1 1967 0 0 0 
20170507005555 0.440125 -3.48249 -2.25621 0.450667 -0.11112 0.885749 0.99738 0.0389008 -0.060997 -0.0392955 0.999214 -0.0052843 0.0607435 0.00766736 0.998124 0.440125 -3.48249 -2.25621 0.450667 -0.11112 0.885749 0.99738 0.0389008 -0.060997 -0.0392955 0.999214 -0.0052843 0.0607435 0.00766736 0.998124 46.3296 22.2122 1 1 1967 0 0 0 
20170507005555 1.2581 -0.586852 -2.05557 0.307363 -0.0361761 0.950905 0.999304 0.0356355 -0.0110208 -0.035867 0.999124 -0.0215747 0.0102423 0.021955 0.999706 1.2581 -0.586852 -2.05557 0.307363 -0.0361761 0.950905 0.999304 0.0356355 -0.0110208 -0.035867 0.999124 -0.0215747 0.0102423 0.021955 0.999706 46.8318 22.6002 1 1 1962 0 0 0 
20170507005556 0.161449 -2.89758 -2.21535 0.429752 -0.15311 0.889871 0.997975 0.0385129 -0.0506217 -0.038606 0.999254 -0.000861659 0.0505507 0.00281421 0.998718 0.161449 -2.89758 -2.21535 0.429752 -0.15311 0.889871 0.997975 0.0385129 -0.0506217 -0.038606 0.999254 -0.000861659 0.0505507 0.00281421 0.998718 48.3146 23.237 1 1 1954 0 0 0 
20170507005556 0.0465987 -2.43164 -1.91831 0.399477 -0.150278 0.904342 0.99854 0.0334401 -0.0424308 -0.0334445 0.99944 0.000607393 0.0424274 0.000812569 0.999099 0.0465987 -2.43164 -1.91831 0.399477 -0.150278 0.904342 0.99854 0.0334401 -0.0424308 -0.0334445 0.99944 0.000607393 0.0424274 0.000812569 0.999099 49.6525 24.2641 1 1 1954 0 0 0 
20170507005556 0.0187938 -2.74958 -2.10107 0.415729 -0.175676 0.892361 0.998177 0.0366467 -0.0479506 -0.0366202 0.999328 0.00143093 0.0479709 0.000327636 0.998849 0.0187938 -2.74958 -2.10107 0.415729 -0.175676 0.892361 0.998177 0.0366467 -0.0479506 -0.0366202 0.999328 0.00143093 0.0479709 0.000327636 0.998849 50.8111 25.3115 1 1 1954 0 0 0 
20170507005556 0.887115 -2.04493 -2.30071 0.453741 -0.12483 0.882347 0.998558 0.0395873 -0.0362717 -0.0401186 0.999096 -0.0140377 0.0356833 0.0154726 0.999243 0.887115 -2.04493 -2.30071 0.453741 -0.12483 0.882347 0.998558 0.0395873 -0.0362717 -0.0401186 0.999096 -0.0140377 0.0356833 0.0154726 0.999243 51.0111 26.1202 1 1 1954 0 0 0 
20170507005556 0.519665 -3.49173 -2.38773 0.496182 -0.124633 0.859226 0.997277 0.041108 -0.061227 -0.0415843 0.999114 -0.0065246 0.0609045 0.00905291 0.998103 0.519665 -3.49173 -2.38773 0.496182 -0.124633 0.859226 0.997277 0.041108 -0.061227 -0.0415843 0.999114 -0.0065246 0.0609045 0.00905291 0.998103 51.1457 26.3332 1 1 1954 0 0 0 
20170507005557 0.666905 -2.525 -2.19375 0.510236 -0.116729 0.852076 0.998297 0.0377639 -0.0444655 -0.0382417 0.999219 -0.00994462 0.0440552 0.0116281 0.998961 0.666905 -2.525 -2.19375 0.510236 -0.116729 0.852076 0.998297 0.0377639 -0.0444655 -0.0382417 0.999219 -0.00994462 0.0440552 0.0116281 0.998961 50.7414 26.3429 1 1 1954 0 0 0 
20170507005557 0.696621 -3.53791 -2.60284 0.49431 -0.109621 0.862346 0.997064 0.0446597 -0.0621928 -0.045326 0.998929 -0.00934334 0.0617089 0.0121349 0.99802 0.696621 -3.53791 -2.60284 0.49431 -0.109621 0.862346 0.997064 0.0446597 -0.0621928 -0.045326 0.998929 -0.00934334 0.0617089 0.0121349 0.99802 49.6089 25.8176 1 1 1954 0 0 0 
20170507005557 -0.181528 -4.97134 -3.12387 0.604368 -0.198133 0.771675 0.994758 0.0547687 -0.0863556 -0.0542899 0.998494 0.00788592 0.0866575 -0.00315634 0.996233 -0.181528 -4.97134 -3.12387 0.604368 -0.198133 0.771675 0.994758 0.0547687 -0.0863556 -0.0542899 0.998494 0.00788592 0.0866575 -0.00315634 0.996233 48.2878 25.261 1 1 1954 0 0 0 
20170507005557 0.644796 -4.47831 -2.91216 0.57554 -0.104674 0.811047 0.995659 0.0499242 -0.0785477 -0.0506498 0.99869 -0.00727237 0.0780817 0.0112192 0.996884 0.644796 -4.47831 -2.91216 0.57554 -0.104674 0.811047 0.995659 0.0499242 -0.0785477 -0.0506498 0.99869 -0.00727237 0.0780817 0.0112192 0.996884 46.6261 23.4196 1 1 1954 0 0 0 
20170507005558 1.0662 -2.30982 -2.74499 0.442652 -0.0133822 0.896594 0.998041 0.0471334 -0.041141 -0.0478518 0.998716 -0.0166565 0.0403031 0.0185925 0.999015 1.0662 -2.30982 -2.74499 0.442652 -0.0133822 0.896594 0.998041 0.0471334 -0.041141 -0.0478518 0.998716 -0.0166565 0.0403031 0.0185925 0.999015 45.5085 22.9373 1 1 1954 0 0 0 
20170507005558 0.615566 -2.20495 -2.6146 0.445179 -0.0184587 0.895251 0.998219 0.045202 -0.0389219 -0.0455837 0.99892 -0.00897727 0.0384741 0.0107355 0.999202 0.615566 -2.20495 -2.6146 0.445179 -0.0184587 0.895251 0.998219 0.045202 -0.0389219 -0.0455837 0.99892 -0.00897727 0.0384741 0.0107355 0.999202 45.6026 23.0859 1 1 1954 0 0 0 
20170507005558 0.57466 -2.24177 -2.38157 0.444205 -0.0197012 0.895708 0.998372 0.0411602 -0.0394973 -0.0415225 0.999102 -0.00839552 0.0391163 0.0100219 0.999184 0.57466 -2.24177 -2.38157 0.444205 -0.0197012 0.895708 0.998372 0.0411602 -0.0394973 -0.0415225 0.999102 -0.00839552 0.0391163 0.0100219 0.999184 45.4465 22.9061 1 1 1954 0 0 0 
20170507005558 -0.255731 -1.65104 -2.64931 0.423276 -0.0753265 0.902864 0.998516 0.0463507 -0.0285747 -0.0462035 0.998915 0.00579032 0.0288121 -0.00446148 0.999575 -0.255731 -1.65104 -2.64931 0.423276 -0.0753265 0.902864 0.998516 0.0463507 -0.0285747 -0.0462035 0.998915 0.00579032 0.0288121 -0.00446148 0.999575 45.7489 23.2381 1 1 1954 0 0 0 
20170507005558 -0.254867 -1.72271 -2.25679 0.43186 -0.0882813 0.89761 0.998773 0.0395115 -0.0298637 -0.0393604 0.999209 0.0056286 0.0300624 -0.00444625 0.999538 -0.254867 -1.72271 -2.25679 0.43186 -0.0882813 0.89761 0.998773 0.0395115 -0.0298637 -0.0393604 0.999209 0.0056286 0.0300624 -0.00444625 0.999538 45.3826 22.6851 1 1 1954 0 0 0 
20170507005559 0.0233405 -2.33528 -2.25556 0.42063 -0.0877534 0.902978 0.998395 0.0393402 -0.0407316 -0.0393241 0.999226 0.00119662 0.0407471 0.000407031 0.999169 0.0233405 -2.33528 -2.25556 0.42063 -0.0877534 0.902978 0.998395 0.0393402 -0.0407316 -0.0393241 0.999226 0.00119662 0.0407471 0.000407031 0.999169 45.227 22.1676 1 1 1954 0 0 0 
20170507005559 -0.0591203 -2.64099 -2.39653 0.410957 -0.13367 0.901802 0.998064 0.0418626 -0.0459942 -0.0417707 0.999123 0.00295769 0.0460777 -0.00103075 0.998937 -0.0591203 -2.64099 -2.39653 0.410957 -0.13367 0.901802 0.998064 0.0418626 -0.0459942 -0.0417707 0.999123 0.00295769 0.0460777 -0.00103075 0.998937 46.2075 22.1825 1 1 1954 0 0 0 
20170507005559 0.120169 -2.96084 -2.49482 0.408347 -0.169092 0.897029 0.997718 0.0434208 -0.0516956 -0.043471 0.999055 0.000153064 0.0516534 0.00209455 0.998663 0.120169 -2.96084 -2.49482 0.408347 -0.169092 0.897029 0.997718 0.0434208 -0.0516956 -0.043471 0.999055 0.000153064 0.0516534 0.00209455 0.998663 47.3982 22.2884 1 1 1954 0 0 0 
20170507005559 0.0988261 -2.66173 -2.15819 0.385278 -0.157456 0.909268 0.998213 0.0375784 -0.0464712 -0.0376179 0.999292 2.52181e-05 0.0464393 0.00172298 0.99892 0.0988261 -2.66173 -2.15819 0.385278 -0.157456 0.909268 0.998213 0.0375784 -0.0464712 -0.0376179 0.999292 2.52181e-05 0.0464393 0.00172298 0.99892 47.6627 22.3888 1 1 1954 0 0 0 
20170507005600 0.0205007 -3.13476 -2.37472 0.4084 -0.174776 0.895915 0.997646 0.0414152 -0.0546525 -0.0413728 0.999142 0.00190835 0.0546846 0.00035727 0.998504 0.0205007 -3.13476 -2.37472 0.4084 -0.174776 0.895915 0.997646 0.0414152 -0.0546525 -0.0413728 0.999142 0.00190835 0.0546846 0.00035727 0.998504 47.5454 22.8098 1 1 1954 0 0 0 
20170507005600 0.0177038 -3.35667 -2.5269 0.4282 -0.193162 0.882799 0.997314 0.0440703 -0.0585082 -0.0440128 0.999028 0.00227275 0.0585515 0.000308459 0.998284 0.0177038 -3.35667 -2.5269 0.4282 -0.193162 0.882799 0.997314 0.0440703 -0.0585082 -0.0440128 0.999028 0.00227275 0.0585515 0.000308459 0.998284 48.2943 23.2657 1 1 1954 0 0 0 
20170507005600 0.0416488 -3.32841 -2.58611 0.446576 -0.207054 0.870459 0.997296 0.0450786 -0.0580328 -0.0450447 0.998983 0.0018935 0.0580591 0.000725682 0.998313 0.0416488 -3.32841 -2.58611 0.446576 -0.207054 0.870459 0.997296 0.0450786 -0.0580328 -0.0450447 0.998983 0.0018935 0.0580591 0.000725682 0.998313 49.7526 24.9897 1 1 1954 0 0 0 
20170507005600 -0.184854 -3.36165 -2.57444 0.453059 -0.21739 0.864569 0.997272 0.0451062 -0.0584338 -0.0448401 0.998977 0.0058569 0.0586382 -0.00322075 0.998274 -0.184854 -3.36165 -2.57444 0.453059 -0.21739 0.864569 0.997272 0.0451062 -0.0584338 -0.0448401 0.998977 0.0058569 0.0586382 -0.00322075 0.998274 50.6821 25.8246 1 1 1954 0 0 0 
20170507005601 0.178901 -3.69984 -3.09916 0.463396 -0.209741 0.860972 0.996456 0.0538627 -0.0646036 -0.0539515 0.998543 0.000370878 0.0645295 0.0031159 0.997911 0.178901 -3.69984 -3.09916 0.463396 -0.209741 0.860972 0.996456 0.0538627 -0.0646036 -0.0539515 0.998543 0.000370878 0.0645295 0.0031159 0.997911 51.7259 25.8356 1 1 1954 0 0 0 
20170507005601 -1.3064 -5.16978 -3.53595 0 0 0 0.994036 0.0637091 -0.0885063 -0.0614238 0.99771 0.0283116 0.0901073 -0.0227063 0.995673 -1.3064 -5.16978 -3.53595 0 0 0 0.994036 0.0637091 -0.0885063 -0.0614238 0.99771 0.0283116 0.0901073 -0.0227063 0.995673 51.7259 25.8356 1 0 1953 0 0 0 
20170507005601 0.385913 -3.98949 -2.93204 0.533541 -0.170738 0.828361 0.996271 0.0506822 -0.0698254 -0.0510275 0.998692 -0.00316789 0.0695735 0.00671908 0.997554 0.385913 -3.98949 -2.93204 0.533541 -0.170738 0.828361 0.996271 0.0506822 -0.0698254 -0.0510275 0.998692 -0.00316789 0.0695735 0.00671908 0.997554 54.3187 28.0036 1 1 1949 0 0 0 
20170507005601 0.714991 -4.10767 -2.41989 0.532897 -0.104458 0.839708 0.996542 0.0413261 -0.0720883 -0.042114 0.999068 -0.0094433 0.0716309 0.0124466 0.997354 0.714991 -4.10767 -2.41989 0.532897 -0.104458 0.839708 0.996542 0.0413261 -0.0720883 -0.042114 0.999068 -0.0094433 0.0716309 0.0124466 0.997354 55.7984 29.4014 1 1 1946 0 0 0 
20170507005602 0.40099 -3.958 -2.88802 0.535873 -0.107136 0.837474 0.996348 0.0499005 -0.0692885 -0.050264 0.99873 -0.00351195 0.0690253 0.00698184 0.99759 0.40099 -3.958 -2.88802 0.535873 -0.107136 0.837474 0.996348 0.0499005 -0.0692885 -0.050264 0.99873 -0.00351195 0.0690253 0.00698184 0.99759 57.4802 32.2752 1 1 1939 0 0 0 
20170507005602 0.410298 -3.33231 -3.15014 0.518798 -0.0620528 0.852642 0.996801 0.0545355 -0.0584312 -0.0548596 0.998486 -0.00395603 0.058127 0.00714888 0.998284 0.410298 -3.33231 -3.15014 0.518798 -0.0620528 0.852642 0.996801 0.0545355 -0.0584312 -0.0548596 0.998486 -0.00395603 0.058127 0.00714888 0.998284 58.8738 34.7017 1 1 1930 0 0 0 
20170507005602 0.3173 -3.81246 -2.76416 0.499876 -0.0249953 0.865736 0.996626 0.0478564 -0.0666797 -0.0481182 0.998839 -0.00232498 0.066491 0.00552564 0.997772 0.3173 -3.81246 -2.76416 0.499876 -0.0249953 0.865736 0.996626 0.0478564 -0.0666797 -0.0481182 0.998839 -0.00232498 0.066491 0.00552564 0.997772 58.9208 34.8729 1 1 1928 0 0 0 
20170507005602 0.489729 -3.67389 -1.93592 0.502109 0.0126477 0.864712 0.997375 0.0332331 -0.0643274 -0.0337123 0.999411 -0.00637784 0.0640776 0.00852972 0.997908 0.489729 -3.67389 -1.93592 0.502109 0.0126477 0.864712 0.997375 0.0332331 -0.0643274 -0.0337123 0.999411 -0.00637784 0.0640776 0.00852972 0.997908 58.9482 35.5039 1 1 1928 0 0 0 
20170507005603 0.330829 -4.61999 -2.35358 0.541219 -0.0206362 0.840628 0.99591 0.0406009 -0.0807145 -0.0409328 0.999159 -0.00246146 0.0805466 0.00575526 0.996734 0.330829 -4.61999 -2.35358 0.541219 -0.0206362 0.840628 0.99591 0.0406009 -0.0807145 -0.0409328 0.999159 -0.00246146 0.0805466 0.00575526 0.996734 58.6875 35.244 1 1 1928 0 0 0 
20170507005603 0.63462 -3.66611 -2.00871 0.479776 0.00427659 0.877381 0.99734 0.0343414 -0.0642871 -0.0349796 0.999349 -0.00882806 0.0639421 0.0110533 0.997892 0.63462 -3.66611 -2.00871 0.479776 0.00427659 0.877381 0.99734 0.0343414 -0.0642871 -0.0349796 0.999349 -0.00882806 0.0639421 0.0110533 0.997892 58.6025 34.8757 1 1 1928 0 0 0 
20170507005603 0.651086 -3.22001 -2.05704 0.484273 0.0091551 0.874869 0.997778 0.0352542 -0.0565383 -0.0358378 0.999314 -0.00933997 0.0561702 0.0113454 0.998357 0.651086 -3.22001 -2.05704 0.484273 0.0091551 0.874869 0.997778 0.0352542 -0.0565383 -0.0358378 0.999314 -0.00933997 0.0561702 0.0113454 0.998357 58.8024 35.0469 1 1 1928 0 0 0 
20170507005603 0.318447 -3.7554 -2.45815 0.55158 -0.0233135 0.833796 0.996935 0.0425253 -0.0656742 -0.0427975 0.99908 -0.00274371 0.0654971 0.00554599 0.997837 0.318447 -3.7554 -2.45815 0.55158 -0.0233135 0.833796 0.996935 0.0425253 -0.0656742 -0.0427975 0.99908 -0.00274371 0.0654971 0.00554599 0.997837 59.7444 35.7156 1 1 1928 0 0 0 
