20170507021722 0.0433545 0.262128 0.0145012 0 0 0 0.99999 -0.000249632 0.00457517 0.000253091 1 -0.000755521 -0.00457498 0.000756671 0.999989 0.0433545 0.262128 0.0145012 0.220015 -0.283396 -0.933424 0.99999 -0.000249632 0.00457517 0.000253091 1 -0.000755521 -0.00457498 0.000756671 0.999989 1.82162 0.201226 0 1 2202 0 0 0 
20170507021722 0.0575187 0.243911 0.013288 0 0 0 0.999991 -0.000227646 0.00425727 0.000231918 0.999999 -0.0010029 -0.00425704 0.00100388 0.99999 0.0575187 0.243911 0.013288 0.228867 -0.254987 -0.939469 0.999991 -0.000227646 0.00425727 0.000231918 0.999999 -0.0010029 -0.00425704 0.00100388 0.99999 1.73574 0.205316 0 1 2202 0 0 0 
20170507021722 0.0620037 0.246449 -0.00679117 0 0 0 0.999991 0.000123183 0.0043012 -0.000118527 0.999999 -0.00108268 -0.00430133 0.00108216 0.99999 0.0620037 0.246449 -0.00679117 0.224749 -0.0229128 -0.974147 0.999991 0.000123183 0.0043012 -0.000118527 0.999999 -0.00108268 -0.00430133 0.00108216 0.99999 1.86055 0.252854 0 1 2202 0 0 0 
20170507021722 0.0600273 0.223441 -0.0134842 0 0 0 0.999992 0.00023943 0.00389953 -0.000235343 0.999999 -0.00104859 -0.00389978 0.00104767 0.999992 0.0600273 0.223441 -0.0134842 0.53693 -0.053314 -0.841941 0.999992 0.00023943 0.00389953 -0.000235343 0.999999 -0.00104859 -0.00389978 0.00104767 0.999992 1.9615 0.281694 0 1 2202 0 0 0 
20170507021723 0.069935 0.325285 -0.0133233 0 0 0 0.999984 0.000239465 0.00567697 -0.000232531 0.999999 -0.00122192 -0.00567726 0.00122058 0.999983 0.069935 0.325285 -0.0133233 0.278859 -0.100899 -0.955017 0.999984 0.000239465 0.00567697 -0.000232531 0.999999 -0.00122192 -0.00567726 0.00122058 0.999983 2.53539 0.310285 0 1 2202 0 0 0 
20170507021723 0.0637774 0.156171 0.0220817 0 0 0 0.999996 -0.000382364 0.00272612 0.000385396 0.999999 -0.00111207 -0.00272569 0.00111312 0.999996 0.0637774 0.156171 0.0220817 -0.150923 0.0741268 -0.985762 0.999996 -0.000382364 0.00272612 0.000385396 0.999999 -0.00111207 -0.00272569 0.00111312 0.999996 1.16624 0.280966 0 1 2202 0 0 0 
20170507021723 0.0568144 -0.0423487 0.0391954 0 0 0 0.999999 -0.000684822 -0.000738446 0.000684089 0.999999 -0.000992103 0.000739125 0.000991598 0.999999 0.0568144 -0.0423487 0.0391954 -0.0702857 -0.179316 -0.981278 0.999999 -0.000684822 -0.000738446 0.000684089 0.999999 -0.000992103 0.000739125 0.000991598 0.999999 0.502929 0.183331 0 1 2202 0 0 0 
20170507021723 0.0568144 -0.0423487 0.0391954 0 0 0 -0.947808 0.253332 0.193607 0.252928 0.227664 0.940317 0.194135 0.940209 -0.279856 106.576 -11.1942 165.058 -0.160595 -0.783665 -0.600065 -0.947808 0.253332 0.193607 0.252928 0.227664 0.940317 0.194135 0.940209 -0.279856 0.502929 0.183331 0 1 2202 0 1 1 
20170507021723 0.107621 -0.0727381 0.0240575 0 0 0 0.999999 -0.000422266 -0.00126873 0.000419882 0.999998 -0.00187887 0.00126952 0.00187833 0.999997 0.107621 -0.0727381 0.0240575 -0.393902 0.148293 -0.907111 0.999999 -0.000422266 -0.00126873 0.000419882 0.999998 -0.00187887 0.00126952 0.00187833 0.999997 0.727856 0.218081 0 1 2202 0 0 0 
20170507021724 -0.0640512 -0.389158 0.191292 0 0 0 0.999971 -0.00333108 -0.00679573 0.00333859 0.999994 0.00109522 0.00679204 -0.00111788 0.999976 -0.0640512 -0.389158 0.191292 -0.735274 0.0920388 -0.671492 0.999971 -0.00333108 -0.00679573 0.00333859 0.999994 0.00109522 0.00679204 -0.00111788 0.999976 1.86768 0.377697 0 1 2201 0 0 0 
20170507021724 0.00210279 -1.40135 0.0555564 0 0 0 0.9997 -0.00097054 -0.0244556 0.000969353 1 -6.04139e-05 0.0244557 3.66897e-05 0.999701 0.00210279 -1.40135 0.0555564 0.505946 -0.0831432 0.858549 0.9997 -0.00097054 -0.0244556 0.000969353 1 -6.04139e-05 0.0244557 3.66897e-05 0.999701 8.48558 0.378218 0 1 2182 0 0 0 
20170507021724 0.0724312 -1.799 0.0378468 0 0 0 0.999507 -0.000700237 -0.0313925 0.000660226 0.999999 -0.0012849 0.0313934 0.00126354 0.999506 0.0724312 -1.799 0.0378468 -0.122769 0.0375565 0.991724 0.999507 -0.000700237 -0.0313925 0.000660226 0.999999 -0.0012849 0.0313934 0.00126354 0.999506 11.2573 0.497978 0 1 2173 0 0 0 
20170507021724 0.115341 -1.6837 0.0221377 0 0 0 0.999568 -0.000445522 -0.029381 0.000386208 0.999998 -0.00202443 0.0293819 0.0020122 0.999566 0.115341 -1.6837 0.0221377 0.682097 -0.260142 -0.683425 0.999568 -0.000445522 -0.029381 0.000386208 0.999998 -0.00202443 0.0293819 0.0020122 0.999566 12.7895 0.574016 0 1 2169 0 0 0 
20170507021724 0.152023 -1.91167 0.0531541 0 0 0 0.999443 -0.00101622 -0.0333562 0.000927198 0.999996 -0.00268424 0.0333588 0.00265182 0.99944 0.152023 -1.91167 0.0531541 -0.343954 -0.0191809 0.93879 0.999443 -0.00101622 -0.0333562 0.000927198 0.999996 -0.00268424 0.0333588 0.00265182 0.99944 13.4949 0.590365 0 1 2168 0 0 0 
20170507021725 0.116898 -1.65324 0.0237114 0 0 0 0.999584 -0.000472702 -0.0288496 0.000413669 0.999998 -0.00205219 0.0288505 0.0020394 0.999582 0.116898 -1.65324 0.0237114 -0.22265 0.0271456 0.97452 0.999584 -0.000472702 -0.0288496 0.000413669 0.999998 -0.00205219 0.0288505 0.0020394 0.999582 11.6692 0.517038 0 1 2168 0 0 0 
20170507021725 -0.0425415 -1.53005 0.129031 0 0 0 0.999641 -0.00223219 -0.0267029 0.00225121 0.999997 0.000682356 0.0267013 -0.000742224 0.999643 -0.0425415 -1.53005 0.129031 -0.265071 0.00600037 0.96421 0.999641 -0.00223219 -0.0267029 0.00225121 0.999997 0.000682356 0.0267013 -0.000742224 0.999643 10.9868 0.498204 0 1 2168 0 0 0 
20170507021725 0.0697974 -2.24279 0.0591203 0 0 0 0.999233 -0.00107952 -0.0391327 0.00103105 0.999999 -0.00125857 0.039134 0.00121726 0.999233 0.0697974 -2.24279 0.0591203 0.512764 0.0139055 0.858417 0.999233 -0.00107952 -0.0391327 0.00103105 0.999999 -0.00125857 0.039134 0.00121726 0.999233 14.8155 0.688347 0 1 2168 0 0 0 
20170507021725 0.137036 -2.44346 0.0604526 -0.314532 0.160258 0.935621 0.99909 -0.00115706 -0.0426308 0.00105414 0.999996 -0.00243671 0.0426334 0.00238955 0.999088 0.137036 -2.44346 0.0604526 -0.314532 0.160258 0.935621 0.99909 -0.00115706 -0.0426308 0.00105414 0.999996 -0.00243671 0.0426334 0.00238955 0.999088 17.3973 0.840895 1 1 2161 0 0 0 
20170507021725 0.117663 -2.1632 0.0259368 -0.290083 0.0864511 0.953089 0.999287 -0.000530197 -0.0377449 0.000452361 0.999998 -0.00207069 0.0377459 0.00205214 0.999285 0.117663 -2.1632 0.0259368 -0.290083 0.0864511 0.953089 0.999287 -0.000530197 -0.0377449 0.000452361 0.999998 -0.00207069 0.0377459 0.00205214 0.999285 15.5347 0.746371 1 1 2161 0 0 0 
20170507021726 0.0491797 -1.87088 -0.0195814 0 0 0 0.999467 0.000313738 -0.0326474 -0.000341578 1 -0.000847189 0.0326472 0.000857889 0.999467 0.0491797 -1.87088 -0.0195814 0 0 0 0.999467 0.000313738 -0.0326474 -0.000341578 1 -0.000847189 0.0326472 0.000857889 0.999467 13.8132 0.636877 0 1 2161 0 0 0 
20170507021726 0.0250865 -1.69082 -0.1057 0 0 0 0.999563 0.00183189 -0.0295069 -0.00184401 0.999998 -0.000383407 0.0295062 0.000437651 0.999565 0.0250865 -1.69082 -0.1057 0 0 0 0.999563 0.00183189 -0.0295069 -0.00184401 0.999998 -0.000383407 0.0295062 0.000437651 0.999565 12.7966 0.571723 0 1 2161 0 0 0 
20170507021726 0.110616 -1.80544 0.0378255 0 0 0 0.999503 -0.000721003 -0.0315044 0.000659851 0.999998 -0.00195142 0.0315057 0.00192966 0.999502 0.110616 -1.80544 0.0378255 0 0 0 0.999503 -0.000721003 -0.0315044 0.000659851 0.999998 -0.00195142 0.0315057 0.00192966 0.999502 13.1313 0.592137 0 1 2161 0 0 0 
20170507021726 0.123084 -2.04027 0.0487042 0 0 0 0.999366 -0.000926528 -0.0356 0.00084951 0.999997 -0.00217848 0.035602 0.00214685 0.999364 0.123084 -2.04027 0.0487042 0 0 0 0.999366 -0.000926528 -0.0356 0.00084951 0.999997 -0.00217848 0.035602 0.00214685 0.999364 14.8788 0.679198 0 1 2161 0 0 0 
20170507021726 0.13924 -1.79867 0.0114603 0 0 0 0.999507 -0.000276298 -0.0313869 0.000199922 0.999997 -0.00243648 0.0313875 0.002429 0.999504 0.13924 -1.79867 0.0114603 0 0 0 0.999507 -0.000276298 -0.0313869 0.000199922 0.999997 -0.00243648 0.0313875 0.002429 0.999504 13.0172 0.587574 0 1 2161 0 0 0 
20170507021727 0.00160482 -1.87151 -0.201056 0 0 0 0.99946 0.00350817 -0.0326581 -0.00350721 0.999994 8.65912e-05 0.0326582 2.79944e-05 0.999467 0.00160482 -1.87151 -0.201056 0 0 0 0.99946 0.00350817 -0.0326581 -0.00350721 0.999994 8.65912e-05 0.0326582 2.79944e-05 0.999467 14.4939 0.67569 0 1 2161 0 0 0 
20170507021727 0.346841 -1.96665 0.318051 0 0 0 0.999396 -0.00575865 -0.034283 0.00554774 0.999965 -0.00624388 0.0343178 0.00604991 0.999393 0.346841 -1.96665 0.318051 0 0 0 0.999396 -0.00575865 -0.034283 0.00554774 0.999965 -0.00624388 0.0343178 0.00604991 0.999393 14.0078 0.649423 0 1 2161 0 0 0 
20170507021727 0.0538113 -1.74508 -0.0892674 0 0 0 0.999535 0.00152941 -0.030454 -0.00155729 0.999998 -0.000891738 0.0304526 0.000938749 0.999536 0.0538113 -1.74508 -0.0892674 0 0 0 0.999535 0.00152941 -0.030454 -0.00155729 0.999998 -0.000891738 0.0304526 0.000938749 0.999536 13.1137 0.601381 0 1 2161 0 0 0 
20170507021727 -0.0918489 -2.07483 0.0576365 0 0 0 0.999344 -0.000947907 -0.0362062 0.00100529 0.999998 0.00156665 0.0362046 -0.00160201 0.999343 -0.0918489 -2.07483 0.0576365 0 0 0 0.999344 -0.000947907 -0.0362062 0.00100529 0.999998 0.00156665 0.0362046 -0.00160201 0.999343 11.8668 0.537037 0 1 2161 0 0 0 
20170507021727 0.0375251 -1.29157 -0.105808 0 0 0 0.999744 0.00183193 -0.0225414 -0.00184623 0.999998 -0.000613311 0.0225403 0.000654771 0.999746 0.0375251 -1.29157 -0.105808 0 0 0 0.999744 0.00183193 -0.0225414 -0.00184623 0.999998 -0.000613311 0.0225403 0.000654771 0.999746 9.76174 0.450121 0 1 2161 0 0 0 
20170507021728 -0.13699 -1.78498 0.0753069 0 0 0 0.999514 -0.00123987 -0.0311518 0.00131371 0.999996 0.00234998 0.0311488 -0.00238976 0.999512 -0.13699 -1.78498 0.0753069 0 0 0 0.999514 -0.00123987 -0.0311518 0.00131371 0.999996 0.00234998 0.0311488 -0.00238976 0.999512 9.76757 0.479383 0 1 2161 0 0 0 
20170507021728 0.0376137 -1.53883 -0.10423 0 0 0 0.999638 0.00180153 -0.0268556 -0.0018185 0.999998 -0.000607629 0.0268544 0.000656246 0.999639 0.0376137 -1.53883 -0.10423 0 0 0 0.999638 0.00180153 -0.0268556 -0.0018185 0.999998 -0.000607629 0.0268544 0.000656246 0.999639 11.7152 0.53239 0 1 2161 0 0 0 
20170507021728 0.0529663 -1.89736 -0.00615928 0 0 0 0.999452 7.68925e-05 -0.0331092 -0.000107441 1 -0.000920878 0.0331091 0.00092393 0.999451 0.0529663 -1.89736 -0.00615928 0 0 0 0.999452 7.68925e-05 -0.0331092 -0.000107441 1 -0.000920878 0.0331091 0.00092393 0.999451 13.8662 0.639454 0 1 2161 0 0 0 
20170507021728 0.0631635 -1.80101 -0.11036 0 0 0 0.999504 0.00189149 -0.0314304 -0.00192519 0.999998 -0.00104187 0.0314284 0.00110187 0.999505 0.0631635 -1.80101 -0.11036 0 0 0 0.999504 0.00189149 -0.0314304 -0.00192519 0.999998 -0.00104187 0.0314284 0.00110187 0.999505 13.5891 0.606268 0 1 2161 0 0 0 
20170507021728 0.0184848 -2.03147 0.140598 0 0 0 0.999369 -0.00246533 -0.0354475 0.00245235 0.999997 -0.000409606 0.0354484 0.000322418 0.999371 0.0184848 -2.03147 0.140598 0 0 0 0.999369 -0.00246533 -0.0354475 0.00245235 0.999997 -0.000409606 0.0354484 0.000322418 0.999371 14.553 0.676215 0 1 2161 0 0 0 
20170507021729 0.0724838 -2.87217 0.231328 0.557389 -0.151946 0.816229 0.998736 -0.00410081 -0.0501024 0.00403235 0.999991 -0.00146738 0.0501079 0.00126349 0.998743 0.0724838 -2.87217 0.231328 0.557389 -0.151946 0.816229 0.998736 -0.00410081 -0.0501024 0.00403235 0.999991 -0.00146738 0.0501079 0.00126349 0.998743 20.5187 0.962453 1 1 2151 0 0 0 
20170507021729 0.218452 -3.10853 0.0510026 -0.413079 -0.0583567 0.908823 0.998528 -0.00109691 -0.0542237 0.000888853 0.999992 -0.00386097 0.0542275 0.00380709 0.998521 0.218452 -3.10853 0.0510026 -0.413079 -0.0583567 0.908823 0.998528 -0.00109691 -0.0542237 0.000888853 0.999992 -0.00386097 0.0542275 0.00380709 0.998521 21.8447 1.00307 1 1 2146 0 0 0 
20170507021729 0.195968 -3.03286 0.110522 0.018161 -0.200582 0.979509 0.998597 -0.00210992 -0.0529017 0.00192626 0.999992 -0.00352233 0.0529087 0.00341549 0.998594 0.195968 -3.03286 0.110522 0.018161 -0.200582 0.979509 0.998597 -0.00210992 -0.0529017 0.00192626 0.999992 -0.00352233 0.0529087 0.00341549 0.998594 20.9462 0.968755 1 1 2146 0 0 0 
20170507021729 0.429104 -2.66179 0.0389243 -0.944747 0.322483 -0.0588064 0.998921 -0.00102714 -0.0464338 0.000678624 0.999971 -0.00752076 0.0464402 0.00748113 0.998893 0.429104 -2.66179 0.0389243 -0.944747 0.322483 -0.0588064 0.998921 -0.00102714 -0.0464338 0.000678624 0.999971 -0.00752076 0.0464402 0.00748113 0.998893 23.0509 1.03017 1 1 2139 