20170507022145 -0.091498 -0.358146 0.160614 0 0 0 0.999977 -0.00279325 -0.00625524 0.00280318 0.999995 0.00157941 0.00625079 -0.00159691 0.999979 -0.091498 -0.358146 0.160614 -0.121053 0.204117 0.971433 0.999977 -0.00279325 -0.00625524 0.00280318 0.999995 0.00157941 0.00625079 -0.00159691 0.999979 2.16129 1.17786 0 1 2550 1 0 0 
20170507022145 -0.13032 -0.431791 0.175439 0 0 0 0.999967 -0.00304484 -0.00754301 0.0030619 0.999993 0.00225142 0.0075361 -0.00227444 0.999969 -0.13032 -0.431791 0.175439 -0.145668 0.194432 0.97004 0.999967 -0.00304484 -0.00754301 0.0030619 0.999993 0.00225142 0.0075361 -0.00227444 0.999969 2.46468 1.42338 0 1 2550 0 0 0 
20170507022146 -0.0728833 -0.48587 0.216406 0 0 0 0.999957 -0.0037662 -0.00848467 0.00377685 0.999992 0.00124002 0.00847993 -0.00127201 0.999963 -0.0728833 -0.48587 0.216406 -0.0873358 0.185551 0.978746 0.999957 -0.0037662 -0.00848467 0.00377685 0.999992 0.00124002 0.00847993 -0.00127201 0.999963 2.45759 1.43748 0 1 2550 0 0 0 
20170507022146 -0.0025621 -0.453912 0.205456 0 0 0 0.999962 -0.00358553 -0.00792228 0.00358577 0.999994 1.63089e-05 0.00792217 -4.47158e-05 0.999969 -0.0025621 -0.453912 0.205456 0.0134511 0.2145 0.976631 0.999962 -0.00358553 -0.00792228 0.00358577 0.999994 1.63089e-05 0.00792217 -4.47158e-05 0.999969 2.01012 1.13139 0 1 2550 0 0 0 
20170507022146 0.045368 0.450893 0.0549809 0 0 0 0.999969 -0.000953366 0.00787024 0.000959568 0.999999 -0.000784269 -0.00786949 0.000791796 0.999969 0.045368 0.450893 0.0549809 -0.939093 0.105459 0.327082 0.999969 -0.000953366 0.00787024 0.000959568 0.999999 -0.000784269 -0.00786949 0.000791796 0.999969 1.42428 0.728103 0 1 2550 0 0 0 
20170507022146 0.122415 -0.135924 0.205558 0 0 0 0.999991 -0.00359271 -0.00236464 0.00358764 0.999991 -0.00214503 0.00237233 0.00213653 0.999995 0.122415 -0.135924 0.205558 -0.0364634 -0.188238 -0.981446 0.999991 -0.00359271 -0.00236464 0.00358764 0.999991 -0.00214503 0.00237233 0.00213653 0.999995 1.35131 0.682213 0 1 2550 0 0 0 
20170507022146 0.261728 0.151447 0.206089 0 0 0 0.99999 -0.00358482 0.00265963 0.00359691 0.999983 -0.00455846 -0.00264324 0.00456798 0.999986 0.261728 0.151447 0.206089 -0.314642 -0.139891 -0.938845 0.99999 -0.00358482 0.00265963 0.00359691 0.999983 -0.00455846 -0.00264324 0.00456798 0.999986 1.73922 0.681415 0 1 2550 0 0 0 
20170507022147 0.268233 0.142623 0.206532 0 0 0 0.99999 -0.00359296 0.00250606 0.00360464 0.999983 -0.00467253 -0.00248923 0.00468151 0.999986 0.268233 0.142623 0.206532 -0.336158 -0.135738 -0.931973 0.99999 -0.00359296 0.00250606 0.00360464 0.999983 -0.00467253 -0.00248923 0.00468151 0.999986 1.5936 0.64129 0 1 2550 0 0 0 
20170507022147 0.217349 -0.0937691 0.186113 0 0 0 0.999993 -0.00325447 -0.00162424 0.00324828 0.999988 -0.00379873 0.00163658 0.00379343 0.999991 0.217349 -0.0937691 0.186113 0.7753 -0.286807 -0.562718 0.999993 -0.00325447 -0.00162424 0.00324828 0.999988 -0.00379873 0.00163658 0.00379343 0.999991 1.96334 0.780326 0 1 2549 0 0 0 
20170507022147 0.289751 -0.326761 0.32159 0 0 0 0.999968 -0.00564155 -0.00567448 0.00561269 0.999971 -0.00508902 0.00570303 0.00505701 0.999971 0.289751 -0.326761 0.32159 -0.226318 0.373474 0.89961 0.999968 -0.00564155 -0.00567448 0.00561269 0.999971 -0.00508902 0.00570303 0.00505701 0.999971 2.35085 0.839998 0 1 2549 0 0 0 
20170507022147 0.262858 -0.500552 0.0981678 0 0 0 0.99996 -0.00175341 -0.0087282 0.00171329 0.999988 -0.00460269 0.00873616 0.00458755 0.999951 0.262858 -0.500552 0.0981678 -0.982413 -0.0433518 -0.181616 0.99996 -0.00175341 -0.0087282 0.00171329 0.999988 -0.00460269 0.00873616 0.00458755 0.999951 2.86404 0.779298 0 1 2548 0 0 0 
20170507022147 0.341865 -0.558455 0.110262 0 0 0 0.999951 -0.00198256 -0.00973505 0.00192435 0.99998 -0.00598537 0.00974672 0.00596634 0.999935 0.341865 -0.558455 0.110262 -0.285633 -0.208716 -0.935335 0.999951 -0.00198256 -0.00973505 0.00192435 0.99998 -0.00598537 0.00974672 0.00596634 0.999935 3.69133 0.749722 0 1 2546 0 0 0 
20170507022148 0.408134 -0.691446 0.0617096 0 0 0 0.999927 -0.00116297 -0.0120597 0.00107696 0.999974 -0.00713622 0.0120677 0.00712271 0.999902 0.408134 -0.691446 0.0617096 0.251312 0.173805 0.952173 0.999927 -0.00116297 -0.0120597 0.00107696 0.999974 -0.00713622 0.0120677 0.00712271 0.999902 4.49957 0.960753 0 1 2546 0 0 0 
20170507022148 0.0617664 -0.41952 0.0708276 0 0 0 0.999972 -0.00124407 -0.0073206 0.00123614 0.999999 -0.00108708 0.00732195 0.001078 0.999973 0.0617664 -0.41952 0.0708276 -0.359731 -0.466657 0.807976 0.999972 -0.00124407 -0.0073206 0.00123614 0.999999 -0.00108708 0.00732195 0.001078 0.999973 5.3827 1.52106 0 1 2546 0 0 0 
20170507022148 0.0678281 -0.590942 0.0496778 0 0 0 0.999946 -0.00087925 -0.0103127 0.000866995 0.999999 -0.00119277 0.0103137 0.00118376 0.999946 0.0678281 -0.590942 0.0496778 -0.183809 -0.32439 0.927893 0.999946 -0.00087925 -0.0103127 0.000866995 0.999999 -0.00119277 0.0103137 0.00118376 0.999946 6.4507 2.41021 0 1 2546 0 0 0 
20170507022148 -0.15591 -1.22905 0.155284 0 0 0 0.999766 -0.00265184 -0.0214565 0.0027096 0.999993 0.00266299 0.0214493 -0.00272051 0.999766 -0.15591 -1.22905 0.155284 0.343651 -0.261069 0.902079 0.999766 -0.00265184 -0.0214565 0.0027096 0.999993 0.00266299 0.0214493 -0.00272051 0.999766 7.07733 3.38207 0 1 2546 0 0 0 
20170507022148 -0.0522883 -1.01444 0.104795 0 0 0 0.999842 -0.00181286 -0.017706 0.00182873 0.999998 0.00088022 0.0177044 -0.00091246 0.999843 -0.0522883 -1.01444 0.104795 0.0645537 -0.124369 0.990134 0.999842 -0.00181286 -0.017706 0.00182873 0.999998 0.00088022 0.0177044 -0.00091246 0.999843 7.58935 4.18616 0 1 2546 0 0 0 
20170507022149 -0.0920455 -1.2619 0.13209 0 0 0 0.999755 -0.00227002 -0.0220262 0.00230484 0.999996 0.00155572 0.0220226 -0.00160611 0.999756 -0.0920455 -1.2619 0.13209 0.140032 -0.0786229 0.987021 0.999755 -0.00227002 -0.0220262 0.00230484 0.999996 0.00155572 0.0220226 -0.00160611 0.999756 8.52203 5.31472 0 1 2546 0 0 0 
20170507022149 -0.121602 -1.41492 0.159995 0 0 0 0.999691 -0.00274003 -0.0246983 0.00279159 0.999994 0.00205339 0.0246925 -0.00212171 0.999693 -0.121602 -1.41492 0.159995 0.159993 -0.0481577 0.985943 0.999691 -0.00274003 -0.0246983 0.00279159 0.999994 0.00205339 0.0246925 -0.00212171 0.999693 9.39593 6.30524 0 1 2546 0 0 0 
20170507022149 0.00145422 -1.3683 0.174937 0 0 0 0.99971 -0.00305382 -0.0238788 0.00305235 0.999995 -9.82886e-05 0.023879 2.53736e-05 0.999715 0.00145422 -1.3683 0.174937 0.128055 -0.00691343 0.991743 0.99971 -0.00305382 -0.0238788 0.00305235 0.999995 -9.82886e-05 0.023879 2.53736e-05 0.999715 10.8105 7.1311 0 1 2546 0 0 0 
20170507022149 -0.0309847 -1.49724 0.193553 0 0 0 0.999653 -0.003364 -0.0261304 0.00337698 0.999994 0.000452515 0.0261288 -0.0005406 0.999658 -0.0309847 -1.49724 0.193553 0.0838549 0.00689708 0.996454 0.999653 -0.003364 -0.0261304 0.00337698 0.999994 0.000452515 0.0261288 -0.0005406 0.999658 12.7531 8.51602 0 1 2546 0 0 0 
20170507022150 0.250302 -1.35156 0.0496411 0 0 0 0.999721 -0.000969434 -0.023583 0.00086616 0.99999 -0.00438901 0.023587 0.00436736 0.999712 0.250302 -1.35156 0.0496411 -0.102652 0.108345 0.988799 0.999721 -0.000969434 -0.023583 0.00086616 0.99999 -0.00438901 0.023587 0.00436736 0.999712 14.6926 10.1429 0 1 2546 0 0 0 
20170507022150 -0.0125661 -1.65888 0.201882 0 0 0 0.999575 -0.00351714 -0.0289495 0.00352202 0.999994 0.000117317 0.0289489 -0.000219228 0.999581 -0.0125661 -1.65888 0.201882 -0.0103489 0.0240011 0.999658 0.999575 -0.00351714 -0.0289495 0.00352202 0.999994 0.000117317 0.0289489 -0.000219228 0.999581 16.3852 10.8245 0 1 2546 0 0 0 
20170507022150 -0.00423189 -1.68432 0.244575 0 0 0 0.999559 -0.00426646 -0.0293928 0.00426678 0.999991 -5.16068e-05 0.0293927 -7.38285e-05 0.999568 -0.00423189 -1.68432 0.244575 -0.00721839 0.0185328 0.999802 0.999559 -0.00426646 -0.0293928 0.00426678 0.999991 -5.16068e-05 0.0293927 -7.38285e-05 0.999568 17.8262 11.3436 0 1 2546 0 0 0 
20170507022150 0.0429789 -1.60611 0.2378 0 0 0 0.999599 -0.00417141 -0.0280249 0.00414876 0.999991 -0.000866445 0.0280282 0.000749828 0.999607 0.0429789 -1.60611 0.2378 0.0281076 0.00154442 0.999604 0.999599 -0.00417141 -0.0280249 0.00414876 0.999991 -0.000866445 0.0280282 0.000749828 0.999607 19.4276 11.438 0 1 2546 0 0 0 
20170507022151 0.069196 -1.53025 0.345825 0.0816925 0.00282259 0.996654 0.999625 -0.00606799 -0.026697 0.00603359 0.999981 -0.00136886 0.0267048 0.00120727 0.999643 0.069196 -1.53025 0.345825 0.0816925 0.00282259 0.996654 0.999625 -0.00606799 -0.026697 0.00603359 0.999981 -0.00136886 0.0267048 0.00120727 0.999643 20.9421 11.4948 1 1 2546 0 0 0 
20170507022151 0.0826802 -1.25783 0.414146 0.135527 0.0196613 0.990578 0.999733 -0.00725981 -0.0219404 0.0072264 0.999973 -0.00160167 0.0219514 0.00144269 0.999758 0.0826802 -1.25783 0.414146 0.135527 0.0196613 0.990578 0.999733 -0.00725981 -0.0219404 0.0072264 0.999973 -0.00160167 0.0219514 0.00144269 0.999758 21.8096 10.9192 1 1 2546 0 0 0 
20170507022151 0.323886 -2.30847 -0.00125803 0.258499 0.0518137 0.964621 0.999188 -0.000205738 -0.040279 -2.1939e-05 0.999984 -0.00565196 0.0402796 0.00564826 0.999172 0.323886 -2.30847 -0.00125803 0.258499 0.0518137 0.964621 0.999188 -0.000205738 -0.040279 -2.1939e-05 0.999984 -0.00565196 0.0402796 0.00564826 0.999172 22.235 10.4271 1 1 2545 0 0 0 
20170507022151 0.3107 -2.07273 -0.032277 0.267443 0.0684311 0.961141 0.999346 0.000367202 -0.0361706 -0.000562971 0.999985 -0.00540234 0.0361681 0.00541917 0.999331 0.3107 -2.07273 -0.032277 0.267443 0.0684311 0.961141 0.999346 0.000367202 -0.0361706 -0.000562971 0.999985 -0.00540234 0.0361681 0.00541917 0.999331 21.6167 10.1593 1 1 2545 0 0 0 
20170507022152 0.259405 -1.63047 -0.209344 0.267299 0.0491058 0.962362 0.999588 0.00352488 -0.0284693 -0.00365226 0.999984 -0.00442347 0.0284532 0.00452562 0.999585 0.259405 -1.63047 -0.209344 0.267299 0.0491058 0.962362 0.999588 0.00352488 -0.0284693 -0.00365226 0.999984 -0.00442347 0.0284532 0.00452562 0.999585 21.6139 9.66064 1 1 2545 0 0 0 
20170507022152 0.243324 -0.137544 0.0821434 0.155609 0.0222959 0.987567 0.999996 -0.00144385 -0.00239448 0.00143367 0.99999 -0.00425024 0.00240059 0.00424679 0.999988 0.243324 -0.137544 0.0821434 0.155609 0.0222959 0.987567 0.999996 -0.00144385 -0.00239448 0.00143367 0.99999 -0.00425024 0.00240059 0.00424679 0.999988 22.1233 9.40347 1 1 2544 0 0 0 
20170507022152 0.0843424 -2.43543 0.116403 0.39449 -0.059975 0.916941 0.999095 -0.00209417 -0.0424903 0.00202978 0.999997 -0.00155838 0.0424934 0.00147072 0.999096 0.0843424 -2.43543 0.116403 0.39449 -0.059975 0.916941 0.999095 -0.00209417 -0.0424903 0.00202978 0.999997 -0.00155838 0.0424934 0.00147072 0.999096 22.9165 9.35764 1 1 2544 0 0 0 
20170507022152 0.620748 -1.71437 0.287118 0.311168 -0.0140285 0.950251 0.99954 -0.00533496 -0.0298604 0.0050089 0.999927 -0.0109837 0.0299169 0.010829 0.999494 0.620748 -1.71437 0.287118 0.311168 -0.0140285 0.950251 0.99954 -0.00533496 -0.0298604 0.0050089 0.999927 -0.0109837 0.0299169 0.010829 0.999494 23.4529 9.45794 1 1 2544 0 0 0 
20170507022153 -0.130181 -1.69032 0.188865 0.248936 -0.145964 0.957458 0.999559 -0.00322928 -0.0295046 0.00329487 0.999992 0.00217485 0.0294973 -0.0022711 0.999562 -0.130181 -1.69032 0.188865 0.248936 -0.145964 0.957458 0.999559 -0.00322928 -0.0295046 0.00329487 0.999992 0.00217485 0.0294973 -0.0022711 0.999562 24.8433 10.0632 1 1 2544 0 0 0 
20170507022153 -0.257561 -1.6326 0.175343 0.198313 -0.195555 0.960432 0.999589 -0.00293221 -0.0285037 0.00305907 0.999986 0.00440807 0.0284904 -0.00449345 0.999584 -0.257561 -1.6326 0.175343 0.198313 -0.195555 0.960432 0.999589 -0.00293221 -0.0285037 0.00305907 0.999986 0.00440807 0.0284904 -0.00449345 0.999584 26.4588 10.6354 1 1 2544 0 0 0 
20170507022153 -0.0253075 -1.37708 0.287463 0.118066 -0.205202 0.971572 0.999699 -0.00500654 -0.0240343 0.00501571 0.999987 0.000321119 0.0240323 -0.000441571 0.999711 -0.0253075 -1.37708 0.287463 0.118066 -0.205202 0.971572 0.999699 -0.00500654 -0.0240343 0.00501571 0.999987 0.000321119 0.0240323 -0.000441571 0.999711 28.0148 11.2619 1 1 2544 0 0 0 
20170507022154 0.0776091 -1.29673 0.420058 0.0667935 -0.215686 0.974176 0.999717 -0.00736198 -0.0226197 0.00732946 0.999972 -0.00152041 0.0226303 0.00135419 0.999743 0.0776091 -1.29673 0.420058 0.0667935 -0.215686 0.974176 0.999717 -0.00736198 -0.0226197 0.00732946 0.999972 -0.00152041 0.0226303 0.00135419 0.999743 28.6761 11.5527 1 1 2544 0 0 0 
20170507022154 -0.00325848 -1.11059 0.313864 0.0333022 -0.247822 0.968233 0.999797 -0.00547683 -0.0193823 0.0054769 0.999985 -4.93046e-05 0.0193823 -5.68606e-05 0.999812 -0.00325848 -1.11059 0.313864 0.0333022 -0.247822 0.968233 0.999797 -0.00547683 -0.0193823 0.0054769 0.999985 -4.93046e-05 0.0193823 -5.68606e-05 0.999812 29.2326 11.6588 1 1 2544 0 0 0 
20170507022154 -0.0701173 -1.01947 0.363852 0.0160853 -0.249396 0.968268 0.999822 -0.00632859 -0.0177996 0.00634936 0.999979 0.00111077 0.0177922 -0.00122358 0.999841 -0.0701173 -1.01947 0.363852 0.0160853 -0.249396 0.968268 0.999822 -0.00632859 -0.0177996 0.00634936 0.999979 0.00111077 0.0177922 -0.00122358 0.999841 29.203 11.6141 1 1 2544 0 0 0 
20170507022154 -0.00325418 -0.846312 0.477546 0.0129505 -0.217449 0.975986 0.999856 -0.00833382 -0.0147704 0.00833375 0.999965 -6.6312e-05 0.0147704 -5.679e-05 0.999891 -0.00325418 -0.846312 0.477546 0.0129505 -0.217449 0.975986 0.999856 -0.00833382 -0.0147704 0.00833375 0.999965 -6.6312e-05 0.0147704 -5.679e-05 0.999891 29.0371 11.4571 1 1 2544 0 0 0 
20170507022155 -0.0962351 -0.643387 0.531893 0.0312136 -0.203215 0.978637 0.999894 -0.00926427 -0.0112441 0.00928256 0.999956 0.00157531 0.011229 -0.00167951 0.999936 -0.0962351 -0.643387 0.531893 0.0312136 -0.203215 0.978637 0.999894 -0.00926427 -0.0112441 0.00928256 0.999956 0.00157531 0.011229 -0.00167951 0.999936 28.7329 11.1283 1 1 2544 0 0 0 
20170507022155 -0.18804 -0.769856 0.543989 0.0627853 -0.185972 0.980547 0.999865 -0.0094501 -0.0134666 0.00949339 0.99995 0.0031542 0.0134361 -0.00328161 0.999904 -0.18804 -0.769856 0.543989 0.0627853 -0.185972 0.980547 0.999865 -0.0094501 -0.0134666 0.00949339 0.99995 0.0031542 0.0134361 -0.00328161 0.999904 27.8422 10.9191 1 1 2544 0 0 0 
20170507022155 -0.0521875 -0.974458 0.31273 0.133042 -0.163699 0.977498 0.99984 -0.00544265 -0.0170114 0.00545735 0.999985 0.000818006 0.0170067 -0.000910712 0.999855 -0.0521875 -0.974458 0.31273 0.133042 -0.163699 0.977498 0.99984 -0.00544265 -0.0170114 0.00545735 0.999985 0.000818006 0.0170067 -0.000910712 0.999855 26.8072 10.4278 1 1 2544 0 0 0 
20170507022155 -0.0746415 -1.36519 0.200043 0.255764 -0.173822 0.950984 0.99971 -0.00346035 -0.0238291 0.0034904 0.999993 0.00121955 0.0238247 -0.00130237 0.999715 -0.0746415 -1.36519 0.200043 0.255764 -0.173822 0.950984 0.99971 -0.00346035 -0.0238291 0.0034904 0.999993 0.00121955 0.0238247 -0.00130237 0.999715 26.5695 10.0696 1 1 2544 0 0 0 
20170507022156 0.475386 -1.30046 0.290525 0.39415 -0.0967108 0.913944 0.99973 -0.00525872 -0.0226522 0.00506929 0.999952 -0.00841193 0.0226954 0.00829482 0.999708 0.475386 -1.30046 0.290525 0.39415 -0.0967108 0.913944 0.99973 -0.00525872 -0.0226522 0.00506929 0.999952 -0.00841193 0.0226954 0.00829482 0.999708 26.4274 9.84411 1 1 2543 0 0 0 
20170507022156 -0.351826 -1.60999 -0.0988545 0.483992 -0.190744 0.854031 0.999604 0.00189782 -0.0280847 -0.00172465 0.999979 0.00618895 0.0280959 -0.00613806 0.999586 -0.351826 -1.60999 -0.0988545 0.483992 -0.190744 0.854031 0.999604 0.00189782 -0.0280847 -0.00172465 0.999979 0.00618895 0.0280959 -0.00613806 0.999586 26.6705 10.1271 1 1 2543 0 0 0 
20170507022156 -0.544087 -1.33772 0.850982 0.585711 -0.15538 0.795488 0.999617 -0.0146296 -0.023483 0.0148478 0.999848 0.00914821 0.0233456 -0.00949338 0.999682 -0.544087 -1.33772 0.850982 0.585711 -0.15538 0.795488 0.999617 -0.0146296 -0.023483 0.0148478 0.999848 0.00914821 0.0233456 -0.00949338 0.999682 27.2211 10.5767 1 1 2543 0 0 0 
20170507022157 -0.461751 -1.41017 0.968923 0.6137 -0.152237 0.774723 0.999554 -0.0167112 -0.0247416 0.016905 0.999828 0.0076417 0.0246097 -0.00805655 0.999665 -0.461751 -1.41017 0.968923 0.6137 -0.152237 0.774723 0.999554 -0.0167112 -0.0247416 0.016905 0.999828 0.0076417 0.0246097 -0.00805655 0.999665 28.1292 10.7974 1 1 2543 0 0 0 
20170507022157 -0.476391 -1.46467 1.09969 0.622971 -0.154644 0.766807 0.999489 -0.0189789 -0.0257145 0.0191857 0.999785 0.00782243 0.0255605 -0.00831179 0.999639 -0.476391 -1.46467 1.09969 0.622971 -0.154644 0.766807 0.999489 -0.0189789 -0.0257145 0.0191857 0.999785 0.00782243 0.0255605 -0.00831179 0.999639 28.1718 10.6948 1 1 2543 0 0 0 
20170507022157 -0.556943 -1.68811 1.02053 0.610655 -0.166269 0.774245 0.999407 -0.0175236 -0.0296258 0.017803 0.999799 0.00919413 0.0294588 -0.00971611 0.999519 -0.556943 -1.68811 1.02053 0.610655 -0.166269 0.774245 0.999407 -0.0175236 -0.0296258 0.017803 0.999799 0.00919413 0.0294588 -0.00971611 0.999519 26.7991 10.111 1 1 2543 0 0 0 
20170507022157 -0.653921 -1.78536 0.943988 0.574921 -0.195675 0.794467 0.999379 -0.0161184 -0.0313371 0.016467 0.999805 0.010898 0.0311554 -0.0114073 0.999449 -0.653921 -1.78536 0.943988 0.574921 -0.195675 0.794467 0.999379 -0.0161184 -0.0313371 0.016467 0.999805 0.010898 0.0311554 -0.0114073 0.999449 25.7674 9.6191 1 1 2543 0 0 0 
20170507022158 -0.501962 -1.6002 0.270135 0.465269 -0.225168 0.856051 0.999599 -0.0044699 -0.027965 0.00471288 0.999952 0.00862903 0.0279251 -0.00875736 0.999572 -0.501962 -1.6002 0.270135 0.465269 -0.225168 0.856051 0.999599 -0.0044699 -0.027965 0.00471288 0.999952 0.00862903 0.0279251 -0.00875736 0.999572 24.1968 8.99128 1 1 2543 0 0 0 
20170507022158 -0.700684 -1.87483 0.158444 0.324483 -0.191795 0.926243 0.999461 -0.00236507 -0.0327474 0.00276388 0.999923 0.0121384 0.0327162 -0.0122224 0.99939 -0.700684 -1.87483 0.158444 0.324483 -0.191795 0.926243 0.999461 -0.00236507 -0.0327474 0.00276388 0.999923 0.0121384 0.0327162 -0.0122224 0.99939 23.3501 9.00343 1 1 2543 0 0 0 
20170507022158 -0.79207 -1.79 0.277237 0.187105 -0.150168 0.970794 0.9995 -0.00440642 -0.0312998 0.00483632 0.999895 0.0136725 0.0312363 -0.013817 0.999417 -0.79207 -1.79 0.277237 0.187105 -0.150168 0.970794 0.9995 -0.00440642 -0.0312998 0.00483632 0.999895 0.0136725 0.0312363 -0.013817 0.999417 23.4653 9.96576 1 1 2543 0 0 0 
20170507022159 -0.436188 -1.4027 0.502374 0.0624861 -0.0880737 0.994152 0.999662 -0.00858136 -0.0245443 0.00876534 0.999934 0.00739792 0.0244792 -0.00761056 0.999671 -0.436188 -1.4027 0.502374 0.0624861 -0.0880737 0.994152 0.999662 -0.00858136 -0.0245443 0.00876534 0.999934 0.00739792 0.0244792 -0.00761056 0.999671 24.8483 11.3434 1 1 2543 0 0 0 
20170507022159 -0.487694 -1.10758 0.476279 -0.0157891 -0.0827363 0.996446 0.999779 -0.00814771 -0.0193992 0.00831098 0.999931 0.0083508 0.0193298 -0.00851018 0.999777 -0.487694 -1.10758 0.476279 -0.0157891 -0.0827363 0.996446 0.999779 -0.00814771 -0.0193992 0.00831098 0.999931 0.0083508 0.0193298 -0.00851018 0.999777 26.3983 12.4657 1 1 2542 0 0 0 
20170507022159 -0.455848 -0.788337 0.42136 -0.0646634 -0.0817039 0.994557 0.999878 -0.00724436 -0.0138163 0.00735336 0.999942 0.00785457 0.0137586 -0.00795521 0.999874 -0.455848 -0.788337 0.42136 -0.0646634 -0.0817039 0.994557 0.999878 -0.00724436 -0.0138163 0.00735336 0.999942 0.00785457 0.0137586 -0.00795521 0.999874 27.8119 12.8533 1 1 2542 0 0 0 
20170507022159 -0.316583 -0.659621 0.54276 -0.0630939 -0.088943 0.994036 0.999889 -0.00940905 -0.011564 0.00947217 0.99994 0.00541609 0.0115123 -0.00552503 0.999918 -0.316583 -0.659621 0.54276 -0.0630939 -0.088943 0.994036 0.999889 -0.00940905 -0.011564 0.00947217 0.99994 0.00541609 0.0115123 -0.00552503 0.999918 28.8361 12.7241 1 1 2542 0 0 0 
20170507022200 -0.174839 -1.25919 0.857778 0.047058 -0.11698 0.992019 0.999646 -0.0149034 -0.0220184 0.0149669 0.999884 0.0027222 0.0219753 -0.00305078 0.999754 -0.174839 -1.25919 0.857778 0.047058 -0.11698 0.992019 0.999646 -0.0149034 -0.0220184 0.0149669 0.999884 0.0027222 0.0219753 -0.00305078 0.999754 29.56 12.7644 1 1 2542 0 0 0 
20170507022200 -1.14098 -0.409089 0.713764 -0.0378565 -0.24591 0.968553 0.999897 -0.0123126 -0.00738597 0.0124569 0.999726 0.0198221 0.00713989 -0.019912 0.999776 -1.14098 -0.409089 0.713764 -0.0378565 -0.24591 0.968553 0.999897 -0.0123126 -0.00738597 0.0124569 0.999726 0.0198221 0.00713989 -0.019912 0.999776 28.8657 12.0061 1 1 2542 0 0 0 
20170507022200 -1.35759 -1.25122 0.642758 0.084599 -0.275465 0.957581 0.999699 -0.0106975 -0.0220945 0.0112153 0.999662 0.0234458 0.0218362 -0.0236866 0.999481 -1.35759 -1.25122 0.642758 0.084599 -0.275465 0.957581 0.999699 -0.0106975 -0.0220945 0.0112153 0.999662 0.0234458 0.0218362 -0.0236866 0.999481 26.7721 10.8761 1 1 2542 0 0 0 
20170507022201 -1.48948 -1.2768 0.501121 0.201312 -0.272166 0.940957 0.999713 -0.00816396 -0.0225015 0.00874392 0.999629 0.0257976 0.0222825 -0.025987 0.999414 -1.48948 -1.2768 0.501121 0.201312 -0.272166 0.940957 0.999713 -0.00816396 -0.0225015 0.00874392 0.999629 0.0257976 0.0222825 -0.025987 0.999414 24.4035 9.64581 1 1 2542 0 0 0 
20170507022201 -1.19092 -1.2394 0.513814 0.348659 -0.172092 0.921315 0.999726 -0.00851615 -0.0218108 0.00896552 0.999748 0.0205892 0.02163 -0.0207791 0.99955 -1.19092 -1.2394 0.513814 0.348659 -0.172092 0.921315 0.999726 -0.00851615 -0.0218108 0.00896552 0.999748 0.0205892 0.02163 -0.0207791 0.99955 24.2403 9.98168 1 1 2542 0 0 0 
20170507022201 -0.402296 -0.794232 0.501746 0.455755 0.0145073 0.889987 0.999866 -0.00865946 -0.0139221 0.00875616 0.999938 0.00689969 0.0138615 -0.00702067 0.999879 -0.402296 -0.794232 0.501746 0.455755 0.0145073 0.889987 0.999866 -0.00865946 -0.0139221 0.00875616 0.999938 0.00689969 0.0138615 -0.00702067 0.999879 25.7067 11.5948 1 1 2541 0 0 0 
20170507022201 -1.78482 0.318098 0.849738 0.394079 -0.0490787 0.917765 0.999875 -0.0149959 0.00508662 0.01483 0.999402 0.0312247 -0.00555182 -0.0311454 0.999499 -1.78482 0.318098 0.849738 0.394079 -0.0490787 0.917765 0.999875 -0.0149959 0.00508662 0.01483 0.999402 0.0312247 -0.00555182 -0.0311454 0.999499 27.5977 13.0608 1 1 2537 0 0 0 
20170507022202 -0.561603 0.445205 0.522907 0.417426 0.117663 0.901061 0.999928 -0.00920203 0.00768006 0.00912604 0.99991 0.00987216 -0.00777021 -0.00980136 0.999922 -0.561603 0.445205 0.522907 0.417426 0.117663 0.901061 0.999928 -0.00920203 0.00768006 0.00912604 0.99991 0.00987216 -0.00777021 -0.00980136 0.999922 28.5513 13.8859 1 1 2458 0 0 0 
20170507022202 0.56585 -1.58035 0.716499 0.584015 0.228806 0.778829 0.999541 -0.0127767 -0.0274519 0.0125002 0.99987 -0.0102199 0.0275789 0.00987204 0.999571 0.56585 -1.58035 0.716499 0.584015 0.228806 0.778829 0.999541 -0.0127767 -0.0274519 0.0125002 0.99987 -0.0102199 0.0275789 0.00987204 0.999571 28.0679 13.488 1 1 2452 0 0 0 
20170507022202 -0.424883 -2.85069 0.715521 0.583167 0.14936 0.798504 0.998685 -0.0121188 -0.0498207 0.0124724 0.999899 0.00679391 0.0497333 -0.00740636 0.998735 -0.424883 -2.85069 0.715521 0.583167 0.14936 0.798504 0.998685 -0.0121188 -0.0498207 0.0124724 0.999899 0.00679391 0.0497333 -0.00740636 0.998735 27.1676 12.7605 1 1 2450 0 0 0 
20170507022203 -0.290318 -3.27145 0.738575 0.565672 0.145281 0.811732 0.998287 -0.0126009 -0.0571263 0.0128692 0.999908 0.00433097 0.0570665 -0.00505872 0.998358 -0.290318 -3.27145 0.738575 0.565672 0.145281 0.811732 0.998287 -0.0126009 -0.0571263 0.0128692 0.999908 0.00433097 0.0570665 -0.00505872 0.998358 26.4843 12.0752 1 1 2450 0 0 0 
20170507022203 0.137704 -1.49825 0.189742 0.432169 0.18317 0.882994 0.999653 -0.00337445 -0.0261382 0.00331049 0.999991 -0.00248996 0.0261464 0.00240256 0.999655 0.137704 -1.49825 0.189742 0.432169 0.18317 0.882994 0.999653 -0.00337445 -0.0261382 0.00331049 0.999991 -0.00248996 0.0261464 0.00240256 0.999655 26.5974 12.0198 1 1 2449 0 0 0 
20170507022203 0.111062 -1.33952 0.272851 0.387869 0.182723 0.903421 0.999715 -0.00480743 -0.0233674 0.00476082 0.999987 -0.00204971 0.0233769 0.00193787 0.999725 0.111062 -1.33952 0.272851 0.387869 0.182723 0.903421 0.999715 -0.00480743 -0.0233674 0.00476082 0.999987 -0.00204971 0.0233769 0.00193787 0.999725 26.285 11.978 1 1 2449 0 0 0 
20170507022204 -0.111338 -1.3184 0.324412 0.344571 0.14024 0.928226 0.999719 -0.00561731 -0.023019 0.00566053 0.999982 0.0018129 0.0230084 -0.0019427 0.999733 -0.111338 -1.3184 0.324412 0.344571 0.14024 0.928226 0.999719 -0.00561731 -0.023019 0.00566053 0.999982 0.0018129 0.0230084 -0.0019427 0.999733 26.6554 12.0431 1 1 2449 0 0 0 
20170507022204 -0.860313 -1.86369 0.45682 0.340585 0.0319343 0.939671 0.999439 -0.00748373 -0.0326368 0.00796871 0.999859 0.014755 0.0325218 -0.0150068 0.999358 -0.860313 -1.86369 0.45682 0.340585 0.0319343 0.939671 0.999439 -0.00748373 -0.0326368 0.00796871 0.999859 0.014755 0.0325218 -0.0150068 0.999358 26.1169 11.6968 1 1 2449 0 0 0 
20170507022204 -0.860199 -2.13482 0.322712 0.297283 -0.00177314 0.954788 0.99929 -0.00507249 -0.0373307 0.00562845 0.999875 0.0148027 0.037251 -0.0150023 0.999193 -0.860199 -2.13482 0.322712 0.297283 -0.00177314 0.954788 0.99929 -0.00507249 -0.0373307 0.00562845 0.999875 0.0148027 0.037251 -0.0150023 0.999193 25.7538 11.7272 1 1 2449 0 0 0 
20170507022204 -0.886682 -1.06228 0.383717 0.123779 -0.0394376 0.991526 0.999806 -0.00640939 -0.0186402 0.00669593 0.99986 0.0153504 0.0185392 -0.0154722 0.999708 -0.886682 -1.06228 0.383717 0.123779 -0.0394376 0.991526 0.999806 -0.00640939 -0.0186402 0.00669593 0.99986 0.0153504 0.0185392 -0.0154722 0.999708 26.5058 12.9743 1 1 2449 0 0 0 
20170507022205 -1.47706 -2.48859 0.458851 0.144085 -0.126866 0.981399 0.999025 -0.00688651 -0.043611 0.00800082 0.999645 0.0254284 0.0434204 -0.0257525 0.998725 -1.47706 -2.48859 0.458851 0.144085 -0.126866 0.981399 0.999025 -0.00688651 -0.043611 0.00800082 0.999645 0.0254284 0.0434204 -0.0257525 0.998725 27.418 14.2066 1 1 2449 0 0 0 
20170507022205 -0.486849 -2.22627 0.397303 0.0749847 -0.0406048 0.996358 0.999221 -0.00660388 -0.0389025 0.00692896 0.999942 0.00822746 0.0388459 -0.0084906 0.999209 -0.486849 -2.22627 0.397303 0.0749847 -0.0406048 0.996358 0.999221 -0.00660388 -0.0389025 0.00692896 0.999942 0.00822746 0.0388459 -0.0084906 0.999209 28.1508 15.742 1 1 2449 0 0 0 
20170507022205 -0.231234 -2.60215 0.546081 0.0731933 0.0359276 0.99667 0.998923 -0.00934748 -0.0454364 0.00952095 0.999948 0.00360289 0.0454004 -0.00403161 0.998961 -0.231234 -2.60215 0.546081 0.0731933 0.0359276 0.99667 0.998923 -0.00934748 -0.0454364 0.00952095 0.999948 0.00360289 0.0454004 -0.00403161 0.998961 29.429 16.9581 1 1 2446 0 0 0 
20170507022206 -0.0783436 -1.91292 0.44944 0.0519618 0.0585237 0.996933 0.999412 -0.00779848 -0.0333902 0.00783975 0.999969 0.00110547 0.0333806 -0.00136659 0.999442 -0.0783436 -1.91292 0.44944 0.0519618 0.0585237 0.996933 0.999412 -0.00779848 -0.0333902 0.00783975 0.999969 0.00110547 0.0333806 -0.00136659 0.999442 29.808 16.8164 1 1 2446 0 0 0 
20170507022206 -0.0924904 -1.55741 0.521572 0.0279251 0.0696538 0.99718 0.999589 -0.00905914 -0.0271921 0.00909966 0.999958 0.00136679 0.0271786 -0.00161367 0.999629 -0.0924904 -1.55741 0.521572 0.0279251 0.0696538 0.99718 0.999589 -0.00905914 -0.0271921 0.00909966 0.999958 0.00136679 0.0271786 -0.00161367 0.999629 29.8115 15.4368 1 1 2446 0 0 0 
20170507022206 -0.989446 -1.5885 0.551664 0.0596144 -0.0182545 0.998055 0.999569 -0.0091481 -0.0278819 0.0096245 0.999809 0.0170006 0.027721 -0.0172616 0.999467 -0.989446 -1.5885 0.551664 0.0596144 -0.0182545 0.998055 0.999569 -0.0091481 -0.0278819 0.0096245 0.999809 0.0170006 0.027721 -0.0172616 0.999467 29.5766 14.7342 1 1 2438 0 0 0 
20170507022207 0.877448 -1.54797 0.75586 0.0895496 0.147789 0.984957 0.999548 -0.013604 -0.0268063 0.0131871 0.99979 -0.0156688 0.0270139 0.0153082 0.999518 0.877448 -1.54797 0.75586 0.0895496 0.147789 0.984957 0.999548 -0.013604 -0.0268063 0.0131871 0.99979 -0.0156688 0.0270139 0.0153082 0.999518 30.0301 14.219 1 1 2430 0 0 0 
20170507022207 0.80363 -1.27344 0.670026 0.0963478 0.145254 0.984692 0.999685 -0.0120044 -0.0220561 0.011691 0.99983 -0.0142844 0.0222238 0.0140221 0.999655 0.80363 -1.27344 0.670026 0.0963478 0.145254 0.984692 0.999685 -0.0120044 -0.0220561 0.011691 0.99983 -0.0142844 0.0222238 0.0140221 0.999655 29.1676 13.4429 1 1 2430 0 0 0 
20170507022207 -0.735376 -1.63504 0.713779 0.157518 -0.00209203 0.987514 0.999515 -0.0120903 -0.0286882 0.0124524 0.999845 0.012478 0.0285329 -0.0128292 0.999511 -0.735376 -1.63504 0.713779 0.157518 -0.00209203 0.987514 0.999515 -0.0120903 -0.0286882 0.0124524 0.999845 0.012478 0.0285329 -0.0128292 0.999511 28.2247 13.0991 1 1 2427 0 0 0 
20170507022208 -0.735376 -1.63504 0.713779 -0.0254522 0.997349 0.0681696 0.600327 -0.797 0.0663213 -0.159866 -0.200842 -0.966491 0.783614 0.569608 -0.247984 113.526 -51.5927 -14.9117 -0.0254522 0.997349 0.0681696 0.600327 -0.797 0.0663213 -0.159866 -0.200842 -0.966491 0.783614 0.569608 -0.247984 28.2247 13.0991 1 1 938 0 1 1 
20170507022208 -0.537771 0.632463 0.482989 0.0366744 0.086477 0.995579 0.999904 -0.00853288 0.0109583 0.00842914 0.99992 0.00947845 -0.0110383 -0.00938517 0.999895 -0.537771 0.632463 0.482989 0.0366744 0.086477 0.995579 0.999904 -0.00853288 0.0109583 0.00842914 0.99992 0.00947845 -0.0110383 -0.00938517 0.999895 21.507 12.2394 1 1 938 0 0 0 
20170507022208 -0.74129 -0.647317 0.443099 0.149305 0.0576167 0.987111 0.999906 -0.00758666 -0.0113963 0.00773297 0.999888 0.0128498 0.0112976 -0.0129368 0.999852 -0.74129 -0.647317 0.443099 0.149305 0.0576167 0.987111 0.999906 -0.00758666 -0.0113963 0.00773297 0.999888 0.0128498 0.0112976 -0.0129368 0.999852 21.1943 12.1313 1 1 938 0 0 0 
20170507022208 -0.435242 -0.614238 0.444486 0.166281 0.0916784 0.981807 0.999912 -0.00767601 -0.0107786 0.00775722 0.999942 0.00751294 0.0107203 -0.00759589 0.999914 -0.435242 -0.614238 0.444486 0.166281 0.0916784 0.981807 0.999912 -0.00767601 -0.0107786 0.00775722 0.999942 0.00751294 0.0107203 -0.00759589 0.999914 21.0308 12.1535 1 1 938 0 0 0 
20170507022209 -0.685989 -0.660531 0.285319 0.163097 0.0955364 0.981974 0.999921 -0.00484136 -0.0115868 0.00497941 0.999917 0.0119149 0.0115282 -0.0119717 0.999862 -0.685989 -0.660531 0.285319 0.163097 0.0955364 0.981974 0.999921 -0.00484136 -0.0115868 0.00497941 0.999917 0.0119149 0.0115282 -0.0119717 0.999862 20.6233 12.0268 1 1 938 0 0 0 
20170507022209 -0.967714 -0.55233 0.164599 0.155207 0.079691 0.984662 0.999949 -0.00270957 -0.00968693 0.00287265 0.999854 0.0168612 0.00963983 -0.0168882 0.999811 -0.967714 -0.55233 0.164599 0.155207 0.079691 0.984662 0.999949 -0.00270957 -0.00968693 0.00287265 0.999854 0.0168612 0.00963983 -0.0168882 0.999811 20.2828 11.9467 1 1 938 0 0 0 
20170507022209 0.191432 -1.40018 0.459213 0 0 0 0.999669 -0.00809628 -0.0244076 0.00801229 0.999962 -0.00353684 0.0244353 0.00334011 0.999696 0.191432 -1.40018 0.459213 0 0 0 0.999669 -0.00809628 -0.0244076 0.00801229 0.999962 -0.00353684 0.0244353 0.00334011 0.999696 19.8241 11.8259 0 1 938 0 0 0 
20170507022209 0.125917 -1.0444 0.520731 0 0 0 0.999793 -0.00912838 -0.0182064 0.00908683 0.999956 -0.00236322 0.0182272 0.00219729 0.999831 0.125917 -1.0444 0.520731 0 0 0 0.999793 -0.00912838 -0.0182064 0.00908683 0.999956 -0.00236322 0.0182272 0.00219729 0.999831 19.3044 11.8093 0 1 938 0 0 0 
20170507022209 -0.739869 1.87857 0.466071 0 0 0 0.999429 -0.008557 0.0326726 0.00813002 0.99988 0.013179 -0.0327814 -0.0129059 0.999379 -0.739869 1.87857 0.466071 0 0 0 0.999429 -0.008557 0.0326726 0.00813002 0.99988 0.013179 -0.0327814 -0.0129059 0.999379 18.874 11.8884 0 1 938 0 0 0 
20170507022210 -0.674646 1.52515 0.497576 0 0 0 0.999608 -0.008997 0.0265106 0.00868115 0.99989 0.0120052 -0.0266157 -0.0117704 0.999576 -0.674646 1.52515 0.497576 0 0 0 0.999608 -0.008997 0.0265106 0.00868115 0.99989 0.0120052 -0.0266157 -0.0117704 0.999576 18.8929 12.0719 0 1 938 0 0 0 
20170507022210 -0.08294 0.366642 0.403265 0 0 0 0.999955 -0.0070475 0.00638872 0.0070381 0.999974 0.00149258 -0.00639907 -0.00144755 0.999978 -0.08294 0.366642 0.403265 0 0 0 0.999955 -0.0070475 0.00638872 0.0070381 0.999974 0.00149258 -0.00639907 -0.00144755 0.999978 18.7976 11.9767 0 1 937 0 0 0 
20170507022210 0.0104604 0.43285 0.397298 0 0 0 0.999947 -0.00693272 0.00755567 0.0069339 0.999976 -0.00013018 -0.00755459 0.000182564 0.999971 0.0104604 0.43285 0.397298 0 0 0 0.999947 -0.00693272 0.00755567 0.0069339 0.999976 -0.00013018 -0.00755459 0.000182564 0.999971 18.7786 11.9991 0 1 937 0 0 0 
20170507022210 -0.0102893 0.549551 0.388703 0 0 0 0.999931 -0.00678581 0.00958988 0.00678378 0.999977 0.000244647 -0.00959132 -0.000179574 0.999954 -0.0102893 0.549551 0.388703 0 0 0 0.999931 -0.00678581 0.00958988 0.00678378 0.999977 0.000244647 -0.00959132 -0.000179574 0.999954 18.7973 12.1712 0 1 937 0 0 0 
20170507022210 -0.0937353 0.564264 0.483349 0 0 0 0.999916 -0.00845204 0.00983394 0.00843553 0.999963 0.00171901 -0.0098481 -0.00163591 0.99995 -0.0937353 0.564264 0.483349 0 0 0 0.999916 -0.00845204 0.00983394 0.00843553 0.999963 0.00171901 -0.0098481 -0.00163591 0.99995 18.7291 12.2613 0 1 937 0 0 0 
20170507022211 -0.136235 0.608151 0.385027 0 0 0 0.999921 -0.00674515 0.0105978 0.00671956 0.999974 0.00244901 -0.010614 -0.00237761 0.999941 -0.136235 0.608151 0.385027 0 0 0 0.999921 -0.00674515 0.0105978 0.00671956 0.999974 0.00244901 -0.010614 -0.00237761 0.999941 18.7513 12.2878 0 1 937 0 0 0 
20170507022211 -0.143358 0.650428 0.445816 0 0 0 0.999905 -0.00780926 0.011332 0.00778038 0.999966 0.00259032 -0.0113519 -0.0025019 0.999932 -0.143358 0.650428 0.445816 0 0 0 0.999905 -0.00780926 0.011332 0.00778038 0.999966 0.00259032 -0.0113519 -0.0025019 0.999932 18.863 12.4396 0 1 937 0 0 0 
20170507022211 -0.283528 0.561568 0.524927 0 0 0 0.99991 -0.00920997 0.00975519 0.00916114 0.999945 0.00503806 -0.00980106 -0.00494823 0.99994 -0.283528 0.561568 0.524927 0 0 0 0.99991 -0.00920997 0.00975519 0.00916114 0.999945 0.00503806 -0.00980106 -0.00494823 0.99994 18.7856 12.451 0 1 937 0 0 0 
20170507022211 -0.357545 0.437945 0.46369 0 0 0 0.999938 -0.00814037 0.00759262 0.00809259 0.999947 0.00630195 -0.00764352 -0.00624011 0.999951 -0.357545 0.437945 0.46369 0 0 0 0.999938 -0.00814037 0.00759262 0.00809259 0.999947 0.00630195 -0.00764352 -0.00624011 0.999951 18.4997 12.1853 0 1 937 0 0 0 
20170507022211 -0.391298 0.298073 0.486301 0 0 0 0.99995 -0.00852279 0.00514406 0.00848734 0.99994 0.0068733 -0.00520233 -0.0068293 0.999963 -0.391298 0.298073 0.486301 0 0 0 0.99995 -0.00852279 0.00514406 0.00848734 0.99994 0.0068733 -0.00520233 -0.0068293 0.999963 18.4528 11.9776 0 1 937 0 0 0 
20170507022212 -0.367893 0.164168 0.50787 0 0 0 0.999957 -0.0088821 0.00280819 0.00886385 0.99994 0.00644605 -0.00286527 -0.00642088 0.999975 -0.367893 0.164168 0.50787 0 0 0 0.999957 -0.0088821 0.00280819 0.00886385 0.99994 0.00644605 -0.00286527 -0.00642088 0.999975 18.441 11.8217 0 1 937 0 0 0 
20170507022212 -0.383723 0.268233 0.553755 0 0 0 0.999942 -0.00969584 0.00461648 0.0096646 0.999931 0.00674211 -0.00468153 -0.00669711 0.999967 -0.383723 0.268233 0.553755 0 0 0 0.999942 -0.00969584 0.00461648 0.0096646 0.999931 0.00674211 -0.00468153 -0.00669711 0.999967 18.5479 11.9169 0 1 937 0 0 0 
20170507022212 -0.345466 0.429797 0.594381 0 0 0 0.999918 -0.0104188 0.00743822 0.0103734 0.999928 0.00610697 -0.0075013 -0.00602931 0.999954 -0.345466 0.429797 0.594381 0 0 0 0.999918 -0.0104188 0.00743822 0.0103734 0.999928 0.00610697 -0.0075013 -0.00602931 0.999954 18.8295 12.259 0 1 937 0 0 0 
20170507022212 -0.433375 0.540863 0.613515 0 0 0 0.999898 -0.0107787 0.0093579 0.0107072 0.999913 0.00766439 -0.0094397 -0.00756341 0.999927 -0.433375 0.540863 0.613515 0 0 0 0.999898 -0.0107787 0.0093579 0.0107072 0.999913 0.00766439 -0.0094397 -0.00756341 0.999927 18.9084 12.3474 0 1 937 0 0 0 
20170507022212 -0.442657 0.684623 0.674718 0 0 0 0.999859 -0.0118677 0.0118565 0.0117749 0.9999 0.00786591 -0.0119486 -0.0077252 0.999899 -0.442657 0.684623 0.674718 0 0 0 0.999859 -0.0118677 0.0118565 0.0117749 0.9999 0.00786591 -0.0119486 -0.0077252 0.999899 19.0294 12.4546 0 1 937 0 0 0 
20170507022213 -0.557343 1.5233 0.661145 0 0 0 0.99958 -0.0117969 0.0264682 0.0115348 0.999883 0.0100334 -0.0265834 -0.00972388 0.999599 -0.557343 1.5233 0.661145 0 0 0 0.99958 -0.0117969 0.0264682 0.0115348 0.999883 0.0100334 -0.0265834 -0.00972388 0.999599 19.1797 12.5981 0 1 936 0 0 0 
20170507022213 -0.584302 1.93834 0.608277 0 0 0 0.999371 -0.0109606 0.0337121 0.0106102 0.999888 0.0105563 -0.033824 -0.010192 0.999376 -0.584302 1.93834 0.608277 0 0 0 0.999371 -0.0109606 0.0337121 0.0106102 0.999888 0.0105563 -0.033824 -0.010192 0.999376 19.3086 12.996 0 1 936 0 0 0 
20170507022213 -0.53896 2.07271 0.668936 0 0 0 0.999278 -0.0120145 0.0360538 0.0116672 0.999884 0.00982809 -0.0361677 -0.00940034 0.999302 -0.53896 2.07271 0.668936 0 0 0 0.999278 -0.0120145 0.0360538 0.0116672 0.999884 0.00982809 -0.0361677 -0.00940034 0.999302 19.7057 13.5461 0 1 936 0 0 0 
20170507022213 -0.4979 1.83102 0.754901 0.201321 0.199317 0.959032 0.999403 -0.0134523 0.0318335 0.0131684 0.999872 0.00911009 -0.0319519 -0.00868545 0.999452 -0.4979 1.83102 0.754901 0.201321 0.199317 0.959032 0.999403 -0.0134523 0.0318335 0.0131684 0.999872 0.00911009 -0.0319519 -0.00868545 0.999452 20.0003 13.7837 1 1 936 0 0 0 
20170507022213 -1.98892 2.86835 0.644566 0.0387679 0.0247022 0.998943 0.998684 -0.0129794 0.0496175 0.0112355 0.999315 0.0352666 -0.0500412 -0.0346627 0.998145 -1.98892 2.86835 0.644566 0.0387679 0.0247022 0.998943 0.998684 -0.0129794 0.0496175 0.0112355 0.999315 0.0352666 -0.0500412 -0.0346627 0.998145 20.1782 13.9824 1 1 936 0 0 0 
20170507022214 -1.95878 3.20544 0.683032 0.0087341 0.0314076 0.999468 0.998365 -0.013825 0.0554722 0.0119022 0.999322 0.0348443 -0.0559163 -0.0341271 0.997852 -1.95878 3.20544 0.683032 0.0087341 0.0314076 0.999468 0.998365 -0.013825 0.0554722 0.0119022 0.999322 0.0348443 -0.0559163 -0.0341271 0.997852 20.1477 13.9638 1 1 936 0 0 0 
20170507022214 -0.473628 2.02923 0.63952 0.172291 0.215837 0.961109 0.999311 -0.0114538 0.0353137 0.0111545 0.9999 0.00866097 -0.0354093 -0.00826109 0.999339 -0.473628 2.02923 0.63952 0.172291 0.215837 0.961109 0.999311 -0.0114538 0.0353137 0.0111545 0.9999 0.00866097 -0.0354093 -0.00826109 0.999339 20.0296 13.8675 1 1 936 0 0 0 
20170507022214 -2.10372 2.87655 0.831438 0 0 0 0.998635 -0.016343 0.0496125 0.0144925 0.999194 0.0374324 -0.0501843 -0.0366623 0.998067 -2.10372 2.87655 0.831438 0 0 0 0.998635 -0.016343 0.0496125 0.0144925 0.999194 0.0374324 -0.0501843 -0.0366623 0.998067 19.985 13.4249 0 1 936 0 0 0 
20170507022214 -0.67681 1.74295 0.606774 0.133442 0.225191 0.965133 0.999481 -0.0109485 0.0302867 0.0105851 0.99987 0.0121337 -0.0304156 -0.0118068 0.999468 -0.67681 1.74295 0.606774 0.133442 0.225191 0.965133 0.999481 -0.0109485 0.0302867 0.0105851 0.99987 0.0121337 -0.0304156 -0.0118068 0.999468 20.0507 13.2102 1 1 936 0 0 0 
20170507022214 -0.496841 1.74985 0.721667 0.0801585 0.263183 0.96141 0.999454 -0.0128594 0.0304231 0.0125893 0.99988 0.00905531 -0.0305359 -0.00866736 0.999496 -0.496841 1.74985 0.721667 0.0801585 0.263183 0.96141 0.999454 -0.0128594 0.0304231 0.0125893 0.99988 0.00905531 -0.0305359 -0.00866736 0.999496 20.2695 12.802 1 1 936 0 0 0 
20170507022214 -0.293858 1.84333 0.486013 0.0383274 0.30731 0.950837 0.999447 -0.00864728 0.0321216 0.00847804 0.999949 0.00540143 -0.0321666 -0.00512611 0.999469 -0.293858 1.84333 0.486013 0.0383274 0.30731 0.950837 0.999447 -0.00864728 0.0321216 0.00847804 0.999949 0.00540143 -0.0321666 -0.00512611 0.999469 20.6249 12.6181 1 1 936 0 0 0 
20170507022215 -0.0803388 1.92197 0.454508 -0.0148682 0.357924 0.933632 0.999406 -0.0079796 0.0335261 0.00792812 0.999967 0.00166818 -0.0335383 -0.00140139 0.999436 -0.0803388 1.92197 0.454508 -0.0148682 0.357924 0.933632 0.999406 -0.0079796 0.0335261 0.00792812 0.999967 0.00166818 -0.0335383 -0.00140139 0.999436 21.1194 12.2779 1 1 936 0 0 0 
