20170507014109 0.232997 -0.784694 -0.0179919 0 0 0 0.999906 0.000258323 -0.0136962 -0.000313988 0.999992 -0.00406225 0.0136951 0.00406617 0.999898 0.232997 -0.784694 -0.0179919 -0.219561 -0.0640771 0.973492 0.999906 0.000258323 -0.0136962 -0.000313988 0.999992 -0.00406225 0.0136951 0.00406617 0.999898 5.88794 0.406611 0 1 1982 0 0 0 
20170507014109 0.344906 0.0782085 -0.044499 0 0 0 0.999999 0.000784856 0.00136029 -0.000776653 0.999982 -0.00602077 -0.00136499 0.0060197 0.999981 0.344906 0.0782085 -0.044499 -0.124157 -0.94748 -0.294732 0.999999 0.000784856 0.00136029 -0.000776653 0.999982 -0.00602077 -0.00136499 0.0060197 0.999981 1.93158 0.725433 0 1 1981 0 0 0 
20170507014109 0.266753 -1.79586 -0.172865 0 0 0 0.999504 0.00287113 -0.031352 -0.00301558 0.999985 -0.00456114 0.0313385 0.00465342 0.999498 0.266753 -1.79586 -0.172865 -0.110811 0.209744 0.971457 0.999504 0.00287113 -0.031352 -0.00301558 0.999985 -0.00456114 0.0313385 0.00465342 0.999498 14.4075 1.07601 0 1 1957 0 0 0 
20170507014110 0.204912 -2.55176 0.119618 0 0 0 0.999006 -0.00224694 -0.044514 0.00208565 0.999991 -0.00366932 0.0445219 0.00357283 0.999002 0.204912 -2.55176 0.119618 0.0458879 0.154869 0.986869 0.999006 -0.00224694 -0.044514 0.00208565 0.999991 -0.00366932 0.0445219 0.00357283 0.999002 18.1615 1.88666 0 1 1939 0 0 0 
20170507014110 -0.21552 -2.36532 0.0829404 0 0 0 0.999147 -0.00129233 -0.0412761 0.00144635 0.999992 0.00370177 0.041271 -0.00375831 0.999141 -0.21552 -2.36532 0.0829404 -0.253595 -0.100989 0.962024 0.999147 -0.00129233 -0.0412761 0.00144635 0.999992 0.00370177 0.041271 -0.00375831 0.999141 16.1295 4.15099 0 1 1928 0 0 0 
20170507014110 -0.469676 -0.518587 0.183233 0 0 0 0.999954 -0.0031237 -0.00907679 0.00319787 0.999962 0.00816831 0.00905092 -0.00819696 0.999925 -0.469676 -0.518587 0.183233 -0.151913 0.142764 -0.978029 0.999954 -0.0031237 -0.00907679 0.00319787 0.999962 0.00816831 0.00905092 -0.00819696 0.999925 9.88258 4.52329 0 1 1927 0 0 0 
20170507014110 -0.215431 0.113066 -0.0459086 0 0 0 0.999998 0.00079383 0.00197636 -0.000801254 0.999993 0.0037584 -0.00197337 -0.00375997 0.999991 -0.215431 0.113066 -0.0459086 0.233587 0.3266 -0.915844 0.999998 0.00079383 0.00197636 -0.000801254 0.999993 0.0037584 -0.00197337 -0.00375997 0.999991 11.4349 6.11112 0 1 1916 0 0 0 
20170507014110 -0.337601 1.24767 -0.207012 0 0 0 0.999756 0.00348467 0.0217951 -0.00361217 0.999977 0.00581351 -0.0217743 -0.00589082 0.999746 -0.337601 1.24767 -0.207012 0.195532 0.265102 -0.944187 0.999756 0.00348467 0.0217951 -0.00361217 0.999977 0.00581351 -0.0217743 -0.00589082 0.999746 17.2205 8.76656 0 1 1883 0 0 0 
20170507014111 -0.0827955 1.16017 0.0274004 0 0 0 0.999795 -0.000507485 0.0202468 0.000478129 0.999999 0.00145474 -0.0202475 -0.00144476 0.999794 -0.0827955 1.16017 0.0274004 0.00830675 0.307542 -0.951498 0.999795 -0.000507485 0.0202468 0.000478129 0.999999 0.00145474 -0.0202475 -0.00144476 0.999794 15.0022 8.54294 0 1 1877 0 0 0 
20170507014111 -0.264736 0.106456 0.0888422 0 0 0 0.999997 -0.00155916 0.00185082 0.00155059 0.999988 0.00462338 -0.00185801 -0.00462049 0.999988 -0.264736 0.106456 0.0888422 -0.0148559 0.304967 -0.952247 0.999997 -0.00155916 0.00185082 0.00155059 0.999988 0.00462338 -0.00185801 -0.00462049 0.999988 14.4563 7.02602 0 1 1872 0 0 0 
20170507014111 0.390051 -0.0809708 0.406934 0 0 0 0.999974 -0.00711174 -0.00136479 0.00710228 0.999952 -0.00681748 0.00141321 0.00680761 0.999976 0.390051 -0.0809708 0.406934 -0.10559 0.422931 -0.899989 0.999974 -0.00711174 -0.00136479 0.00710228 0.999952 -0.00681748 0.00141321 0.00680761 0.999976 17.0559 7.91815 0 1 1868 0 0 0 
20170507014111 -0.0884137 0.909069 0.240535 -0.48125 0.272051 -0.833299 0.999865 -0.00422259 0.015859 0.00419758 0.99999 0.0016097 -0.0158656 -0.00154292 0.999873 -0.0884137 0.909069 0.240535 -0.48125 0.272051 -0.833299 0.999865 -0.00422259 0.015859 0.00419758 0.99999 0.0016097 -0.0158656 -0.00154292 0.999873 20.7331 9.28203 1 1 1847 0 0 0 
20170507014111 0.484935 0.693238 0.241886 -0.522884 0.290491 -0.801378 0.999918 -0.00411915 0.0121342 0.00422139 0.999956 -0.00841247 -0.012099 0.008463 0.999891 0.484935 0.693238 0.241886 -0.522884 0.290491 -0.801378 0.999918 -0.00411915 0.0121342 0.00422139 0.999956 -0.00841247 -0.012099 0.008463 0.999891 24.9265 10.6106 1 1 1831 0 0 0 
20170507014111 -0.147053 -0.980349 0.0353985 -0.365627 0.147845 -0.918944 0.999853 -0.000573907 -0.017111 0.000617731 0.999997 0.00255599 0.0171095 -0.00256618 0.99985 -0.147053 -0.980349 0.0353985 -0.365627 0.147845 -0.918944 0.999853 -0.000573907 -0.017111 0.000617731 0.999997 0.00255599 0.0171095 -0.00256618 0.99985 28.0285 12.2413 1 1 1816 0 0 0 
20170507014112 0.0521693 1.03216 0.162908 -0.633969 0.109933 -0.765505 0.999834 -0.00282688 0.018016 0.00284282 0.999996 -0.000859305 -0.0180135 0.000910378 0.999837 0.0521693 1.03216 0.162908 -0.633969 0.109933 -0.765505 0.999834 -0.00282688 0.018016 0.00284282 0.999996 -0.000859305 -0.0180135 0.000910378 0.999837 29.6039 13.3884 1 1 1814 0 0 0 
20170507014112 -0.418274 0.528511 0.11011 -0.573683 0.0507881 -0.817501 0.999956 -0.00198906 0.00920983 0.0019217 0.999971 0.0073179 -0.00922412 -0.00729988 0.999931 -0.418274 0.528511 0.11011 -0.573683 0.0507881 -0.817501 0.999956 -0.00198906 0.00920983 0.0019217 0.999971 0.0073179 -0.00922412 -0.00729988 0.999931 30.6308 14.252 1 1 1803 0 0 0 
20170507014112 -0.430509 0.825411 -0.0287503 -0.578429 0.0459433 -0.814438 0.999896 0.000393534 0.014409 -0.000501736 0.999972 0.0075065 -0.0144056 -0.00751295 0.999868 -0.430509 0.825411 -0.0287503 -0.578429 0.0459433 -0.814438 0.999896 0.000393534 0.014409 -0.000501736 0.999972 0.0075065 -0.0144056 -0.00751295 0.999868 34.296 15.6823 1 1 1778 0 0 0 
20170507014112 0.166821 -0.325769 0.104954 -0.408744 0.128833 -0.90351 0.999982 -0.00184834 -0.00568034 0.00183176 0.999994 -0.00292199 0.0056857 0.00291153 0.99998 0.166821 -0.325769 0.104954 -0.408744 0.128833 -0.90351 0.999982 -0.00184834 -0.00568034 0.00183176 0.999994 -0.00292199 0.0056857 0.00291153 0.99998 35.9668 16.5986 1 1 1750 0 0 0 
20170507014112 -0.657876 -0.563051 0.244033 -0.359114 0.0867891 -0.929249 0.999943 -0.00414606 -0.00987509 0.00425897 0.999925 0.0114399 0.00982693 -0.0114813 0.999886 -0.657876 -0.563051 0.244033 -0.359114 0.0867891 -0.929249 0.999943 -0.00414606 -0.00987509 0.00425897 0.999925 0.0114399 0.00982693 -0.0114813 0.999886 38.8671 17.888 1 1 1715 0 0 0 
20170507014113 -0.428611 0.839316 0.17189 -0.47785 0.098124 -0.872944 0.999888 -0.00310953 0.0146254 0.00299972 0.999967 0.00752451 -0.0146483 -0.0074798 0.999865 -0.428611 0.839316 0.17189 -0.47785 0.098124 -0.872944 0.999888 -0.00310953 0.0146254 0.00299972 0.999967 0.00752451 -0.0146483 -0.0074798 0.999865 40.2834 18.8191 1 1 1692 0 0 0 
20170507014113 -0.170906 -0.82746 0.257647 -0.253863 0.161637 -0.953639 0.999886 -0.00445368 -0.0144546 0.00449631 0.999986 0.00291789 0.0144414 -0.00298255 0.999891 -0.170906 -0.82746 0.257647 -0.253863 0.161637 -0.953639 0.999886 -0.00445368 -0.0144546 0.00449631 0.999986 0.00291789 0.0144414 -0.00298255 0.999891 42.4236 19.8211 1 1 1658 0 0 0 
20170507014113 -0.0741733 -0.963155 0.102025 -0.263059 0.182262 -0.947407 0.999857 -0.00175891 -0.0168117 0.00178042 0.999998 0.00126463 0.0168094 -0.00129438 0.999858 -0.0741733 -0.963155 0.102025 -0.263059 0.182262 -0.947407 0.999857 -0.00175891 -0.0168117 0.00178042 0.999998 0.00126463 0.0168094 -0.00129438 0.999858 43.8381 20.2344 1 1 1620 0 0 0 
20170507014113 0.0570204 1.00464 -0.207363 -0.443988 0.204118 -0.872474 0.99984 0.00363661 0.0175296 -0.00361861 0.999993 -0.00105864 -0.0175334 0.000995041 0.999846 0.0570204 1.00464 -0.207363 -0.443988 0.204118 -0.872474 0.99984 0.00363661 0.0175296 -0.00361861 0.999993 -0.00105864 -0.0175334 0.000995041 0.999846 45.6171 20.6978 1 1 1604 0 0 0 
20170507014113 -0.49369 -0.647953 -0.196769 -0.275815 0.183137 -0.943603 0.99993 0.00353157 -0.0112786 -0.00343404 0.999957 0.00865519 0.0113087 -0.00861586 0.999899 -0.49369 -0.647953 -0.196769 -0.275815 0.183137 -0.943603 0.99993 0.00353157 -0.0112786 -0.00343404 0.999957 0.00865519 0.0113087 -0.00861586 0.999899 47.4255 21.0032 1 1 1585 0 0 0 
20170507014114 -0.921941 -0.805748 0.175462 -0.270332 0.160977 -0.949214 0.999896 -0.00283572 -0.0141099 0.00306208 0.999867 0.0160471 0.0140625 -0.0160886 0.999772 -0.921941 -0.805748 0.175462 -0.270332 0.160977 -0.949214 0.999896 -0.00283572 -0.0141099 0.00306208 0.999867 0.0160471 0.0140625 -0.0160886 0.999772 48.6537 20.8542 1 1 1575 0 0 0 
20170507014114 -0.114796 -0.552557 0.36675 -0.255326 0.22095 -0.94127 0.999933 -0.00638162 -0.0096564 0.00640065 0.999978 0.00194179 0.0096438 -0.00200347 0.999951 -0.114796 -0.552557 0.36675 -0.255326 0.22095 -0.94127 0.999933 -0.00638162 -0.0096564 0.00640065 0.999978 0.00194179 0.0096438 -0.00200347 0.999951 50.1104 21.234 1 1 1569 0 0 0 
20170507014114 -0.764584 -2.03141 0.0366861 0.113171 -0.174987 0.978045 0.999371 -0.000167221 -0.0354528 0.00063989 0.999911 0.0133214 0.0354474 -0.0133357 0.999283 -0.764584 -2.03141 0.0366861 0.113171 -0.174987 0.978045 0.999371 -0.000167221 -0.0354528 0.00063989 0.999911 0.0133214 0.0354474 -0.0133357 0.999283 52.9173 21.7602 1 1 1557 0 0 0 
20170507014114 -0.18879 -1.23176 -0.021088 -0.186681 0.225781 -0.956124 0.999769 0.000438884 -0.0214952 -0.00036797 0.999994 0.00330291 0.0214965 -0.00329424 0.999763 -0.18879 -1.23176 -0.021088 -0.186681 0.225781 -0.956124 0.999769 0.000438884 -0.0214952 -0.00036797 0.999994 0.00330291 0.0214965 -0.00329424 0.999763 54.8441 24.391 1 1 1552 0 0 0 
20170507014114 -1.09136 -0.18966 0.512645 -0.269772 0.129845 -0.95413 0.999954 -0.00888256 -0.00347987 0.00894718 0.999779 0.0190163 0.00331019 -0.0190465 0.999813 -1.09136 -0.18966 0.512645 -0.269772 0.129845 -0.95413 0.999954 -0.00888256 -0.00347987 0.00894718 0.999779 0.0190163 0.00331019 -0.0190465 0.999813 56.099 24.932 1 1 1547 0 0 0 
20170507014115 -0.278382 -0.836893 0.196184 -0.20886 0.210734 -0.95497 0.999887 -0.00335304 -0.0146224 0.00342368 0.999983 0.00480863 0.014606 -0.00485815 0.999882 -0.278382 -0.836893 0.196184 -0.20886 0.210734 -0.95497 0.999887 -0.00335304 -0.0146224 0.00342368 0.999983 0.00480863 0.014606 -0.00485815 0.999882 56.5281 23.328 1 1 1543 0 0 0 
20170507014115 0.213275 -1.1594 0.574448 -0.167414 0.237263 -0.956911 0.999745 -0.0101011 -0.0201955 0.0100238 0.999942 -0.00392502 0.020234 0.00372158 0.999788 0.213275 -1.1594 0.574448 -0.167414 0.237263 -0.956911 0.999745 -0.0101011 -0.0201955 0.0100238 0.999942 -0.00392502 0.020234 0.00372158 0.999788 57.6249 23.9324 1 1 1537 0 0 0 
20170507014115 0.22476 -0.118426 0.0949834 -0.252738 0.243698 -0.936341 0.999996 -0.00166587 -0.0020604 0.00165777 0.999991 -0.00392621 0.00206692 0.00392278 0.99999 0.22476 -0.118426 0.0949834 -0.252738 0.243698 -0.936341 0.999996 -0.00166587 -0.0020604 0.00165777 0.999991 -0.00392621 0.00206692 0.00392278 0.99999 58.1769 24.4246 1 1 1529 0 0 0 
20170507014115 1.01152 -0.505104 0.132386 -0.198915 0.312528 -0.928848 0.999958 -0.00246584 -0.00877343 0.00231048 0.999841 -0.0176737 0.00881561 0.0176527 0.999805 1.01152 -0.505104 0.132386 -0.198915 0.312528 -0.928848 0.999958 -0.00246584 -0.00877343 0.00231048 0.999841 -0.0176737 0.00881561 0.0176527 0.999805 58.9754 24.228 1 1 1524 0 0 0 
20170507014116 -0.215988 -1.06221 -0.462961 -0.177489 0.218587 -0.95954 0.999796 0.00814992 -0.0185068 -0.00807871 0.99996 0.00391936 0.018538 -0.00376905 0.999821 -0.215988 -1.06221 -0.462961 -0.177489 0.218587 -0.95954 0.999796 0.00814992 -0.0185068 -0.00807871 0.99996 0.00391936 0.018538 -0.00376905 0.999821 59.7882 23.7825 1 1 1520 0 0 0 
20170507014116 -0.00721203 -0.958167 -0.622181 -0.171019 0.231335 -0.957725 0.999801 0.010861 -0.01672 -0.0108574 0.999941 0.000307453 0.0167224 -0.000125856 0.99986 -0.00721203 -0.958167 -0.622181 -0.171019 0.231335 -0.957725 0.999801 0.010861 -0.01672 -0.0108574 0.999941 0.000307453 0.0167224 -0.000125856 0.99986 61.5099 24.4542 1 1 1520 0 0 0 
20170507014116 0.162913 -1.89284 -0.664091 -0.0576465 0.254004 -0.965484 0.999387 0.0114964 -0.0330609 -0.011584 0.99993 -0.00246035 0.0330303 0.00284182 0.99945 0.162913 -1.89284 -0.664091 -0.0576465 0.254004 -0.965484 0.999387 0.0114964 -0.0330609 -0.011584 0.99993 -0.00246035 0.0330303 0.00284182 0.99945 62.3723 24.404 1 1 1518 0 0 0 
20170507014116 1.58312 1.4352 0.66353 -0.258344 0.357587 -0.897435 0.999619 -0.0108842 0.0253551 0.0115769 0.999559 -0.0273354 -0.0250464 0.0276185 0.999305 1.58312 1.4352 0.66353 -0.258344 0.357587 -0.897435 0.999619 -0.0108842 0.0253551 0.0115769 0.999559 -0.0273354 -0.0250464 0.0276185 0.999305 62.9601 24.5842 1 1 1513 0 0 0 
20170507014117 -1.29398 -1.30609 -0.499943 0.0766365 -0.188246 0.979127 0.999702 0.00923803 -0.0225898 -0.00872328 0.999702 0.0227803 0.0227936 -0.0225764 0.999485 -1.29398 -1.30609 -0.499943 0.0766365 -0.188246 0.979127 0.999702 0.00923803 -0.0225898 -0.00872328 0.999702 0.0227803 0.0227936 -0.0225764 0.999485 63.8279 24.7503 1 1 1497 0 0 0 
20170507014117 -0.808696 -1.15422 -0.546696 -0.071902 0.196058 -0.977953 0.999752 0.00982485 -0.020006 -0.00953957 0.999852 0.0143055 0.0201435 -0.0141111 0.999698 -0.808696 -1.15422 -0.546696 -0.071902 0.196058 -0.977953 0.999752 0.00982485 -0.020006 -0.00953957 0.999852 0.0143055 0.0201435 -0.0141111 0.999698 64.5275 25.8958 1 1 1472 0 0 0 
20170507014118 -2.3237 -2.97404 -0.252049 0.0297415 0.123059 -0.991954 0.998643 0.00649905 -0.051662 -0.00439314 0.999159 0.0407728 0.0518835 -0.0404906 0.997832 -2.3237 -2.97404 -0.252049 0.0297415 0.123059 -0.991954 0.998643 0.00649905 -0.051662 -0.00439314 0.999159 0.0407728 0.0518835 -0.0404906 0.997832 64.4246 28.2209 1 1 1455 0 0 0 
20170507014118 -1.1689 -1.45132 0.197475 -0.0763241 0.191016 -0.978615 0.999673 -0.00292919 -0.0253925 0.00344547 0.999788 0.0203123 0.0253276 -0.0203931 0.999471 -1.1689 -1.45132 0.197475 -0.0763241 0.191016 -0.978615 0.999673 -0.00292919 -0.0253925 0.00344547 0.999788 0.0203123 0.0253276 -0.0203931 0.999471 64.1009 29.0791 1 1 1429 0 0 0 
20170507014119 -0.146044 -1.16065 -1.02041 -0.0859573 0.233476 -0.968556 0.999636 0.0178601 -0.0202071 -0.0178049 0.999837 0.00290927 0.0202558 -0.00254843 0.999792 -0.146044 -1.16065 -1.02041 -0.0859573 0.233476 -0.968556 0.999636 0.0178601 -0.0202071 -0.0178049 0.999837 0.00290927 0.0202558 -0.00254843 0.999792 64.4331 29.3262 1 1 1407 0 0 0 
20170507014119 2.49168 -0.78499 -0.21617 -0.0955439 0.401198 -0.910995 0.999899 0.00317369 -0.0138512 -0.00377251 0.99905 -0.0434223 0.0137002 0.0434702 0.998961 2.49168 -0.78499 -0.21617 -0.0955439 0.401198 -0.910995 0.999899 0.00317369 -0.0138512 -0.00377251 0.99905 -0.0434223 0.0137002 0.0434702 0.998961 64.6774 30.3735 1 1 1399 0 0 0 
20170507014120 -3.70697 -4.57833 -0.00829293 0.116796 0.0740985 -0.990388 0.996809 0.00530522 -0.0796456 -0.000144277 0.997907 0.0646652 0.0798219 -0.0644474 0.994724 -3.70697 -4.57833 -0.00829293 0.116796 0.0740985 -0.990388 0.996809 0.00530522 -0.0796456 -0.000144277 0.997907 0.0646652 0.0798219 -0.0644474 0.994724 63.5353 30.9623 1 1 1390 0 0 0 
20170507014121 -1.45449 -0.909582 0.539486 -0.107903 0.212446 -0.971197 0.99983 -0.00900971 -0.0161077 0.00941448 0.999637 0.0252324 0.0158745 -0.0253798 0.999552 -1.45449 -0.909582 0.539486 -0.107903 0.212446 -0.971197 0.99983 -0.00900971 -0.0161077 0.00941448 0.999637 0.0252324 0.0158745 -0.0253798 0.999552 63.9307 31.7157 1 1 1388 0 0 0 
20170507014121 -7.62992 -9.07118 2.98765 0 0 0 0.986151 -0.0307544 -0.162973 0.0514689 0.99089 0.124449 0.157661 -0.131113 0.97875 -7.62992 -9.07118 2.98765 0 0 0 0.986151 -0.0307544 -0.162973 0.0514689 0.99089 0.124449 0.157661 -0.131113 0.97875 63.9307 31.7157 1 0 1383 0 0 0 
20170507014122 -8.25917 -10.6807 2.75596 0 0 0 0.981539 -0.0209905 -0.190108 0.047249 0.989764 0.134666 0.185335 -0.141162 0.972483 -8.25917 -10.6807 2.75596 0 0 0 0.981539 -0.0209905 -0.190108 0.047249 0.989764 0.134666 0.185335 -0.141162 0.972483 63.9307 31.7157 1 0 1375 0 0 0 
20170507014122 -8.25917 -10.6807 2.75596 -0.323962 -0.11348 -0.939239 0.99909 -0.0167643 0.0392064 0.011383 0.990963 0.133654 -0.0410926 -0.133086 0.990252 -7.65448 2.3551 0.652764 -0.323962 -0.11348 -0.939239 0.99909 -0.0167643 0.0392064 0.011383 0.990963 0.133654 -0.0410926 -0.133086 0.990252 63.9307 31.7157 1 0 1373 0 1 1 
20170507014123 -8.30547 -9.96586 4.02366 0 0 0 0.982483 -0.0444953 -0.18096 0.0691096 0.988827 0.132079 0.173061 -0