20170507013228 0.330553 -0.445479 -0.0573262 0 0 0 0.999969 0.000955659 -0.00778064 -0.0010005 0.999983 -0.00576143 0.007775 0.00576904 0.999953 0.330553 -0.445479 -0.0573262 -0.00180267 -0.526078 -0.850434 0.999969 0.000955659 -0.00778064 -0.0010005 0.999983 -0.00576143 0.007775 0.00576904 0.999953 4.91181 1.56075 0 1 1974 0 0 0 
20170507013229 0.662004 -0.520084 -0.214528 0 0 0 0.999952 0.00363909 -0.00911965 -0.00374406 0.999927 -0.0115198 0.00907706 0.0115534 0.999892 0.662004 -0.520084 -0.214528 -0.348283 0.19741 0.916367 0.999952 0.00363909 -0.00911965 -0.00374406 0.999927 -0.0115198 0.00907706 0.0115534 0.999892 4.46622 1.362 0 1 1974 0 0 0 
20170507013229 0.491076 -0.284608 -0.149527 0 0 0 0.999984 0.00256706 -0.0049895 -0.0026097 0.99996 -0.0085578 0.00496733 0.00857069 0.999951 0.491076 -0.284608 -0.149527 -0.381742 0.21213 0.899596 0.999984 0.00256706 -0.0049895 -0.0026097 0.99996 -0.0085578 0.00496733 0.00857069 0.999951 3.314 1.37554 0 1 1974 0 0 0 
20170507013229 0.337777 -0.105613 -0.175237 0 0 0 0.999994 0.00304755 -0.00186128 -0.00305846 0.999978 -0.00588961 0.00184329 0.00589527 0.999981 0.337777 -0.105613 -0.175237 -0.317345 0.18188 0.930705 0.999994 0.00304755 -0.00186128 -0.00305846 0.999978 -0.00588961 0.00184329 0.00589527 0.999981 2.38205 1.59694 0 1 1974 0 0 0 
20170507013229 0.200676 0.063332 -0.113632 0 0 0 0.999997 0.00198711 0.0010984 -0.00198325 0.999992 -0.00350463 -0.00110535 0.00350245 0.999993 0.200676 0.063332 -0.113632 0.349388 -0.192258 -0.917041 0.999997 0.00198711 0.0010984 -0.00198325 0.999992 -0.00350463 -0.00110535 0.00350245 0.999993 2.31887 1.96544 0 1 1974 0 0 0 
20170507013229 0.165941 0.0987401 -0.09929 0 0 0 0.999997 0.00173792 0.00171831 -0.00173293 0.999994 -0.00289919 -0.00172334 0.00289621 0.999994 0.165941 0.0987401 -0.09929 0.0809331 -0.0794692 -0.993546 0.999997 0.00173792 0.00171831 -0.00173293 0.999994 -0.00289919 -0.00172334 0.00289621 0.999994 2.39366 2.409 0 1 1974 0 0 0 
20170507013229 0.0439636 -0.0899804 -0.169196 0 0 0 0.999994 0.00295181 -0.00157271 -0.00295302 0.999995 -0.000762668 0.00157045 0.000767308 0.999998 0.0439636 -0.0899804 -0.169196 0.184647 -0.136831 -0.973233 0.999994 0.00295181 -0.00157271 -0.00295302 0.999995 -0.000762668 0.00157045 0.000767308 0.999998 3.34869 3.03111 0 1 1972 0 0 0 
20170507013230 0.0167666 1.04711 -0.229377 0 0 0 0.999825 0.00400871 0.0182732 -0.0040027 0.999992 -0.00036579 -0.0182746 0.000292584 0.999833 0.0167666 1.04711 -0.229377 -0.620068 -0.152084 -0.769666 0.999825 0.00400871 0.0182732 -0.0040027 0.999992 -0.00036579 -0.0182746 0.000292584 0.999833 3.97918 3.41353 0 1 1969 0 0 0 
20170507013230 3.19051e-05 1.98141 -0.163171 0 0 0 0.999398 0.00284789 0.0345751 -0.00284617 0.999996 -9.90228e-05 -0.0345752 5.56517e-07 0.999402 3.19051e-05 1.98141 -0.163171 -0.876571 -0.109607 -0.468625 0.999398 0.00284789 0.0345751 -0.00284617 0.999996 -9.90228e-05 -0.0345752 5.56517e-07 0.999402 5.51909 3.90145 0 1 1962 0 0 0 
20170507013230 -0.0448467 1.87008 -0.282554 0 0 0 0.999455 0.00490594 0.0326368 -0.00492885 0.999988 0.000621782 -0.0326333 -0.000782305 0.999467 -0.0448467 1.87008 -0.282554 -0.795165 -0.183094 -0.578091 0.999455 0.00490594 0.0326368 -0.00492885 0.999988 0.000621782 -0.0326333 -0.000782305 0.999467 7.71484 4.45782 0 1 1954 0 0 0 
20170507013230 -0.532504 2.02283 -0.148345 0 0 0 0.999373 0.00226094 0.0353202 -0.00258749 0.999954 0.0092024 -0.0352978 -0.00928803 0.999334 -0.532504 2.02283 -0.148345 -0.835058 -0.314549 -0.451372 0.999373 0.00226094 0.0353202 -0.00258749 0.999954 0.0092024 -0.0352978 -0.00928803 0.999334 10.5368 5.765 0 1 1920 0 0 0 
20170507013230 -0.284214 2.21406 -0.20651 0 0 0 0.999247 0.00341259 0.0386502 -0.00360158 0.999982 0.00482117 -0.038633 -0.00495674 0.999241 -0.284214 2.21406 -0.20651 -0.849673 -0.306382 -0.429168 0.999247 0.00341259 0.0386502 -0.00360158 0.999982 0.00482117 -0.038633 -0.00495674 0.999241 13.6411 7.69571 0 1 1897 0 0 0 
20170507013230 0.476231 2.58935 -0.274903 0 0 0 0.998967 0.00517328 0.0451353 -0.00479305 0.999952 -0.00852836 -0.0451773 0.00830322 0.998944 0.476231 2.58935 -0.274903 -0.93318 -0.176568 -0.313049 0.998967 0.00517328 0.0451353 -0.00479305 0.999952 -0.00852836 -0.0451773 0.00830322 0.998944 17.7752 9.34675 0 1 1872 0 0 0 
20170507013231 -0.42824 1.50351 -0.124934 -0.804936 -0.421214 -0.41792 0.999653 0.00198433 0.0262537 -0.00217975 0.99997 0.00741689 -0.0262382 -0.00747155 0.999628 -0.42824 1.50351 -0.124934 -0.804936 -0.421214 -0.41792 0.999653 0.00198433 0.0262537 -0.00217975 0.99997 0.00741689 -0.0262382 -0.00747155 0.999628 21.4595 10.1641 1 1 1864 0 0 0 
20170507013231 -0.173443 3.05207 -0.362748 -0.904694 -0.299565 -0.302969 0.998562 0.00616991 0.0532614 -0.00632213 0.999976 0.00268999 -0.0532436 -0.00302285 0.998577 -0.173443 3.05207 -0.362748 -0.904694 -0.299565 -0.302969 0.998562 0.00616991 0.0532614 -0.00632213 0.999976 0.00268999 -0.0532436 -0.00302285 0.998577 25.7595 11.5625 1 1 1860 0 0 0 
20170507013231 0.639258 1.55437 -0.256387 -0.91143 -0.238506 -0.335277 0.999622 0.00477713 0.0270737 -0.00447313 0.999926 -0.0112782 -0.0271255 0.0111528 0.99957 0.639258 1.55437 -0.256387 -0.91143 -0.238506 -0.335277 0.999622 0.00477713 0.0270737 -0.00447313 0.999926 -0.0112782 -0.0271255 0.0111528 0.99957 31.7393 12.9337 1 1 1852 0 0 0 
20170507013231 0.177201 2.84341 -0.332063 -0.944592 -0.232114 -0.232095 0.998752 0.00594894 0.0495875 -0.00578842 0.999978 -0.00338017 -0.0496065 0.00308892 0.998764 0.177201 2.84341 -0.332063 -0.944592 -0.232114 -0.232095 0.998752 0.00594894 0.0495875 -0.00578842 0.999978 -0.00338017 -0.0496065 0.00308892 0.998764 34.8336 13.9324 1 1 1849 0 0 0 
20170507013231 0.304707 2.77422 -0.192339 -0.968004 -0.196756 -0.155741 0.998822 0.0036143 0.0483815 -0.00335301 0.999979 -0.00548056 -0.0484003 0.00531188 0.998814 0.304707 2.77422 -0.192339 -0.968004 -0.196756 -0.155741 0.998822 0.0036143 0.0483815 -0.00335301 0.999979 -0.00548056 -0.0484003 0.00531188 0.998814 41.9012 14.6414 1 1 1842 0 0 0 
20170507013232 0.581578 0.962579 -0.0866872 -0.967856 -0.189326 -0.165559 0.999858 0.00168342 0.0167831 -0.00151276 0.999947 -0.0101757 -0.0167994 0.0101488 0.999807 0.581578 0.962579 -0.0866872 -0.967856 -0.189326 -0.165559 0.999858 0.00168342 0.0167831 -0.00151276 0.999947 -0.0101757 -0.0167994 0.0101488 0.999807 47.115 15.5073 1 1 1833 0 0 0 
20170507013232 -0.534828 3.04242 -0.316645 -0.975943 -0.214975 -0.0363385 0.998575 0.0050308 0.0531238 -0.00551867 0.999944 0.00904093 -0.0530754 -0.00932122 0.998547 -0.534828 3.04242 -0.316645 -0.975943 -0.214975 -0.0363385 0.998575 0.0050308 0.0531238 -0.00551867 0.999944 0.00904093 -0.0530754 -0.00932122 0.998547 51.3781 16.4641 1 1 1830 0 0 0 
20170507013232 -0.150212 1.92761 -0.105214 -0.975009 -0.194261 -0.107796 0.999432 0.00174814 0.0336415 -0.00183529 0.999995 0.00255992 -0.0336369 -0.00262021 0.999431 -0.150212 1.92761 -0.105214 -0.975009 -0.194261 -0.107796 0.999432 0.00174814 0.0336415 -0.00183529 0.999995 0.00255992 -0.0336369 -0.00262021 0.999431 56.2701 17.2909 1 1 1821 0 0 0 
20170507013232 -0.449422 2.97872 -0.00116539 -0.980542 -0.186703 -0.0606606 0.998649 -0.000387264 0.0519635 -2.03123e-05 0.999969 0.00784275 -0.051965 -0.00783321 0.998618 -0.449422 2.97872 -0.00116539 -0.980542 -0.186703 -0.0606606 0.998649 -0.000387264 0.0519635 -2.03123e-05 0.999969 0.00784275 -0.051965 -0.00783321 0.998618 62.7912 18.2692 1 1 1810 0 0 0 
20170507013232 0.171115 1.05078 0.161526 -0.987357 -0.154489 -0.0354975 0.999828 -0.00276438 0.0183469 0.00281868 0.999992 -0.00293481 -0.0183386 0.00298602 0.999827 0.171115 1.05078 0.161526 -0.987357 -0.154489 -0.0354975 0.999828 -0.00276438 0.0183469 0.00281868 0.999992 -0.00293481 -0.0183386 0.00298602 0.999827 67.686 19.9696 1 1 1790 0 0 0 
20170507013233 -0.420512 0.24386 0.338407 -0.975737 -0.214695 -0.0429448 0.999974 -0.00593736 0.00421261 0.00590623 0.999955 0.00736427 -0.00425615 -0.00733919 0.999964 -0.420512 0.24386 0.338407 -0.975737 -0.214695 -0.0429448 0.999974 -0.00593736 0.00421261 0.00590623 0.999955 0.00736427 -0.00425615 -0.00733919 0.999964 72.1121 21.807 1 1 1771 0 0 0 
20170507013233 -0.598959 0.998476 -0.164018 -0.98078 -0.195113 0.00141996 0.999844 0.00268033 0.0174547 -0.00286221 0.999942 0.0104037 -0.0174258 -0.010452 0.999794 -0.598959 0.998476 -0.164018 -0.98078 -0.195113 0.00141996 0.999844 0.00268033 0.0174547 -0.00286221 0.999942 0.0104037 -0.0174258 -0.010452 0.999794 79.4835 24.1096 1 1 1716 0 0 0 
20170507013233 0.585895 -0.572433 0.213881 -0.989756 -0.142672 -0.00532034 0.999943 -0.00383488 -0.00995191 0.00373273 0.99994 -0.0102628 0.00999067 0.0102251 0.999898 0.585895 -0.572433 0.213881 -0.989756 -0.142672 -0.00532034 0.999943 -0.00383488 -0.00995191 0.00373273 0.99994 -0.0102628 0.00999067 0.0102251 0.999898 83.5401 25.911 1 1 1682 0 0 0 
20170507013233 -0.167481 1.93779 -0.136811 -0.986037 -0.124313 0.110801 0.999425 0.00228894 0.0338211 -0.00238643 0.999993 0.00284235 -0.0338144 -0.00292143 0.999424 -0.167481 1.93779 -0.136811 -0.986037 -0.124313 0.110801 0.999425 0.00228894 0.0338211 -0.00238643 0.999993 0.00284235 -0.0338144 -0.00292143 0.999424 84.6354 27.089 1 1 1652 0 0 0 
20170507013234 1.16276 -0.81595 0.482343 -0.969204 -0.0379206 0.243321 0.999863 -0.0087056 -0.0140663 0.00841752 0.999756 -0.0204117 0.0142405 0.0202905 0.999693 1.16276 -0.81595 0.482343 -0.969204 -0.0379206 0.243321 0.999863 -0.0087056 -0.0140663 0.00841752 0.999756 -0.0204117 0.0142405 0.0202905 0.999693 86.821 28.0949 1 1 1601 0 0 0 
20170507013234 -0.871096 1.84737 -0.115805 -0.971023 -0.170406 0.167558 0.999478 0.00153085 0.032264 -0.00202013 0.999883 0.0151377 -0.0322371 -0.015195 0.999365 -0.871096 1.84737 -0.115805 -0.971023 -0.170406 0.167558 0.999478 0.00153085 0.032264 -0.00202013 0.999883 0.0151377 -0.0322371 -0.015195 0.999365 84.0584 28.7158 1 1 1585 0 0 0 
20170507013234 0.981556 -0.11029 0.462221 -0.968414 -0.0544319 0.243335 0.999966 -0.00809898 -0.00178638 0.00806717 0.99982 -0.0171455 0.00192492 0.0171305 0.999851 0.981556 -0.11029 0.462221 -0.968414 -0.0544319 0.243335 0.999966 -0.00809898 -0.00178638 0.00806717 0.99982 -0.0171455 0.00192492 0.0171305 0.999851 81.3897 29.0208 1 1 1577 0 0 0 
20170507013234 1.42987 4.10963 -0.646204 -0.967447 -0.0022157 0.253066 0.997365 0.0130628 0.0713568 -0.0112492 0.999605 -0.0257597 -0.0716651 0.0248891 0.997118 1.42987 4.10963 -0.646204 -0.967447 -0.0022157 0.253066 0.997365 0.0130628 0.0713568 -0.0112492 0.999605 -0.0257597 -0.0716651 0.0248891 0.997118 79.6752 31.253 1 1 1574 0 0 0 
20170507013235 2.0397 -1.06771 -0.0443131 -0.94883 0.0183867 0.315251 0.999826 0.000109701 -0.0186496 -0.000773275 0.999367 -0.0355776 0.0186339 0.0355858 0.999193 2.0397 -1.06771 -0.0443131 -0.94883 0.0183867 0.315251 0.999826 0.000109701 -0.0186496 -0.000773275 0.999367 -0.0355776 0.0186339 0.0355858 0.999193 76.8234 33.7659 1 1 1572 0 0 0 
20170507013235 0.362539 1.50852 -0.200283 -0.966921 -0.0747995 0.243863 0.999647 0.0036621 0.0263028 -0.00349438 0.999973 -0.00641945 -0.0263256 0.00632527 0.999633 0.362539 1.50852 -0.200283 -0.966921 -0.0747995 0.243863 0.999647 0.0036621 0.0263028 -0.00349438 0.999973 -0.00641945 -0.0263256 0.00632527 0.999633 73.4961 34.6353 1 1 1566 0 0 0 
20170507013235 1.07476 4.20786 -0.749042 -0.962743 -0.0172995 0.269866 0.997219 0.0144468 0.0731106 -0.0130376 0.999721 -0.0197145 -0.073375 0.0187065 0.997129 1.07476 4.20786 -0.749042 -0.962743 -0.0172995 0.269866 0.997219 0.0144468 0.0731106 -0.0130376 0.999721 -0.0197145 -0.073375 0.0187065 0.997129 70.731 34.3646 1 1 1564 0 0 0 
20170507013236 1.87777 4.83252 -0.764904 -0.972514 0.0205609 0.231935 0.996356 0.0161027 0.0837532 -0.0133022 0.999337 -0.0338886 -0.0842433 0.032651 0.99591 1.87777 4.83252 -0.764904 -0.972514 0.0205609 0.231935 0.996356 0.0161027 0.0837532 -0.0133022 0.999337 -0.0338886 -0.0842433 0.032651 0.99591 69.2227 34.2079 1 1 1562 0 0 0 
20170507013236 2.79042 2.0459 0.480292 -0.959021 0.0651147 0.275753 0.999327 -0.00663472 0.0360646 0.00837724 0.998794 -0.0483822 -0.0357001 0.0486518 0.998178 2.79042 2.0459 0.480292 -0.959021 0.0651147 0.275753 0.999327 -0.00663472 0.0360646 0.00837724 0.998794 -0.0483822 -0.0357001 0.0486518 0.998178 68.5373 33.7824 1 1 1560 0 0 0 
20170507013236 0.687069 3.40749 -0.215047 -0.974999 -0.0408869 0.218417 0.998225 0.00446572 0.0593872 -0.00374663 0.999918 -0.0122143 -0.0594369 0.0119701 0.99816 0.687069 3.40749 -0.215047 -0.974999 -0.0408869 0.218417 0.998225 0.00446572 0.0593872 -0.00374663 0.999918 -0.0122143 -0.0594369 0.0119701 0.99816 70.2428 32.9659 1 1 1558 0 0 0 
20170507013237 -0.0730103 2.77987 -0.0145678 -0.97148 -0.0840977 0.221706 0.998823 0.000192454 0.0484992 -0.000253956 0.999999 0.00126194 -0.0484989 -0.00127277 0.998822 -0.0730103 2.77987 -0.0145678 -0.97148 -0.0840977 0.221706 0.998823 0.000192454 0.0484992 -0.000253956 0.999999 0.00126194 -0.0484989 -0.00127277 0.998822 70.2324 32.7733 1 1 1558 0 0 0 
20170507013237 0.539597 1.47168 -0.167939 -0.956603 -0.0446992 0.287944 0.999666 0.00317283 0.025654 -0.00293012 0.999951 -0.00949284 -0.0256828 0.00941449 0.999626 0.539597 1.47168 -0.167939 -0.956603 -0.0446992 0.287944 0.999666 0.00317283 0.025654 -0.00293012 0.999951 -0.00949284 -0.0256828 0.00941449 0.999626 68.3324 33.2455 1 1 1558 0 0 0 
20170507013237 1.14371 5.31462 -0.959546 0 0 0 0.995561 0.0185917 0.0922589 -0.0166745 0.99963 -0.0215082 -0.0926246 0.0198743 0.995503 1.14371 5.31462 -0.959546 0 0 0 0.995561 0.0185917 0.0922589 -0.0166745 0.99963 -0.0215082 -0.0926246 0.0198743 0.995503 68.3324 33.2455 1 0 1557 0 0 0 
20170507013238 2.35836 1.95418 0.0192281 -0.95595 0.0190883 0.292908 0.999418 0.0010679 0.0340852 0.000335399 0.999153 -0.0411381 -0.0341002 0.0411256 0.998572 2.35836 1.95418 0.0192281 -0.95595 0.0190883 0.292908 0.999418 0.0010679 0.0340852 0.000335399 0.999153 -0.0411381 -0.0341002 0.0411256 0.998572 68.0893 33.1572 1 1 1553 0 0 0 
20170507013238 0.590082 1.25557 -0.33829 -0.947655 -0.0999574 0.303247 0.999742 0.00612959 0.0218497 -0.00590282 0.999928 -0.0104279 -0.021912 0.0102962 0.999707 0.590082 1.25557 -0.33829 -0.947655 -0.0999574 0.303247 0.999742 0.00612959 0.0218497 -0.00590282 0.999928 -0.0104279 -0.021912 0.0102962 0.999707 67.6913 33.6798 1 1 1549 0 0 0 
20170507013239 1.28281 2.78727 -0.562608 -0.940902 -0.0598499 0.333349 0.998769 0.0109053 0.0483935 -0.00980758 0.99969 -0.0228637 -0.0486279 0.022361 0.998567 1.28281 2.78727 -0.562608 -0.940902 -0.0598499 0.333349 0.998769 0.0109053 0.0483935 -0.00980758 0.99969 -0.0228637 -0.0486279 0.022361 0.998567 68.1853 33.5773 1 1 1547 0 0 0 
20170507013239 1.38111 2.33105 -0.106083 -0.954234 -0.0399591 0.296378 0.999171 0.00283129 0.0406168 -0.00184997 0.999706 -0.0241778 -0.0406733 0.0240826 0.998882 1.38111 2.33105 -0.106083 -0.954234 -0.0399591 0.296378 0.999171 0.00283129 0.0406168 -0.00184997 0.999706 -0.0241778 -0.0406733 0.0240826 0.998882 66.9969 34.6091 1 1 1545 0 0 0 
20170507013240 1.738 2.11754 0.242218 -0.978296 -0.0341919 0.204372 0.999308 -0.0031049 0.0370605 0.0042246 0.999536 -0.0301728 -0.0369496 0.0303085 0.998857 1.738 2.11754 0.242218 -0.978296 -0.0341919 0.204372 0.999308 -0.0031049 0.0370605 0.0042246 0.999536 -0.0301728 -0.0369496 0.0303085 0.998857 67.1768 35.3814 1 1 1537 0 0 0 
20170507013241 1.96147 -3.76711 -1.09166 0.907349 0.0397982 -0.41849 0.997658 0.0167923 -0.0663028 -0.0190107 0.999276 -0.0329702 0.0657011 0.0341534 0.997255 1.96147 -3.76711 -1.09166 0.907349 0.0397982 -0.41849 0.997658 0.0167923 -0.0663028 -0.0190107 0.999276 -0.0329702 0.0657011 0.0341534 0.997255 67.3135 36.1398 1 1 1533 0 0 0 
20170507013241 1.69686 -0.352161 -0.300192 0.977896 0.0544526 -0.201876 0.999967 0.00505502 -0.0062987 -0.00523921 0.999549 -0.0295789 0.00614633 0.0296109 0.999543 1.69686 -0.352161 -0.300192 0.977896 0.0544526 -0.201876 0.999967 0.00505502 -0.0062987 -0.00523921 0.999549 -0.0295789 0.00614633 0.0296109 0.999543 67.141 36.0002 1 1 1532 0 0 0 
20170507013242 1.84515 -0.516151 0.396238 -0.91966 0.0544223 0.388927 0.999936 -0.00720206 -0.00878086 0.00691532 0.999456 -0.0322599 0.00900842 0.0321971 0.999441 1.84515 -0.516151 0.396238 -0.91966 0.0544223 0.388927 0.999936 -0.00720206 -0.00878086 0.00691532 0.999456 -0.0322599 0.00900842 0.0321971 0.999441 65.527 33.9907 1 1 1523 0 0 0 
20170507013242 0.474588 1.81658 -0.118383 -0.973674 -0.0349234 0.225255 0.999495 0.00232866 0.0316817 -0.00206512 0.999963 -0.0083485 -0.0317 0.00827886 0.999463 0.474588 1.81658 -0.118383 -0.973674 -0.0349234 0.225255 0.999495 0.00232866 0.0316817 -0.00206512 0.999963 -0.0083485 -0.0317 0.00827886 0.999463 64.5918 34.6829 1 1 1515 0 0 0 
20170507013242 0.450019 0.819748 0.541933 -0.959199 -0.000398971 0.282732 0.999853 -0.00934572 0.01438 0.0094574 0.999925 -0.00771857 -0.0143068 0.00785343 0.999867 0.450019 0.819748 0.541933 -0.959199 -0.000398971 0.282732 0.999853 -0.00934572 0.01438 0.0094574 0.999925 -0.00771857 -0.0143068 0.00785343 0.999867 65.5838 36.5734 1 1 1505 0 0 0 
20170507013243 0.842368 1.37042 0.0792198 -0.945485 0.0249156 0.32471 0.999713 -0.00103089 0.0239339 0.00138225 0.999891 -0.0146685 -0.0239161 0.0146974 0.999606 0.842368 1.37042 0.0792198 -0.945485 0.0249156 0.32471 0.999713 -0.00103089 0.0239339 0.00138225 0.999891 -0.0146685 -0.0239161 0.0146974 0.999606 65.1093 36.0984 1 1 1500 0 0 0 
20170507013243 0.442831 -0.189401 -0.336645 -0.952184 0.0192599 0.304916 0.999977 0.00584981 -0.00335091 -0.0058755 0.999953 -0.00770923 0.00330566 0.00772875 0.999965 0.442831 -0.189401 -0.336645 -0.952184 0.0192599 0.304916 0.999977 0.00584981 -0.00335091 -0.0058755 0.999953 -0.00770923 0.00330566 0.00772875 0.999965 61.2277 35.2612 1 1 1478 0 0 0 
20170507013244 -0.0748922 2.24739 -0.0686539 -0.961097 0.0174925 0.275655 0.99923 0.00114698 0.0392159 -0.00119731 0.999998 0.00126013 -0.0392144 -0.00130611 0.99923 -0.0748922 2.24739 -0.0686539 -0.961097 0.0174925 0.275655 0.99923 0.00114698 0.0392159 -0.00119731 0.999998 0.00126013 -0.0392144 -0.00130611 0.99923 59.5117 34.8532 1 1 1475 0 0 0 
20170507013244 -0.0508994 0.392402 -0.0545428 -0.945375 0.0475529 0.322498 0.999976 0.000945867 0.00684949 -0.000951929 0.999999 0.000881842 -0.00684865 -0.000888341 0.999976 -0.0508994 0.392402 -0.0545428 -0.945375 0.0475529 0.322498 0.999976 0.000945867 0.00684949 -0.000951929 0.999999 0.000881842 -0.00684865 -0.000888341 0.999976 60.3213 35.3147 1 1 1472 0 0 0 
20170507013244 -0.573474 6.57122 -1.62447 0 0 0 0.993031 0.0272021 0.11467 -0.0281623 0.999581 0.00676083 -0.114438 -0.00994309 0.993381 -0.573474 6.57122 -1.62447 0 0 0 0.993031 0.0272021 0.11467 -0.0281623 0.999581 0.00676083 -0.114438 -0.00994309 0.993381 60.3213 35.3147 1 0 1470 0 0 0 
20170507013245 -0.573474 6.57122 -1.62447 0.912408 -0.0608487 -0.404732 0.998026 0.0043925 -0.0626517 -0.0045321 0.999988 -0.0020862 0.0626417 0.00236603 0.998033 0.13583 -3.59146 -0.260182 0.912408 -0.0608487 -0.404732 0.998026 0.0043925 -0.0626517 -0.0045321 0.999988 -0.0020862 0.0626417 0.00236603 0.998033 60.3213 35.3147 1 0 1457 0 1 1 
20170507013245 0.759866 2.66723 -0.0696959 -0.974797 0.0598484 0.214918 0.998916 0.00183345 0.0465149 -0.00121511 0.999911 -0.0133184 -0.0465351 0.0132474 0.998829 0.759866 2.66723 -0.0696959 -0.974797 0.0598484 0.214918 0.998916 0.00183345 0.0465149 -0.00121511 0.999911 -0.0133184 -0.0465351 0.0132474 0.998829 66.7498 37.4209 1 1 1455 0 0 0 
20170507013246 0.0653023 4.44248 -0.72869 -0.991274 -0.0128474 0.131191 0.996915 0.012806 0.0774374 -0.0126795 0.999917 -0.00212474 -0.0774582 0.00113632 0.996995 0.0653023 4.44248 -0.72869 -0.991274 -0.0128474 0.131191 0.996915 0.012806 0.0774374 -0.0126795 0.999917 -0.00212474 -0.0774582 0.00113632 0.996995 69.1083 38.2903 1 1 1448 0 0 0 
20170507013246 -0.439269 0.602839 -0.855621 -0.984577 -0.0517414 0.167127 0.999833 0.0148518 0.0106343 -0.014932 0.99986 0.00750865 -0.0105213 -0.00766619 0.999915 -0.439269 0.602839 -0.855621 -0.984577 -0.0517414 0.167127 0.999833 0.0148518 0.0106343 -0.014932 0.99986 0.00750865 -0.0105213 -0.00766619 0.999915 69.5181 38.8366 1 1 1447 0 0 0 
20170507013246 -0.884793 1.11388 -0.625566 -0.982517 -0.0708145 0.172182 0.999751 0.0106165 0.0196047 -0.0109159 0.999824 0.0152288 -0.0194396 -0.015439 0.999692 -0.884793 1.11388 -0.625566 -0.982517 -0.0708145 0.172182 0.999751 0.0106165 0.0196047 -0.0109159 0.999824 0.0152288 -0.0194396 -0.015439 0.999692 67.929 37.8949 1 1 1447 0 0 0 
20170507013247 0.457801 -2.25534 -0.713281 0.944789 0.00368885 -0.327657 0.999148 0.012134 -0.0394481 -0.0124391 0.999895 -0.00749955 0.039353 0.00798386 0.999193 0.457801 -2.25534 -0.713281 0.944789 0.00368885 -0.327657 0.999148 0.012134 -0.0394481 -0.0124391 0.999895 -0.00749955 0.039353 0.00798386 0.999193 66.9595 37.8215 1 1 1447 0 0 0 
20170507013247 0.583037 -1.93792 -0.929107 0.943392 -0.00961792 -0.331541 0.999297 0.0158704 -0.0339754 -0.016206 0.999822 -0.00962609 0.0338166 0.0101699 0.999376 0.583037 -1.93792 -0.929107 0.943392 -0.00961792 -0.331541 0.999297 0.0158704 -0.0339754 -0.016206 0.999822 -0.00962609 0.0338166 0.0101699 0.999376 67.767 37.8787 1 1 1447 0 0 0 
20170507013248 0.575316 -1.42344 -1.1107 0.944711 -0.00858288 -0.327792 0.999504 0.0191338 -0.0250299 -0.0193782 0.999767 -0.0095576 0.0248412 0.0100379 0.999641 0.575316 -1.42344 -1.1107 0.944711 -0.00858288 -0.327792 0.999504 0.0191338 -0.0250299 -0.0193782 0.999767 -0.0095576 0.0248412 0.0100379 0.999641 69.3652 38.1637 1 1 1447 0 0 0 
20170507013249 0.779256 -0.645559 0.888356 -0.939165 0.0544359 0.339124 0.999816 -0.0156559 -0.0110536 0.0155031 0.999785 -0.0137732 0.0112669 0.0135993 0.999844 0.779256 -0.645559 0.888356 -0.939165 0.0544359 0.339124 0.999816 -0.0156559 -0.0110536 0.0155031 0.999785 -0.0137732 0.0112669 0.0135993 0.999844 72.8989 38.4698 1 1 1447 0 0 0 
20170507013249 0.336788 6.9576 -1.53402 0 0 0 0.99228 0.0274817 0.120932 -0.0265733 0.999605 -0.00911869 -0.121135 0.00583473 0.992619 0.336788 6.9576 -1.53402 0 0 0 0.99228 0.0274817 0.120932 -0.0265733 0.999605 -0.00911869 -0.121135 0.00583473 0.992619 72.8989 38.4698 1 0 1446 0 0 0 
20170507013250 1.17366 6.51519 0.116089 0 0 0 0.99354 0.000298409 0.113484 0.00201305 0.999793 -0.0202529 -0.113467 0.0203506 0.993333 1.17366 6.51519 0.116089 0 0 0 0.99354 0.000298409 0.113484 0.00201305 0.999793 -0.0202529 -0.113467 0.0203506 0.993333 72.8989 38.4698 1 0 1446 0 0 0 
20170507013250 0.0947653 2.26802 -0.632499 -0.953398 0.0343405 0.299755 0.999156 0.0111044 0.0395534 -0.0110303 0.999937 -0.00209072 -0.0395742 0.00165267 0.999215 0.0947653 2.26802 -0.632499 -0.953398 0.0343405 0.299755 0.999156 0.0111044 0.0395534 -0.0110303 0.999937 -0.00209072 -0.0395742 0.00165267 0.999215 79.9465 36.7751 1 1 1444 0 0 0 
20170507013251 -0.328536 -0.157104 0.150206 -0.924689 0.0438404 0.37819 0.999993 -0.00260583 -0.00275696 0.00262158 0.99998 0.0057268 0.00274198 -0.00573399 0.99998 -0.328536 -0.157104 0.150206 -0.924689 0.0438404 0.37819 0.999993 -0.00260583 -0.00275696 0.00262158 0.99998 0.0057268 0.00274198 -0.00573399 0.99998 78.9742 35.7939 1 1 1442 0 0 0 
20170507013251 0.787023 1.51359 -0.0214057 -0.886044 0.0919341 0.454395 0.999651 0.000736381 0.0264065 -0.00037347 0.999905 -0.0137456 -0.0264141 0.0137309 0.999557 0.787023 1.51359 -0.0214057 -0.886044 0.0919341 0.454395 0.999651 0.000736381 0.0264065 -0.00037347 0.999905 -0.0137456 -0.0264141 0.0137309 0.999557 72.0264 33.6 1 1 1439 0 0 0 
20170507013252 0.787023 1.51359 -0.0214057 -0.981152 -0.00933348 0.193011 0.973461 0.0351159 0.226141 -0.038552 0.999198 0.0107948 -0.225581 -0.0192265 0.974035 -1.13082 13.037 -2.2679 -0.981152 -0.00933348 0.193011 0.973461 0.0351159 0.226141 -0.038552 0.999198 0.0107948 -0.225581 -0.0192265 0.974035 72.0264 33.6 1 1 1438 0 1 1 
20170507013253 -0.876306 2.41652 -2.07347 -0.954496 -0.0523361 0.293596 0.998457 0.0355324 0.0426846 -0.0361489 0.999252 0.0137585 -0.0421637 -0.0152802 0.998994 -0.876306 2.41652 -2.07347 -0.954496 -0.0523361 0.293596 0.998457 0.0355324 0.0426846 -0.0361489 0.999252 0.0137585 -0.0421637 -0.0152802 0.998994 74.2738 34.0229 1 1 1438 0 0 0 
20170507013253 0.694282 4.45801 -1.62952 -0.951543 0.02855 0.306188 0.996571 0.0293761 0.0773468 -0.0283507 0.999495 -0.0143225 -0.0777285 0.0120806 0.996901 0.694282 4.45801 -1.62952 -0.951543 0.02855 0.306188 0.996571 0.0293761 0.0773468 -0.0283507 0.999495 -0.0143225 -0.0777285 0.0120806 0.996901 74.3753 35.3157 1 1 1438 0 0 0 
20170507013254 0.520618 7.67086 -0.892953 0 0 0 0.990931 0.0167964 0.133319 -0.0154449 0.999818 -0.0111654 -0.133482 0.00900506 0.99101 0.520618 7.67086 -0.892953 0 0 0 0.990931 0.0167964 0.133319 -0.0154449 0.999818 -0.0111654 -0.133482 0.00900506 0.99101 74.3753 35.3157 1 0 1438 0 0 0 
20170507013254 0.424236 3.33914 0.442893 -0.931104 0.0646665 0.358977 0.998272 -0.00729839 0.0582999 0.00771674 0.999946 -0.0069538 -0.058246 0.00739167 0.998275 0.424236 3.33914 0.442893 -0.931104 0.0646665 0.358977 0.998272 -0.00729839 0.0582999 0.00771674 0.999946 -0.0069538 -0.058246 0.00739167 0.998275 80.78 37.2699 1 1 1438 0 0 0 
20170507013255 0.0173003 6.44128 -0.421791 0 0 0 0.99366 0.00739545 0.11218 -0.00731511 0.999973 -0.0011278 -0.112185 0.000300041 0.993687 0.0173003 6.44128 -0.421791 0 0 0 0.99366 0.00739545 0.11218 -0.00731511 0.999973 -0.0011278 -0.112185 0.000300041 0.993687 80.78 37.2699 1 0 1435 0 0 0 
20170507013256 0.0173003 6.44128 -0.421791 -0.989699 -0.088625 0.112432 0.935172 0.099804 0.339843 -0.125319 0.99065 0.053919 -0.331284 -0.0930123 0.938935 -5.65734 19.3467 -7.63253 -0.989699 -0.088625 0.112432 0.935172 0.099804 0.339843 -0.125319 0.99065 0.053919 -0.331284 -0.0930123 0.938935 80.78 37.2699 1 0 1429 0 1 1 
20170507013256 -0.427476 -3.29849 0.418956 0.943998 -0.0289141 -0.328682 0.998317 -0.00688262 -0.0575891 0.00729998 0.999949 0.00703989 0.0575377 -0.00744844 0.998316 -0.427476 -3.29849 0.418956 0.943998 -0.0289141 -0.328682 0.998317 -0.00688262 -0.0575891 0.00729998 0.999949 0.00703989 0.0575377 -0.00744844 0.998316 85.0267 37.3021 1 1 1429 0 0 0 
20170507013257 1.24474 5.30943 0.167309 0 0 0 0.995705 -0.000909264 0.0925756 0.00290756 0.999766 -0.0214529 -0.0925344 0.02163 0.995475 1.24474 5.30943 0.167309 0 0 0 0.995705 -0.000909264 0.0925756 0.00290756 0.999766 -0.0214529 -0.0925344 0.02163 0.995475 85.0267 37.3021 1 0 1428 0 0 0 
20170507013257 2.52625 -3.32993 0.518102 0.807207 -0.149526 -0.571016 0.998271 -0.0115938 -0.0576282 0.0090272 0.998964 -0.0446 0.0580856 0.0440027 0.997341 2.52625 -3.32993 0.518102 0.807207 -0.149526 -0.571016 0.998271 -0.0115938 -0.0576282 0.0090272 0.998964 -0.0446 0.0580856 0.0440027 0.997341 61.2351 33.7141 1 1 1427 0 0 0 
20170507013258 2.95559 -5.1873 0.595937 0 0 0 0.995851 -0.0150486 -0.0897503 0.0103583 0.998567 -0.0524983 0.0904118 0.0513508 0.99458 2.95559 -5.1873 0.595937 0 0 0 0.995851 -0.0150486 -0.0897503 0.0103583 0.998567 -0.0524983 0.0904118 0.0513508 0.99458 61.2351 33.7141 1 0 1426 0 0 0 
20170507013258 -0.337096 -2.20446 0.301335 -0.81081 -0.104441 0.575917 0.999246 -0.00503286 -0.0384953 0.00525537 0.99997 0.00568102 0.0384655 -0.00587905 0.999243 -0.337096 -2.20446 0.301335 -0.81081 -0.104441 0.575917 0.999246 -0.00503286 -0.0384953 0.00525537 0.99997 0.00568102 0.0384655 -0.00587905 0.999243 57.7363 26.2792 1 1 1426 0 0 0 
20170507013258 -0.250698 -2.34799 0.125236 -0.802358 -0.0871261 0.59045 0.999158 -0.00200649 -0.0409777 0.00218394 0.999988 0.00428594 0.0409686 -0.00437182 0.999151 -0.250698 -2.34799 0.125236 -0.802358 -0.0871261 0.59045 0.999158 -0.00200649 -0.0409777 0.00218394 0.999988 0.00428594 0.0409686 -0.00437182 0.999151 61.8783 26.3663 1 1 1426 0 0 0 
20170507013258 0.140571 -2.51031 -0.0423902 -0.763436 -0.0446345 0.64434 0.99904 0.000632389 -0.0438009 -0.000739139 0.999997 -0.00242102 0.0437992 0.00245107 0.999037 0.140571 -2.51031 -0.0423902 -0.763436 -0.0446345 0.64434 0.99904 0.000632389 -0.0438009 -0.000739139 0.999997 -0.00242102 0.0437992 0.00245107 0.999037 63.5502 25.4466 1 1 1426 0 0 0 
20170507013258 -0.85091 -2.50101 0.242518 -0.783294 -0.197371 0.589487 0.999039 -0.00358423 -0.0436946 0.00422869 0.999884 0.0146658 0.043637 -0.0148365 0.998937 -0.85091 -2.50101 0.242518 -0.783294 -0.197371 0.589487 0.999039 -0.00358423 -0.0436946 0.00422869 0.999884 0.0146658 0.043637 -0.0148365 0.998937 62.7115 24.4043 1 1 1425 0 0 0 
20170507013259 0.30287 -3.24462 0.775819 -0.715705 -0.0882395 0.692806 0.998305 -0.0138391 -0.0565216 0.0135185 0.99989 -0.00605192 0.0565991 0.00527758 0.998383 0.30287 -3.24462 0.775819 -0.715705 -0.0882395 0.692806 0.998305 -0.0138391 -0.0565216 0.0135185 0.99989 -0.00605192 0.0565991 0.00527758 0.998383 61.4863 23.5194 1 1 1424 0 0 0 
20170507013259 -0.0376339 -2.94894 0.0647786 -0.687651 -0.101532 0.718907 0.998675 -0.00109681 -0.0514468 0.0011291 0.999999 0.000598669 0.0514461 -0.000655965 0.998676 -0.0376339 -2.94894 0.0647786 -0.687651 -0.101532 0.718907 0.998675 -0.00109681 -0.0514468 0.0011291 0.999999 0.000598669 0.0514461 -0.000655965 0.998676 59.3736 23.5069 1 1 1424 0 0 0 
20170507013259 -0.68557 -2.78174 0.342928 -0.661156 -0.166939 0.73144 0.998804 -0.00540408 -0.0485987 0.00597813 0.999914 0.0116745 0.0485315 -0.0119511 0.99875 -0.68557 -2.78174 0.342928 -0.661156 -0.166939 0.73144 0.998804 -0.00540408 -0.0485987 0.00597813 0.999914 0.0116745 0.0485315 -0.0119511 0.99875 57.5795 24.1043 1 1 1424 0 0 0 
20170507013259 0.623151 -2.83201 -0.171523 -0.533605 -0.00943377 0.845681 0.998774 0.0024561 -0.0494371 -0.00298997 0.999938 -0.0107279 0.0494077 0.0108625 0.99872 0.623151 -2.83201 -0.171523 -0.533605 -0.00943377 0.845681 0.998774 0.0024561 -0.0494371 -0.00298997 0.999938 -0.0107279 0.0494077 0.0108625 0.99872 53.1952 23.7041 1 1 1424 0 0 0 
20170507013259 -1.71588 -1.01585 0.757031 -0.599121 -0.250096 0.760596 0.999756 -0.0126756 -0.0181151 0.0132102 0.999471 0.0297065 0.017729 -0.0299385 0.999395 -1.71588 -1.01585 0.757031 -0.599121 -0.250096 0.760596 0.999756 -0.0126756 -0.0181151 0.0132102 0.999471 0.0297065 0.017729 -0.0299385 0.999395 49.8019 23.3184 1 1 1424 0 0 0 
20170507013300 0.262918 -3.39346 -0.595923 -0.458586 -0.0120181 0.888569 0.998193 0.0101289 -0.0592363 -0.0103824 0.999938 -0.00397288 0.0591924 0.00458072 0.998236 0.262918 -3.39346 -0.595923 -0.458586 -0.0120181 0.888569 0.998193 0.0101289 -0.0592363 -0.0103824 0.999938 -0.00397288 0.0591924 0.00458072 0.998236 50.6905 23.3199 1 1 1424 0 0 0 
20170507013300 -0.202004 2.40235 0.314954 -0.388013 -0.0254964 0.921301 0.999106 -0.0056447 0.0418964 0.00549212 0.999978 0.00375598 -0.0419167 -0.00352252 0.999115 -0.202004 2.40235 0.314954 -0.388013 -0.0254964 0.921301 0.999106 -0.0056447 0.0418964 0.00549212 0.999978 0.00375598 -0.0419167 -0.00352252 0.999115 29.4817 10.9743 1 1 1424 0 0 0 
20170507013300 0.122666 9.15472 -0.165597 0 0 0 0.987258 0.00323082 0.159094 -0.00285339 0.999993 -0.00260074 -0.159101 0.00211365 0.98726 0.122666 9.15472 -0.165597 0 0 0 0.987258 0.00323082 0.159094 -0.00285339 0.999993 -0.00260074 -0.159101 0.00211365 0.98726 29.4817 10.9743 1 0 1424 0 0 0 
20170507013300 1.28264 13.3386 0.418696 0 0 0 0.972998 -0.00214168 0.230804 0.00711042 0.99976 -0.0206983 -0.230705 0.0217805 0.97278 1.28264 13.3386 0.418696 0 0 0 0.972998 -0.00214168 0.230804 0.00711042 0.99976 -0.0206983 -0.230705 0.0217805 0.97278 29.4817 10.9743 1 0 1397 0 0 0 
20170507013300 1.56581 14.7316 0.235778 0 0 0 0.967119 0.00283493 0.254307 0.00397981 0.999647 -0.0262788 -0.254291 0.0264269 0.966767 1.56581 14.7316 0.235778 0 0 0 0.967119 0.00283493 0.254307 0.00397981 0.999647 -0.0262788 -0.254291 0.0264269 0.966767 29.4817 10.9743 1 0 1394 0 0 0 
20170507013301 1.50735 16.3944 0.206648 0 0 0 0.959335 0.0038191 0.282243 0.00346003 0.999674 -0.0252874 -0.282248 0.0252356 0.95901 1.50735 16.3944 0.206648 0 0 0 0.959335 0.0038191 0.282243 0.00346003 0.999674 -0.0252874 -0.282248 0.0252356 0.95901 29.4817 10.9743 1 0 1361 0 0 0 
20170507013301 1.96588 16.6419 1.2659 0 0 0 0.95788 -0.0122574 0.286908 0.021167 0.999385 -0.0279727 -0.286389 0.0328675 0.95755 1.96588 16.6419 1.2659 0 0 0 0.95788 -0.0122574 0.286908 0.021167 0.999385 -0.0279727 -0.286389 0.0328675 0.95755 29.4817 10.9743 1 0 1358 0 0 0 
20170507013302 3.27645 16.1716 0.6874 0 0 0 0.960363 0.00393957 0.278726 0.0115224 0.998485 -0.0538136 -0.278516 0.0548922 0.958862 3.27645 16.1716 0.6874 0 0 0 0.960363 0.00393957 0.278726 0.0115224 0.998485 -0.0538136 -0.278516 0.0548922 0.958862 29.4817 10.9743 1 0 1355 0 0 0 
20170507013302 3.42222 15.4023 0.671158 0 0 0 0.964019 0.00416039 0.265802 0.011293 0.998334 -0.0565838 -0.265594 0.0575495 0.962366 3.42222 15.4023 0.671158 0 0 0 0.964019 0.00416039 0.265802 0.011293 0.998334 -0.0565838 -0.265594 0.0575495 0.962366 29.4817 10.9743 1 0 1355 0 0 0 
20170507013303 4.69938 10.8037 0.626431 0 0 0 0.982216 0.00445969 0.187699 0.0107393 0.996747 -0.0798803 -