20170507181151 0.00087697 1.21206 -0.00777675 0 0 0 0.999776 0.000136054 0.0211529 -0.0001357 1 -1.81771e-05 -0.0211529 1.53026e-05 0.999776 0.00087697 1.21206 -0.00777675 -0.988457 -0.0201411 0.150155 0.999776 0.000136054 0.0211529 -0.0001357 1 -1.81771e-05 -0.0211529 1.53026e-05 0.999776 1.92549 0.754162 0 1 2328 0 0 0 0.127693 0.0211545 19.7288 1.38 -1.53 0.152592 19.3708 3.73827 0 0.127693 0 19.7288 1.38 -1.53 0.152592 19.3708 3.73827 113.4 
20170507181151 -0.439359 1.17381 0.22594 0 0 0 0.999782 -0.00410036 0.0204544 0.00394257 0.999962 0.00774891 -0.0204854 -0.00766658 0.999761 -0.439359 1.17381 0.22594 0.744231 0.635703 0.204945 0.999782 -0.00410036 0.0204544 0.00394257 0.999962 0.00774891 -0.0204854 -0.00766658 0.999761 3.88023 0.966014 0 1 2322 0 0 0 0.127617 0.0204869 19.7288 1.37 -1.55 0.0818255 19.3324 3.93405 0 0.127617 0 19.7288 1.37 -1.55 0.0818255 19.3324 3.93405 113.5 
20170507181151 -0.377747 1.4527 0.216971 0 0 0 0.999671 -0.0039539 0.0253259 0.00378563 0.99997 0.00668883 -0.0253516 -0.00659076 0.999657 -0.377747 1.4527 0.216971 0.851958 0.514671 0.0963379 0.999671 -0.0039539 0.0253259 0.00378563 0.99997 0.00668883 -0.0253516 -0.00659076 0.999657 5.08533 1.09601 0 1 2322 0 0 0 0.127693 0.0253543 19.7288 1.37 -1.55 0.0818255 19.3324 3.93405 0 0.127693 0 19.7288 1.37 -1.55 0.0818255 19.3324 3.93405 113.6 
20170507181151 0.0433089 0.65311 0.0160294 0 0 0 0.999935 -0.00027115 0.0113989 0.000279748 1 -0.000752694 -0.0113987 0.000755834 0.999935 0.0433089 0.65311 0.0160294 -0.131066 -0.0219357 -0.991131 0.999935 -0.00027115 0.0113989 0.000279748 1 -0.000752694 -0.0113987 0.000755834 0.999935 5.42375 1.1134 0 1 2322 0 0 0 0.127693 0.0113989 19.7288 1.38 -1.55 0.0778014 19.3708 3.74057 0 0.127693 0 19.7288 1.38 -1.55 0.0778014 19.3708 3.74057 113.4 
20170507181152 0.0226259 0.673582 0.0402079 0 0 0 0.999931 -0.000697118 0.0117562 0.000701712 1 -0.000386646 -0.011756 0.000394869 0.999931 0.0226259 0.673582 0.0402079 -0.188419 -0.0356111 -0.981443 0.999931 -0.000697118 0.0117562 0.000701712 1 -0.000386646 -0.011756 0.000394869 0.999931 5.42916 1.20542 0 1 2322 0 0 0 0.127693 0.0117562 19.7288 1.38 -1.54 0.115203 19.3708 3.73961 0 0.127693 0 19.7288 1.38 -1.54 0.115203 19.3708 3.73961 113.3 
20170507181152 -0.381277 1.62192 0.219888 0 0 0 0.999592 -0.00402603 0.0282777 0.00383623 0.99997 0.00676306 -0.0283041 -0.00665182 0.999577 -0.381277 1.62192 0.219888 -0.878153 -0.466133 0.10755 0.999592 -0.00402603 0.0282777 0.00383623 0.99997 0.00676306 -0.0283041 -0.00665182 0.999577 5.73528 1.29826 0 1 2322 0 0 0 0.127693 0.0283079 19.7288 1.38 -1.55 0.0778014 19.3708 3.74057 0 0.127693 0 19.7288 1.38 -1.55 0.0778014 19.3708 3.74057 113.6 
20170507181152 0.000990752 0.747647 0.0425047 0 0 0 0.999915 -0.000741621 0.0130485 0.000741784 1 -7.61186e-06 -0.0130485 1.72904e-05 0.999915 0.000990752 0.747647 0.0425047 -0.217728 -0.0448705 -0.974977 0.999915 -0.000741621 0.0130485 0.000741784 1 -7.61186e-06 -0.0130485 1.72904e-05 0.999915 6.00169 1.38893 0 1 2322 0 0 0 0.127617 0.0130489 19.7288 1.4 -1.55 0.0697301 19.4417 3.35252 0 0.127617 0 19.7288 1.4 -1.55 0.0697301 19.4417 3.35252 113.5 
20170507181152 -0.0256825 0.755239 0.0518881 0 0 0 0.999913 -0.000911526 0.0131806 0.000905539 0.999999 0.00046018 -0.013181 -0.000448205 0.999913 -0.0256825 0.755239 0.0518881 -0.224862 -0.0552473 -0.972823 0.999913 -0.000911526 0.0131806 0.000905539 0.999999 0.00046018 -0.013181 -0.000448205 0.999913 6.05466 1.31157 0 1 2322 0 0 0 0.127693 0.0131814 19.7288 1.39 -1.54 0.109232 19.4072 3.54581 0 0.127693 0 19.7288 1.39 -1.54 0.109232 19.4072 3.54581 113.5 
20170507181152 0.0195296 0.849184 0.204133 0 0 0 0.999884 -0.00355774 0.0148216 0.0035624 0.999994 -0.000288052 -0.0148205 0.000340819 0.99989 0.0195296 0.849184 0.204133 -0.261524 0.252865 0.931485 0.999884 -0.00355774 0.0148216 0.0035624 0.999994 -0.000288052 -0.0148205 0.000340819 0.99989 5.099 1.18875 0 1 2322 0 0 0 0.127617 0.0148211 19.7288 1.37 -1.54 0.121161 19.3324 3.93303 0 0.127617 0 19.7288 1.37 -1.54 0.121161 19.3324 3.93303 113.4 
20170507181153 -0.0124784 0.638103 0.202499 0 0 0 0.999932 -0.00353669 0.0111359 0.00353404 0.999994 0.000257149 -0.0111368 -0.000217776 0.999938 -0.0124784 0.638103 0.202499 -0.370655 0.266305 0.889773 0.999932 -0.00353669 0.0111359 0.00353404 0.999994 0.000257149 -0.0111368 -0.000217776 0.999938 3.58693 0.975679 0 1 2322 0 0 0 0.127693 0.011137 19.7288 1.38 -1.52 0.189967 19.3708 3.73655 0 0.127693 0 19.7288 1.38 -1.52 0.189967 19.3708 3.73655 113.5 
20170507181153 -0.0129011 0.383263 0.187049 0 0 0 0.999972 -0.00326613 0.00668838 0.00326455 0.999995 0.000247004 -0.00668915 -0.000225162 0.999978 -0.0129011 0.383263 0.187049 -0.338828 0.240899 0.909485 0.999972 -0.00326613 0.00668838 0.00326455 0.999995 0.000247004 -0.00668915 -0.000225162 0.999978 2.20568 0.885457 0 1 2322 0 0 0 0.127617 0.0066892 19.7288 1.4 -1.54 0.103251 19.4417 3.35165 0 0.127617 0 19.7288 1.4 -1.54 0.103251 19.4417 3.35165 113.4 
20170507181153 -0.0394619 0.0257398 0.252984 0 0 0 0.99999 -0.00441571 0.000446199 0.0044154 0.99999 0.000690716 -0.000449245 -0.000688739 1 -0.0394619 0.0257398 0.252984 -0.146047 -0.18305 -0.972195 0.99999 -0.00441571 0.000446199 0.0044154 0.99999 0.000690716 -0.000449245 -0.000688739 1 1.37593 0.906859 0 1 2322 0 0 0 0.125803 0.000449245 19.7288 1.38 -1.51 0.227322 19.3708 3.73447 0 0.125803 0 19.7288 1.38 -1.51 0.227322 19.3708 3.73447 113.5 
20170507181153 -0.121065 0.236147 0.277942 0 0 0 0.99998 -0.00485969 0.00411123 0.00485095 0.999986 0.00213294 -0.00412154 -0.00211296 0.999989 -0.121065 0.236147 0.277942 0.417795 0.0444927 -0.907451 0.99998 -0.00485969 0.00411123 0.00485095 0.999986 0.00213294 -0.00412154 -0.00211296 0.999989 1.41542 0.99192 0 1 2322 0 0 0 0.0977465 0.00412155 19.7288 1.4 -1.49 0.270635 19.4417 3.3423 0 0.0977465 0 19.7288 1.4 -1.49 0.270635 19.4417 3.3423 113.5 
20170507181153 -0.0644412 0.249106 0.241313 0 0 0 0.999982 -0.00421657 0.00434293 0.00421165 0.99999 0.00114301 -0.00434771 -0.0011247 0.99999 -0.0644412 0.249106 0.241313 0.367393 -0.0981294 -0.924874 0.999982 -0.00421657 0.00434293 0.00421165 0.99999 0.00114301 -0.00434771 -0.0011247 0.99999 1.43651 1.11739 0 1 2322 0 0 0 0.0977465 0.00434772 19.7288 1.4 -1.5 0.237199 19.4417 3.34484 0 0.0977465 0 19.7288 1.4 -1.5 0.237199 19.4417 3.34484 113.5 
20170507181154 0.172358 -0.0978713 0.221394 0 0 0 0.999991 -0.00386916 -0.00169653 0.00386404 0.999988 -0.00301479 0.00170818 0.00300821 0.999994 0.172358 -0.0978713 0.221394 0.19774 0.574385 0.794343 0.999991 -0.00386916 -0.00169653 0.00386404 0.999988 -0.00301479 0.00170818 0.00300821 0.999994 1.41976 1.12584 0 1 2322 0 0 0 0.0977465 -0.00170818 19.7288 1.4 -1.49 0.270635 19.4417 3.3423 0 0.0977465 0 19.7288 1.4 -1.49 0.270635 19.4417 3.3423 113.4 
20170507181154 0.1325 -0.157832 0.191389 0 0 0 0.999991 -0.00334672 -0.00274694 0.00334035 0.999992 -0.00232176 0.00275469 0.00231256 0.999994 0.1325 -0.157832 0.191389 0.280537 0.507564 0.814664 0.999991 -0.00334672 -0.00274694 0.00334035 0.999992 -0.00232176 0.00275469 0.00231256 0.999994 1.43369 1.17251 0 1 2322 0 0 0 0.0966675 -0.0027547 19.7288 1.38 -1.48 0.339237 19.3708 3.72597 0 0.0966675 0 19.7288 1.38 -1.48 0.339237 19.3708 3.72597 113.3 
20170507181154 0.086384 0.347348 0.22713 0 0 0 0.999974 -0.00395501 0.00606825 0.00396408 0.999991 -0.00148364 -0.00606233 0.00150766 0.99998 0.086384 0.347348 0.22713 -0.510945 0.281414 0.812245 0.999974 -0.00395501 0.00606825 0.00396408 0.999991 -0.00148364 -0.00606233 0.00150766 0.99998 1.69211 1.23294 0 1 2322 0 0 0 0.0977465 0.00606236 19.7288 1.39 -1.49 0.286312 19.4072 3.53592 0 0.0977465 0 19.7288 1.39 -1.49 0.286312 19.4072 3.53592 113.5 
20170507181154 -0.232298 -0.303491 0.129907 0 0 0 0.999983 -0.0022458 -0.00530602 0.00226726 0.999989 0.00404233 0.00529688 -0.00405429 0.999978 -0.232298 -0.303491 0.129907 -0.294018 0.254834 -0.921202 0.999983 -0.0022458 -0.00530602 0.00226726 0.999989 0.00404233 0.00529688 -0.00405429 0.999978 1.77107 1.14147 0 1 2322 0 0 0 0.0977465 -0.00529691 19.7288 1.4 -1.47 0.337423 19.4417 3.33622 0 0.0977465 0 19.7288 1.4 -1.47 0.337423 19.4417 3.33622 113.5 
20170507181154 0.0757231 -0.24151 0.169058 0 0 0 0.999987 -0.00295619 -0.00421121 0.0029506 0.999995 -0.00133405 0.00421513 0.00132161 0.99999 0.0757231 -0.24151 0.169058 0.170459 0.474132 0.863795 0.999987 -0.00295619 -0.00421121 0.0029506 0.999995 -0.00133405 0.00421513 0.00132161 0.99999 1.90433 1.16146 0 1 2322 0 0 0 0.0966675 -0.00421514 19.7288 1.39 -1.47 0.356969 19.4072 3.52948 0 0.0966675 0 19.7288 1.39 -1.47 0.356969 19.4072 3.52948 113.5 
20170507181155 -0.00813755 -0.230009 0.158432 0 0 0 0.999988 -0.00276458 -0.00401479 0.00276513 0.999996 0.000130926 0.00401441 -0.000142026 0.999992 -0.00813755 -0.230009 0.158432 -0.263395 -0.2552 -0.93032 0.999988 -0.00276458 -0.00401479 0.00276513 0.999996 0.000130926 0.00401441 -0.000142026 0.999992 1.781 0.922261 0 1 2322 0 0 0 0.0977465 -0.00401442 19.7288 1.38 -1.48 0.339237 19.3708 3.72597 0 0.0977465 0 19.7288 1.38 -1.48 0.339237 19.3708 3.72597 113.4 
20170507181155 -0.0176869 0.0136886 0.239199 0 0 0 0.999991 -0.00417487 0.00023762 0.0041748 0.999991 0.000309689 -0.000238911 -0.000308694 1 -0.0176869 0.0136886 0.239199 -0.364831 0.181103 0.913291 0.999991 -0.00417487 0.00023762 0.0041748 0.999991 0.000309689 -0.000238911 -0.000308694 1 1.74042 0.733531 0 1 2322 0 0 0 0.0966675 0.000238911 19.7288 1.38 -1.48 0.339237 19.3708 3.72597 0 0.0966675 0 19.7288 1.38 -1.48 0.339237 19.3708 3.72597 113.4 
20170507181155 0.0699407 -0.356356 0.30037 0 0 0 0.999967 -0.00525001 -0.00621305 0.00524232 0.999985 -0.00125328 0.00621954 0.00122067 0.99998 0.0699407 -0.356356 0.30037 0.744766 0.418701 0.519628 0.999967 -0.00525001 -0.00621305 0.00524232 0.999985 -0.00125328 0.00621954 0.00122067 0.99998 1.70876 0.548105 0 1 2322 0 0 0 0.0977465 -0.00621958 19.7288 1.38 -1.5 0.264655 19.3708 3.73201 0 0.0977465 0 19.7288 1.38 -1.5 0.264655 19.3708 3.73201 113.3 
20170507181155 -0.0110135 -0.228397 0.312755 0 0 0 0.999977 -0.00545781 -0.00398726 0.00545853 0.999985 0.00017046 0.00398627 -0.000192221 0.999992 -0.0110135 -0.228397 0.312755 0.67812 -0.430326 -0.595796 0.999977 -0.00545781 -0.00398726 0.00545853 0.999985 0.00017046 0.00398627 -0.000192221 0.999992 2.46975 0.587052 0 1 2322 0 0 0 0.0977465 -0.00398628 19.7288 1.37 -1.5 0.278344 19.3324 3.92504 0 0.0977465 0 19.7288 1.37 -1.5 0.278344 19.3324 3.92504 113.6 
20170507181155 -0.0108683 -0.389908 0.364776 0 0 0 0.999957 -0.0063652 -0.00680619 0.00636635 0.99998 0.000146359 0.00680512 -0.000189683 0.999977 -0.0108683 -0.389908 0.364776 0.556851 -0.321864 -0.765716 0.999957 -0.0063652 -0.00680619 0.00636635 0.99998 0.000146359 0.00680512 -0.000189683 0.999977 3.56843 0.656436 0 1 2322 0 0 0 0.0977465 -0.00680517 19.7288 1.39 -1.52 0.180122 19.4072 3.54291 0 0.0977465 0 19.7288 1.39 -1.52 0.180122 19.4072 3.54291 113.9 
20170507181156 0.556733 0.610783 0.267999 0 0 0 0.999932 -0.00457365 0.0107048 0.00467718 0.999942 -0.00966671 -0.01066 0.00971613 0.999896 0.556733 0.610783 0.267999 -0.892921 0.442263 -0.0842383 0.999932 -0.00457365 0.0107048 0.00467718 0.999942 -0.00966671 -0.01066 0.00971613 0.999896 4.25392 0.883355 0 1 2322 0 0 0 0.0977465 0.0106602 19.7288 1.41 -1.53 0.128826 19.4743 3.15603 0 0.0977465 0 19.7288 1.41 -1.53 0.128826 19.4743 3.15603 113.4 
20170507181156 -0.232085 0.0774142 0.196085 0 0 0 0.999993 -0.00342777 0.00133725 0.00342232 0.999986 0.00405524 -0.00135113 -0.00405064 0.999991 -0.232085 0.0774142 0.196085 -0.927073 -0.312412 -0.207206 0.999993 -0.00342777 0.00133725 0.00342232 0.999986 0.00405524 -0.00135113 -0.00405064 0.999991 4.08174 1.05954 0 1 2322 0 0 0 0.0977465 0.00135113 19.7288 1.39 -1.55 0.0737694 19.4072 3.54672 0 0.0977465 0 19.7288 1.39 -1.55 0.0737694 19.4072 3.54672 113.5 
20170507181156 -0.0230459 0.138682 0.351481 0 0 0 0.999978 -0.00613543 0.00241795 0.00613444 0.999981 0.000417067 -0.00242046 -0.000402225 0.999997 -0.0230459 0.138682 0.351481 0.999972 -0.00629256 0.00394011 0.999978 -0.00613543 0.00241795 0.00613444 0.999981 0.000417067 -0.00242046 -0.000402225 0.999997 3.73555 1.31128 0 1 2322 0 0 0 0.0977465 0.00242046 19.7288 1.38 -1.55 0.0778014 19.3708 3.74057 0 0.0977465 0 19.7288 1.38 -1.55 0.0778014 19.3708 3.74057 113.4 
20170507181156 0.0394952 0.876978 0.337734 0 0 0 0.999865 -0.00588399 0.0153094 0.00589385 0.999982 -0.00059909 -0.0153056 0.00068924 0.999883 0.0394952 0.876978 0.337734 -0.966426 -0.0222848 -0.255975 0.999865 -0.00588399 0.0153094 0.00589385 0.999982 -0.00059909 -0.0153056 0.00068924 0.999883 3.15155 1.50928 0 1 2319 0 0 0 0.0977465 0.0153062 19.7288 1.37 -1.56 0.0424816 19.3324 3.93467 0 0.0977465 0 19.7288 1.37 -1.56 0.0424816 19.3324 3.93467 113.4 
20170507181156 0.181614 0.980184 0.336694 0 0 0 0.999836 -0.00582214 0.0171248 0.00587553 0.999978 -0.00306919 -0.0171066 0.0031693 0.999849 0.181614 0.980184 0.336694 -0.915947 0.0695678 -0.395224 0.999836 -0.00582214 0.0171248 0.00587553 0.999978 -0.00306919 -0.0171066 0.0031693 0.999849 2.90842 1.56876 0 1 2316 0 0 0 0.125729 0.0171074 19.7288 1.37 -1.57 0.00313346 19.3324 3.9349 0 0.125729 0 19.7288 1.37 -1.57 0.00313346 19.3324 3.9349 113.4 
20170507181157 -0.202122 1.36428 0.262841 0 0 0 0.999706 -0.00467138 0.0237923 0.00458612 0.999983 0.00363686 -0.0238089 -0.00352668 0.99971 -0.202122 1.36428 0.262841 -0.939729 -0.21201 -0.268256 0.999706 -0.00467138 0.0237923 0.00458612 0.999983 0.00363686 -0.0238089 -0.00352668 0.99971 2.96543 1.76086 0 1 2310 0 0 0 0.127693 0.0238111 19.7288 1.37 -1.59 -0.0755599 19.3324 3.93417 0 0.127693 0 19.7288 1.37 -1.59 -0.0755599 19.3324 3.93417 113.4 
20170507181157 0.23785 1.20708 0.418147 0 0 0 0.999751 -0.00721046 0.0210955 0.00729635 0.999965 -0.00399741 -0.0210659 0.00415034 0.999769 0.23785 1.20708 0.418147 -0.912983 0.0778322 -0.400504 0.999751 -0.00721046 0.0210955 0.00729635 0.999965 -0.00399741 -0.0210659 0.00415034 0.999769 3.0752 1.82419 0 1 2308 0 0 0 0.127693 0.0210675 19.7288 1.37 -1.59 -0.0755599 19.3324 3.93417 0 0.127693 0 19.7288 1.37 -1.59 -0.0755599 19.3324 3.93417 113.4 
20170507181157 -0.62932 1.21343 0.411107 0 0 0 0.99975 -0.00740726 0.0210962 0.00717349 0.999912 0.0111351 -0.0211768 -0.010981 0.999715 -0.62932 1.21343 0.411107 -0.855619 -0.481214 -0.190656 0.99975 -0.00740726 0.0210962 0.00717349 0.999912 0.0111351 -0.0211768 -0.010981 0.999715 2.96255 1.85711 0 1 2307 0 0 0 0.127693 0.0211784 19.7288 1.38 -1.58 -0.034434 19.3708 3.74122 0 0.127693 0 19.7288 1.38 -1.58 -0.034434 19.3708 3.74122 113.6 
20170507181157 -0.472602 1.93968 0.355777 0 0 0 0.999408 -0.00648842 0.0337943 0.00620589 0.999945 0.00845837 -0.0338473 -0.00824364 0.999393 -0.472602 1.93968 0.355777 0.948547 0.28819 0.131171 0.999408 -0.00648842 0.0337943 0.00620589 0.999945 0.00845837 -0.0338473 -0.00824364 0.999393 2.91629 1.7753 0 1 2306 0 0 0 0.127693 0.0338538 19.7288 1.37 -1.58 -0.036215 19.3324 3.93473 0 0.127693 0 19.7288 1.37 -1.58 -0.036215 19.3324 3.93473 113.4 
20170507181157 -0.311751 1.77583 0.386598 0 0 0 0.999497 -0.00691586 0.0309512 0.00674411 0.999961 0.00565002 -0.0309891 -0.00543844 0.999505 -0.311751 1.77583 0.386598 0.967363 0.217988 0.129193 0.999497 -0.00691586 0.0309512 0.00674411 0.999961 0.00565002 -0.0309891 -0.00543844 0.999505 2.85731 1.6906 0 1 2306 0 0 0 0.127693 0.030994 19.7288 1.37 -1.59 -0.0755599 19.3324 3.93417 0 0.127693 0 19.7288 1.37 -1.59 -0.0755599 19.3324 3.93417 113.4 
20170507181158 -0.471651 1.91586 0.309189 0 0 0 0.999426 -0.00567136 0.0333858 0.00539333 0.99995 0.00841206 -0.0334319 -0.00822717 0.999407 -0.471651 1.91586 0.309189 0.96985 0.237238 0.055761 0.999426 -0.00567136 0.0333858 0.00539333 0.99995 0.00841206 -0.0334319 -0.00822717 0.999407 2.73789 1.61288 0 1 2306 0 0 0 0.127617 0.0334381 19.7288 1.38 -1.58 -0.034434 19.3708 3.74122 0 0.127617 0 19.7288 1.38 -1.58 -0.034434 19.3708 3.74122 113.4 
20170507181158 -0.398722 1.77491 0.403035 0 0 0 0.999495 -0.00724959 0.0309225 0.00703085 0.99995 0.00717666 -0.030973 -0.00695562 0.999496 -0.398722 1.77491 0.403035 0.974 0.226225 0.0120914 0.999495 -0.00724959 0.0309225 0.00703085 0.99995 0.00717666 -0.030973 -0.00695562 0.999496 2.7559 1.48638 0 1 2306 0 0 0 0.127693 0.0309779 19.7288 1.38 -1.58 -0.034434 19.3708 3.74122 0 0.127693 0 19.7288 1.38 -1.58 -0.034434 19.3708 3.74122 113.4 
20170507181158 -0.282862 1.68678 0.381163 0 0 0 0.999545 -0.00679774 0.0294018 0.00664962 0.999965 0.00513257 -0.0294357 -0.00493472 0.999554 -0.282862 1.68678 0.381163 0.985595 0.165775 0.0334876 0.999545 -0.00679774 0.0294018 0.00664962 0.999965 0.00513257 -0.0294357 -0.00493472 0.999554 2.81101 1.41797 0 1 2306 0 0 0 0.127617 0.0294399 19.7288 1.38 -1.56 0.0403924 19.3708 3.74116 0 0.127617 0 19.7288 1.38 -1.56 0.0403924 19.3708 3.74116 113.4 
20170507181158 -0.450573 2.1661 0.086611 0 0 0 0.999284 -0.00180883 0.0377835 0.00151057 0.999967 0.00792102 -0.0377966 -0.00785828 0.999255 -0.450573 2.1661 0.086611 -0.981818 -0.189647 0.00820441 0.999284 -0.00180883 0.0377835 0.00151057 0.999967 0.00792102 -0.0377966 -0.00785828 0.999255 2.77581 1.33439 0 1 2306 0 0 0 0.127617 0.0378056 19.7288 1.39 -1.54 0.109232 19.4072 3.54581 0 0.127617 0 19.7288 1.39 -1.54 0.109232 19.4072 3.54581 113.4 
20170507181158 -0.511096 1.76305 0.261689 0 0 0 0.999516 -0.00484157 0.0307239 0.00456515 0.999949 0.00906061 -0.0307662 -0.00891597 0.999487 -0.511096 1.76305 0.261689 0.961232 0.275407 0.0135289 0.999516 -0.00484157 0.0307239 0.00456515 0.999949 0.00906061 -0.0307662 -0.00891597 0.999487 2.73601 1.27228 0 1 2306 0 0 0 0.127617 0.0307711 19.7288 1.38 -1.55 0.0778014 19.3708 3.74057 0 0.127617 0 19.7288 1.38 -1.55 0.0778014 19.3708 3.74057 113.5 
20170507181159 -0.263667 1.16848 0.423481 0 0 0 0.999765 -0.00748484 0.0203576 0.00738954 0.999961 0.00475244 -0.0203924 -0.00460088 0.999781 -0.263667 1.16848 0.423481 0.98425 0.175717 0.0193649 0.999765 -0.00748484 0.0203576 0.00738954 0.999961 0.00475244 -0.0203924 -0.00460088 0.999781 2.15982 1.12962 0 1 2306 0 0 0 0.127693 0.0203938 19.7288 1.39 -1.55 0.0737694 19.4072 3.54672 0 0.127693 0 19.7288 1.39 -1.55 0.0737694 19.4072 3.54672 113.4 
20170507181159 -0.562707 1.67368 -0.0169654 0 0 0 0.999573 9.24691e-06 0.0292086 -0.000295976 0.999952 0.00981228 -0.0292072 -0.00981674 0.999525 -0.562707 1.67368 -0.0169654 0.95686 0.288792 0.0318971 0.999573 9.24691e-06 0.0292086 -0.000295976 0.999952 0.00981228 -0.0292072 -0.00981674 0.999525 1.90931 1.0712 0 1 2306 0 0 0 0.0977465 0.0292113 19.7288 1.39 -1.53 0.144684 19.4072 3.54454 0 0.0977465 0 19.7288 1.39 -1.53 0.144684 19.4072 3.54454 113.5 
20170507181159 0.137508 0.186419 0.470928 0 0 0 0.999961 -0.00821132 0.00327323 0.00821911 0.999963 -0.00237314 -0.00325363 0.00239995 0.999992 0.137508 0.186419 0.470928 -0.153701 0.577753 -0.801609 0.999961 -0.00821132 0.00327323 0.00821911 0.999963 -0.00237314 -0.00325363 0.00239995 0.999992 1.71014 0.969255 0 1 2306 0 0 0 0.0977465 0.00325363 19.7288 1.38 -1.52 0.189967 19.3708 3.73655 0 0.0977465 0 19.7288 1.38 -1.52 0.189967 19.3708 3.73655 113.5 
20170507181159 0.108863 0.185842 0.367381 0 0 0 0.999974 -0.00640578 0.00325566 0.00641192 0.999978 -0.00187918 -0.00324355 0.0019 0.999993 0.108863 0.185842 0.367381 0.208826 -0.560414 0.801454 0.999974 -0.00640578 0.00325566 0.00641192 0.999978 -0.00187918 -0.00324355 0.0019 0.999993 1.58117 0.923283 0 1 2306 0 0 0 0.0977465 0.00324356 19.7288 1.38 -1.52 0.189967 19.3708 3.73655 0 0.0977465 0 19.7288 1.38 -1.52 0.189967 19.3708 3.73655 113.5 
20170507181159 0.175706 0.267539 0.697606 0 0 0 0.999915 -0.0121608 0.00470639 0.0121751 0.999921 -0.00300957 -0.00466942 0.00306662 0.999984 0.175706 0.267539 0.697606 0.058659 0.549426 -0.83348 0.999915 -0.0121608 0.00470639 0.0121751 0.999921 -0.00300957 -0.00466942 0.00306662 0.999984 1.38588 0.808308 0 1 2306 0 0 0 0.0977465 0.00466944 19.7288 1.39 -1.51 0.215541 19.4072 3.54094 0 0.0977465 0 19.7288 1.39 -1.51 0.215541 19.4072 3.54094 113.5 
20170507181159 -0.0699944 0.128716 0.552084 0 0 0 0.999951 -0.00963827 0.00223464 0.00963551 0.999953 0.00124322 -0.00224651 -0.00122163 0.999997 -0.0699944 0.128716 0.552084 0.19026 -0.506474 0.841002 0.999951 -0.00963827 0.00223464 0.00963551 0.999953 0.00124322 -0.00224651 -0.00122163 0.999997 1.62305 0.866229 0 1 2306 0 0 0 0.0977465 0.00224651 19.7288 1.39 -1.5 0.250939 19.4072 3.5386 0 0.0977465 0 19.7288 1.39 -1.5 0.250939 19.4072 3.5386 113.4 
20170507181200 -0.146674 0.0867301 0.473173 0 0 0 0.999965 -0.00826218 0.00149253 0.00825832 0.999963 0.00257235 -0.00151372 -0.00255993 0.999996 -0.146674 0.0867301 0.473173 0.255223 -0.445893 0.857928 0.999965 -0.00826218 0.00149253 0.00825832 0.999963 0.00257235 -0.00151372 -0.00255993 0.999996 1.73758 0.970577 0 1 2306 0 0 0 0.0977465 0.00151373 19.7288 1.38 -1.5 0.264655 19.3708 3.73201 0 0.0977465 0 19.7288 1.38 -1.5 0.264655 19.3708 3.73201 113.4 
20170507181200 -0.2106 0.125009 0.530434 0 0 0 0.999955 -0.00926565 0.00214768 0.00925767 0.99995 0.00369569 -0.00218181 -0.00367564 0.999991 -0.2106 0.125009 0.530434 -0.379618 0.347094 0.857564 0.999955 -0.00926565 0.00214768 0.00925767 0.99995 0.00369569 -0.00218181 -0.00367564 0.999991 1.73723 1.08823 0 1 2306 0 0 0 0.0977465 0.00218182 19.7288 1.39 -1.49 0.286312 19.4072 3.53592 0 0.0977465 0 19.7288 1.39 -1.49 0.286312 19.4072 3.53592 113.3 
20170507181200 -0.180193 0.371448 0.427628 0 0 0 0.999951 -0.00748381 0.00645927 0.0074633 0.999967 0.00319325 -0.00648295 -0.00314489 0.999974 -0.180193 0.371448 0.427628 0.392726 -0.42934 0.813286 0.999951 -0.00748381 0.00645927 0.0074633 0.999967 0.00319325 -0.00648295 -0.00314489 0.999974 2.38237 1.10471 0 1 2306 0 0 0 0.0977465 0.006483 19.7288 1.39 -1.5 0.250939 19.4072 3.5386 0 0.0977465 0 19.7288 1.39 -1.5 0.250939 19.4072 3.5386 113.5 
20170507181200 -0.155338 0.536034 0.579642 0 0 0 0.999905 -0.0101418 0.00932749 0.010116 0.999945 0.00280566 -0.00935543 -0.00271104 0.999953 -0.155338 0.536034 0.579642 0.113791 0.265629 -0.957336 0.999905 -0.0101418 0.00932749 0.010116 0.999945 0.00280566 -0.00935543 -0.00271104 0.999953 3.1786 1.13669 0 1 2306 0 0 0 0.0977465 0.00935556 19.7288 1.39 -1.5 0.250939 19.4072 3.5386 0 0.0977465 0 19.7288 1.39 -1.5 0.250939 19.4072 3.5386 113.3 
20170507181200 -0.0963476 0.668858 0.561247 0 0 0 0.999884 -0.00981507 0.0116565 0.00979479 0.99995 0.00179585 -0.0116735 -0.00168147 0.99993 -0.0963476 0.668858 0.561247 -0.0238179 0.395896 -0.917986 0.999884 -0.00981507 0.0116565 0.00979479 0.99995 0.00179585 -0.0116735 -0.00168147 0.99993 3.85414 1.22255 0 1 2306 0 0 0 0.124723 0.0116738 19.7288 1.39 -1.48 0.321657 19.4072 3.53288 0 0.124723 0 19.7288 1.39 -1.48 0.321657 19.4072 3.53288 113.3 
20170507181200 -0.0746487 0.810686 0.553386 0 0 0 0.999853 -0.00967668 0.0141354 0.00965729 0.999952 0.00143946 -0.0141487 -0.00130273 0.999899 -0.0746487 0.810686 0.553386 0.0128869 0.434429 -0.900614 0.999853 -0.00967668 0.0141354 0.00965729 0.999952 0.00143946 -0.0141487 -0.00130273 0.999899 4.78412 1.31189 0 1 2306 0 0 0 0.127617 0.0141491 19.7288 1.38 -1.5 0.264655 19.3708 3.73201 0 0.127617 0 19.7288 1.38 -1.5 0.264655 19.3708 3.73201 113.4 
20170507181201 -0.468675 1.38435 0.165929 0 0 0 0.999704 -0.00309352 0.0241345 0.00289516 0.999962 0.00824976 -0.0241591 -0.00817745 0.999675 -0.468675 1.38435 0.165929 0.937748 0.16253 0.30694 0.999704 -0.00309352 0.0241345 0.00289516 0.999962 0.00824976 -0.0241591 -0.00817745 0.999675 5.1118 1.45538 0 1 2306 0 0 0 0.127617 0.0241614 19.7288 1.38 -1.52 0.189967 19.3708 3.73655 0 0.127617 0 19.7288 1.38 -1.52 0.189967 19.3708 3.73655 113.4 
20170507181201 -0.505425 1.41446 0.189106 0 0 0 0.99969 -0.00351814 0.0246543 0.00329951 0.999955 0.00890263 -0.0246845 -0.00881852 0.999656 -0.505425 1.41446 0.189106 0.891857 0.221 0.394651 0.99969 -0.00351814 0.0246543 0.00329951 0.999955 0.00890263 -0.0246845 -0.00881852 0.999656 5.22802 1.50172 0 1 2306 0 0 0 0.127617 0.024687 19.7288 1.4 -1.52 0.170259 19.4417 3.34892 0 0.127617 0 19.7288 1.4 -1.52 0.170259 19.4417 3.34892 113.4 
20170507181201 -0.386174 1.19098 0.759509 0 0 0 0.999696 -0.0133953 0.0206935 0.0132527 0.999888 0.00701487 -0.0207851 -0.00673849 0.999761 -0.386174 1.19098 0.759509 -0.152536 0.469927 -0.869426 0.999696 -0.0133953 0.0206935 0.0132527 0.999888 0.00701487 -0.0207851 -0.00673849 0.999761 7.21039 1.93476 0 1 2306 0 0 0 0.127693 0.0207866 19.7288 1.39 -1.52 0.180122 19.4072 3.54291 0 0.127693 0 19.7288 1.39 -1.52 0.180122 19.4072 3.54291 113.5 
20170507181201 0.136606 1.08893 0.0117792 0 0 0 0.999819 -0.000160275 0.0190046 0.000205549 0.999997 -0.00238031 -0.0190042 0.00238379 0.999817 0.136606 1.08893 0.0117792 -0.242389 0.714329 -0.656492 0.999819 -0.000160275 0.0190046 0.000205549 0.999997 -0.00238031 -0.0190042 0.00238379 0.999817 8.65951 2.38182 0 1 2306 0 0 0 0.126545 0.0190053 19.7288 1.38 -1.54 0.115203 19.3708 3.73961 0 0.126545 0 19.7288 1.38 -1.54 0.115203 19.3708 3.73961 113.5 
20170507181201 -0.0411155 1.0158 0.0858435 0 0 0 0.999842 -0.00151097 0.017727 0.00149802 0.999999 0.000744162 -0.0177281 -0.000717488 0.999843 -0.0411155 1.0158 0.0858435 0.246452 -0.625899 0.73994 0.999842 -0.00151097 0.017727 0.00149802 0.999999 0.000744162 -0.0177281 -0.000717488 0.999843 8.17367 2.37759 0 1 2306 0 0 0 0.127617 0.0177291 19.7288 1.39 -1.55 0.0737694 19.4072 3.54672 0 0.127617 0 19.7288 1.39 -1.55 0.0737694 19.4072 3.54672 113.5 
20170507181201 -1.22575 2.50069 0.234656 0 0 0 0.999039 -0.00502793 0.0435335 0.00409162 0.999759 0.0215703 -0.0436314 -0.0213714 0.998819 -1.22575 2.50069 0.234656 -0.886155 -0.293033 -0.358971 0.999039 -0.00502793 0.0435335 0.00409162 0.999759 0.0215703 -0.0436314 -0.0213714 0.998819 8.80387 2.61922 0 1 2306 0 0 0 0.127693 0.0436453 19.7288 1.39 -1.54 0.109232 19.4072 3.54581 0 0.127693 0 19.7288 1.39 -1.54 0.109232 19.4072 3.54581 113.4 
20170507181202 -0.522128 1.02361 0.126454 0 0 0 0.999838 -0.00236974 0.0178435 0.00220669 0.999956 0.00915213 -0.0178644 -0.00911127 0.999799 -0.522128 1.02361 0.126454 -0.185084 0.427207 -0.885007 0.999838 -0.00236974 0.0178435 0.00220669 0.999956 0.00915213 -0.0178644 -0.00911127 0.999799 9.83284 2.95871 0 1 2305 0 0 0 0.127693 0.0178653 19.6606 1.38 -1.53 0.152065 19.3039 3.72535 0 0.127693 0 19.6606 1.38 -1.53 0.152065 19.3039 3.72535 113.4 
20170507181202 -0.257942 2.01151 0.684808 0 0 0 0.999312 -0.0121098 0.0350435 0.0119445 0.999917 0.0049211 -0.0351002 -0.00449914 0.999374 -0.257942 2.01151 0.684808 0.507184 -0.512339 0.693018 0.999312 -0.0121098 0.0350435 0.0119445 0.999917 0.0049211 -0.0351002 -0.00449914 0.999374 11.1296 3.31867 0 1 2303 0 0 0 0.126596 0.0351074 19.6606 1.37 -1.52 0.199102 19.2656 3.91625 0 0.126596 0 19.6606 1.37 -1.52 0.199102 19.2656 3.91625 113.5 
20170507181202 -0.36095 1.26733 0.136021 0 0 0 0.999753 -0.00251329 0.0221019 0.00237342 0.999977 0.00635222 -0.0221173 -0.00629819 0.999736 -0.36095 1.26733 0.136021 0.267001 -0.580839 0.768984 0.999753 -0.00251329 0.0221019 0.00237342 0.999977 0.00635222 -0.0221173 -0.00629819 0.999736 11.779 3.75362 0 1 2297 0 0 0 0.127617 0.0221192 19.6606 1.37 -1.54 0.120743 19.2656 3.91945 0 0.127617 0 19.6606 1.37 -1.54 0.120743 19.2656 3.91945 113.5 
20170507181202 -0.0815193 1.17637 0.293733 0 0 0 0.999776 -0.00515579 0.0205224 0.0051255 0.999986 0.00152801 -0.02053 -0.00142248 0.999788 -0.0815193 1.17637 0.293733 0.290518 -0.771757 0.565678 0.999776 -0.00515579 0.0205224 0.0051255 0.999986 0.00152801 -0.02053 -0.00142248 0.999788 11.7568 3.70256 0 1 2292 0 0 0 0.127617 0.0205315 19.6606 1.36 -1.54 0.126669 19.2254 4.11181 0 0.127617 0 19.6606 1.36 -1.54 0.126669 19.2254 4.11181 113.6 
20170507181202 0.177082 0.8888 0.543361 0 0 0 0.999835 -0.00943531 0.0155404 0.00948215 0.999951 -0.00294342 -0.0155119 0.00309029 0.999875 0.177082 0.8888 0.543361 -0.116424 0.840905 -0.528511 0.999835 -0.00943531 0.0155404 0.00948215 0.999951 -0.00294342 -0.0155119 0.00309029 0.999875 12.2821 3.64034 0 1 2289 0 0 0 0.127693 0.0155125 19.6606 1.35 -1.54 0.132582 19.1833 4.30377 0 0.127693 0 19.6606 1.35 -1.54 0.132582 19.1833 4.30377 113.6 
20170507181203 -1.53058 0.375469 0.0346163 0 0 0 0.999978 -0.000778991 0.00653465 0.000604156 0.999643 0.0267145 -0.00655313 -0.02671 0.999622 -1.53058 0.375469 0.0346163 0.223044 -0.547567 0.806488 0.999978 -0.000778991 0.00653465 0.000604156 0.999643 0.0267145 -0.00655313 -0.02671 0.999622 12.6589 3.47895 0 1 2287 0 0 0 0.127693 0.00655317 19.6947 1.35 -1.54 0.132812 19.2166 4.31123 0 0.127693 0 19.6947 1.35 -1.54 0.132812 19.2166 4.31123 113.5 
20170507181203 -0.268956 0.268525 0.211484 0 0 0 0.999982 -0.00371305 0.00466922 0.00369105 0.999982 0.00471141 -0.00468663 -0.00469409 0.999978 -0.268956 0.268525 0.211484 -0.104069 0.848663 -0.518595 0.999982 -0.00371305 0.00466922 0.00369105 0.999982 0.00471141 -0.00468663 -0.00469409 0.999978 13.2863 3.54826 0 1 2287 0 0 0 0.125803 0.00468665 19.6947 1.36 -1.52 0.209236 19.2587 4.11558 0 0.125803 0 19.6947 1.36 -1.52 0.209236 19.2587 4.11558 113.5 
20170507181203 0.39373 0.265193 0.147392 0 0 0 0.999986 -0.00254061 0.00464603 0.00257245 0.999973 -0.0068599 -0.00462847 0.00687175 0.999966 0.39373 0.265193 0.147392 -0.0716914 0.942106 -0.327562 0.999986 -0.00254061 0.00464603 0.00257245 0.999973 -0.0068599 -0.00462847 0.00687175 0.999966 14.2603 3.67894 0 1 2285 0 0 0 0.0977465 0.00462849 19.6947 1.37 -1.52 0.199447 19.299 3.92304 0 0.0977465 0 19.6947 1.37 -1.52 0.199447 19.299 3.92304 113.4 
20170507181203 -0.781866 0.0640406 0.367951 0 0 0 0.999979 -0.00643656 0.00102996 0.0064219 0.999886 0.0136526 -0.00111772 -0.0136457 0.999906 -0.781866 0.0640406 0.367951 0.0543671 -0.951205 0.303731 0.999979 -0.00643656 0.00102996 0.0064219 0.999886 0.0136526 -0.00111772 -0.0136457 0.999906 15.0746 3.97198 0 1 2281 0 0 0 0.0977465 0.00111772 19.6947 1.35 -1.53 0.175917 19.2166 4.30968 0 0.0977465 0 19.6947 1.35 -1.53 0.175917 19.2166 4.30968 113.6 
20170507181203 0.219726 0.315865 0.394136 0 0 0 0.999961 -0.00685772 0.00553906 0.00687881 0.999969 -0.00379691 -0.00551285 0.00383487 0.999977 0.219726 0.315865 0.394136 -0.107563 0.967759 -0.227757 0.999961 -0.00685772 0.00553906 0.00687881 0.999969 -0.00379691 -0.00551285 0.00383487 0.999977 15.9854 4.28325 0 1 2277 0 0 0 0.0977465 0.00551288 19.6947 1.36 -1.53 0.168071 19.2587 4.11746 0 0.0977465 0 19.6947 1.36 -1.53 0.168071 19.2587 4.11746 113.6 
20170507181203 -1.1628 -0.0862947 -0.0452358 0 0 0 0.999999 0.000819915 -0.00148979 -0.000789513 0.999794 0.0202944 0.00150613 -0.0202932 0.999793 -1.1628 -0.0862947 -0.0452358 0.0207519 -0.997082 0.0734573 0.999999 0.000819915 -0.00148979 -0.000789513 0.999794 0.0202944 0.00150613 -0.0202932 0.999793 17.1703 4.5951 0 1 2269 0 0 0 0.0977465 -0.00150613 19.6947 1.38 -1.54 0.115004 19.3373 3.73315 0 0.0977465 0 19.6947 1.38 -1.54 0.115004 19.3373 3.73315 113.8 
20170507181204 -0.803199 0.171443 -0.2028 0 0 0 0.999989 0.00349722 0.00304154 -0.0035395 0.999896 0.0140073 -0.00299224 -0.014018 0.999897 -0.803199 0.171443 -0.2028 0.165206 -0.983992 0.0668395 0.999989 0.00349722 0.00304154 -0.0035395 0.999896 0.0140073 -0.00299224 -0.014018 0.999897 18.3839 5.24721 0 1 2264 0 0 0 0.0977465 0.00299224 19.6947 1.38 -1.53 0.152329 19.3373 3.73181 0 0.0977465 0 19.6947 1.38 -1.53 0.152329 19.3373 3.73181 113.6 
20170507181204 -0.604256 0.122472 0.343458 0 0 0 0.99998 -0.00601665 0.00207417 0.00599443 0.999926 0.0105587 -0.00213754 -0.010546 0.999942 -0.604256 0.122472 0.343458 -0.0356691 0.996975 0.06905 0.99998 -0.00601665 0.00207417 0.00599443 0.999926 0.0105587 -0.00213754 -0.010546 0.999942 19.7029 6.5737 0 1 2250 0 0 0 0.0977465 0.00213754 19.6947 1.39 -1.52 0.179811 19.3737 3.53679 0 0.0977465 0 19.6947 1.39 -1.52 0.179811 19.3737 3.53679 113.6 
20170507181204 -0.445402 0.182629 0.355405 -0.0228518 0.996814 0.0764236 0.999976 -0.00622754 0.0031391 0.00620292 0.99995 0.00779328 -0.00318748 -0.00777362 0.999965 -0.445402 0.182629 0.355405 -0.0228518 0.996814 0.0764236 0.999976 -0.00622754 0.0031391 0.00620292 0.99995 0.00779328 -0.00318748 -0.00777362 0.999965 21.1463 7.70303 1 1 2247 0 0 0 0.0977465 0.00318748 19.6947 1.38 -1.54 0.115004 19.3373 3.73315 0 0.0977465 0 10.3899 1.12383 -1.4778 0.417013 9.36917 4.47143 113.6 
20170507181204 -0.20735 0.53123 -0.0819709 -0.122448 0.991871 0.0346316 0.999956 0.0013971 0.00927669 -0.0014306 0.999992 0.00360566 -0.00927159 -0.00361877 0.99995 -0.20735 0.53123 -0.0819709 -0.122448 0.991871 0.0346316 0.999956 0.0013971 0.00927669 -0.0014306 0.999992 0.00360566 -0.00927159 -0.00361877 0.99995 22.3929 8.40362 1 1 2244 0 0 0 0.0976877 0.00927172 19.6947 1.4 -1.54 0.103073 19.4081 3.34586 0 0.0976877 0 10.2293 1.18812 -1.20802 1.35549 9.48943 3.5711 113.7 
20170507181204 -0.0823244 0.515634 -0.351885 -0.0212796 0.998518 0.0500941 0.999941 0.00612857 0.00900803 -0.00614126 0.99998 0.00138154 -0.00899938 -0.00143677 0.999958 -0.0823244 0.515634 -0.351885 -0.0212796 0.998518 0.0500941 0.999941 0.00612857 0.00900803 -0.00614126 0.99998 0.00138154 -0.00899938 -0.00143677 0.999958 23.6546 8.8077 1 1 2243 0 0 0 0.127693 0.0089995 19.6947 1.39 -1.52 0.179811 19.3737 3.53679 0 0.127693 0 10.2178 1.16513 -1.4578 0.454668 9.38851 4.00656 113.8 
20170507181205 1.7129 0.649803 0.10775 0.0631224 0.997272 -0.0382559 0.999934 -0.00154076 0.0113921 0.00188048 0.999552 -0.0298699 -0.011341 0.0298893 0.999489 1.7129 0.649803 0.10775 0.0631224 0.997272 -0.0382559 0.999934 -0.00154076 0.0113921 0.00188048 0.999552 -0.0298699 -0.011341 0.0298893 0.999489 24.2575 8.8806 1 1 2243 0 0 0 0.127693 0.0113412 19.6947 1.38 -1.56 0.0403226 19.3373 3.7347 0 0.127693 0 9.99508 1.21371 -1.75341 -0.634479 9.36459 3.43564 113.7 
20170507181205 -2.34056 1.35804 0.877073 0.0885911 0.76238 0.641037 0.999602 -0.0162622 0.0230524 0.0153029 0.999034 0.0411967 -0.0237001 -0.0408276 0.998885 -2.34056 1.35804 0.877073 0.0885911 0.76238 0.641037 0.999602 -0.0162622 0.0230524 0.0153029 0.999034 0.0411967 -0.0237001 -0.0408276 0.998885 24.9476 8.48924 1 1 2242 0 0 0 0.127693 0.0237023 19.354 1.39 -1.57 0.00277129 19.0385 3.48009 0 0.127693 0 15.1434 0.853785 -1.57678 -0.0595876 11.4147 9.95109 113.8 
20170507181205 -2.38006 1.82206 1.08885 0.155888 0.733771 0.661271 0.999314 -0.0203066 0.0309733 0.0189932 0.998932 0.0421242 -0.0317957 -0.041507 0.998632 -2.38006 1.82206 1.08885 0.155888 0.733771 0.661271 0.999314 -0.0203066 0.0309733 0.0189932 0.998932 0.0421242 -0.0317957 -0.041507 0.998632 25.7919 8.17611 1 1 2242 0 0 0 0.157967 0.031801 19.354 1.38 -1.55 0.0763233 19.0028 3.66951 0 0.157967 0 15.6637 0.840111 -1.61126 -0.4229 11.665 10.4451 113.8 
20170507181205 -2.39575 2.20446 1.13592 0.17487 0.716984 0.674799 0.999064 -0.0214146 0.0375958 0.0198096 0.998898 0.0425553 -0.0384657 -0.0417707 0.998386 -2.39575 2.20446 1.13592 0.17487 0.716984 0.674799 0.999064 -0.0214146 0.0375958 0.0198096 0.998898 0.0425553 -0.0384657 -0.0417707 0.998386 26.4529 7.35845 1 1 2242 0 0 0 0.157967 0.0384752 19.354 1.38 -1.55 0.0763233 19.0028 3.66951 0 0.157967 0 15.903 0.839136 -1.62627 -0.589075 11.8329 10.6086 113.7 
20170507181205 -2.39689 2.51002 1.17791 0.226212 0.725453 0.650035 0.998829 -0.0223702 0.0428868 0.0205373 0.998876 0.0427121 -0.0437941 -0.0417813 0.998167 -2.39689 2.51002 1.17791 0.226212 0.725453 0.650035 0.998829 -0.0223702 0.0428868 0.0205373 0.998876 0.0427121 -0.0437941 -0.0417813 0.998167 26.848 6.24694 1 1 2242 0 0 0 0.157967 0.0438081 19.354 1.36 -1.54 0.124693 18.9256 4.04768 0 0.157967 0 15.954 0.820581 -1.67087 -1.08669 11.671 10.8229 113.8 
20170507181206 -2.45758 2.71669 1.12513 0.195966 0.733467 0.650864 0.998684 -0.0216499 0.0465028 0.0196139 0.998848 0.0438012 -0.0473975 -0.0428315 0.997957 -2.45758 2.71669 1.12513 0.195966 0.733467 0.650864 0.998684 -0.0216499 0.0465028 0.0196139 0.998848 0.0438012 -0.0473975 -0.0428315 0.997957 27.3319 6.04547 1 1 2242 0 0 0 0.160399 0.0474153 18.434 1.35 -1.52 0.204985 17.9865 4.03195 0 0.160399 0 15.1634 0.778854 -1.63478 -0.69001 10.6518 10.77 113.7 
20170507181206 -2.53471 2.95072 1.0669 0.21546 0.746447 0.629599 0.998501 -0.0208777 0.0505942 0.0185951 0.998806 0.0451745 -0.051477 -0.044166 0.997697 -2.53471 2.95072 1.0669 0.21546 0.746447 0.629599 0.998501 -0.0208777 0.0505942 0.0185951 0.998806 0.0451745 -0.051477 -0.044166 0.997697 27.7205 6.06659 1 1 2242 0 0 0 0.160399 0.0514997 18.434 1.34 -1.52 0.214107 17.9452 4.21138 0 0.160399 0 15.0558 0.769988 -1.65483 -0.907285 10.4807 10.7707 113.7 
20170507181206 -2.64246 2.92418 0.899224 0.214373 0.754367 0.620463 0.998575 -0.0180287 0.0502304 0.0156733 0.998777 0.0468973 -0.0510145 -0.0460432 0.997636 -2.64246 2.92418 0.899224 0.214373 0.754367 0.620463 0.998575 -0.0180287 0.0502304 0.0156733 0.998777 0.0468973 -0.0510145 -0.0460432 0.997636 27.2704 5.92092 1 1 2242 0 0 0 0.160399 0.0510366 18.434 1.32 -1.52 0.232286 17.8573 4.56896 0 0.160399 0 15.1317 0.749932 -1.65153 -0.892972 10.3136 11.0363 113.8 
20170507181206 -1.07563 2.35808 0.215408 -0.291244 -0.945819 0.143537 0.999146 -0.00453128 0.0410666 0.00375639 0.999814 0.0189267 -0.0411447 -0.0187563 0.998977 -1.07563 2.35808 0.215408 -0.291244 -0.945819 0.143537 0.999146 -0.00453128 0.0410666 0.00375639 0.999814 0.0189267 -0.0411447 -0.0187563 0.998977 26.5657 5.99761 1 1 2242 0 0 0 0.158061 0.0411563 18.434 1.3 -1.49 0.397979 17.7622 4.91498 0 0.158061 0 28.0661 1.32469 -1.03343 3.50005 27.2204 5.87403 113.7 
20170507181206 0.0821602 2.52355 0.0855404 0.0754438 0.906076 -0.416335 0.999029 -0.00142982 0.044032 0.00149151 0.999998 -0.00136823 -0.04403 0.00143257 0.999029 0.0821602 2.52355 0.0855404 0.0754438 0.906076 -0.416335 0.999029 -0.00142982 0.044032 0.00149151 0.999998 -0.00136823 -0.04403 0.00143257 0.999029 26.5032 6.16595 1 1 2241 0 0 0 0.159606 0.0440442 18.434 1.27 -1.47 0.549581 17.6063 5.43391 0 0.159606 0 8.70884 1.37684 -2.10658 -0.856948 8.54554 1.44338 113.7 
20170507181206 -1.07241 2.67638 0.142466 0.169514 0.824418 -0.54 0.998906 -0.00336 0.0466398 0.00248379 0.99982 0.0188321 -0.0466947 -0.0186957 0.998734 -1.07241 2.67638 0.142466 0.169514 0.824418 -0.54 0.998906 -0.00336 0.0466398 0.00248379 0.99982 0.0188321 -0.0466947 -0.0186957 0.998734 27.1 7.23795 1 1 2237 0 0 0 0.159606 0.0467117 18.434 1.28 -1.44 0.689328 17.66 5.24015 0 0.159606 0 9.59608 1.37668 -3.04518 -1.84248 9.41585 0.178199 113.6 
20170507181207 0.319386 2.19859 0.385795 0.30914 0.83074 -0.462929 0.999241 -0.00651939 0.0383993 0.00672839 0.999963 -0.00531587 -0.0383633 0.0055702 0.999248 0.319386 2.19859 0.385795 0.30914 0.83074 -0.462929 0.999241 -0.00651939 0.0383993 0.00672839 0.999963 -0.00531587 -0.0383633 0.0055702 0.999248 28.2246 9.24153 1 1 2226 0 0 0 0.159606 0.0383727 17.8888 1.26 -1.44 0.713508 17.0317 5.42396 0 0.159606 0 9.34741 1.20361 -2.72923 -3.07433 8.72434 1.34483 113.7 
20170507181207 -0.707307 2.41438 0.310801 0.316869 0.646538 -0.693962 0.999098 -0.00594408 0.0420557 0.00541965 0.999906 0.0125728 -0.0421265 -0.0123336 0.999036 -0.707307 2.41438 0.310801 0.316869 0.646538 -0.693962 0.999098 -0.00594408 0.0420557 0.00541965 0.999906 0.0125728 -0.0421265 -0.0123336 0.999036 29.0182 11.1985 1 1 2215 0 0 0 0.159606 0.0421389 17.8888 1.24 -1.43 0.815356 16.9189 5.75272 0 0.159606 0 11.0136 1.25052 -3.31407 -3.41597 10.4535 -0.595102 113.6 
20170507181207 -1.21405 2.50356 0.501977 0.349521 0.472619 -0.808991 0.999007 -0.00968454 0.0434844 0.00875268 0.999729 0.0215694 -0.0436815 -0.0211674 0.998821 -1.21405 2.50356 0.501977 0.349521 0.472619 -0.808991 0.999007 -0.00968454 0.0434844 0.00875268 0.999729 0.0215694 -0.0436815 -0.0211674 0.998821 28.3274 10.7735 1 1 2214 0 0 0 0.159606 0.0436954 17.8888 1.24 -1.43 0.815356 16.9189 5.75272 0 0.159606 0 12.9173 1.23427 -3.54614 -3.92115 12.1927 -1.67888 113.6 
