20170507013955 -0.134943 4.12288 -0.179802 -0.226607 0.248513 0.941749 0.997407 0.00296879 0.0719026 -0.00313001 0.999993 0.00212957 -0.0718958 -0.0023491 0.997409 -0.134943 4.12288 -0.179802 -0.226607 0.248513 0.941749 0.997407 0.00296879 0.0719026 -0.00313001 0.999993 0.00212957 -0.0718958 -0.0023491 0.997409 30.1193 2.77926 1 1 1926 0 0 0 
20170507013955 -0.0767713 4.78526 -0.0557312 -0.159392 0.16604 0.973152 0.996514 0.000860914 0.0834226 -0.000969302 0.999999 0.00125877 -0.0834214 -0.00133524 0.996513 -0.0767713 4.78526 -0.0557312 -0.159392 0.16604 0.973152 0.996514 0.000860914 0.0834226 -0.000969302 0.999999 0.00125877 -0.0834214 -0.00133524 0.996513 32.4646 2.75921 1 1 1908 0 0 0 
20170507013955 -0.0703268 4.1268 0.00365015 -0.538023 0.120739 0.834238 0.997407 -0.000152038 0.0719639 6.3542e-05 0.999999 0.00123202 -0.071964 -0.00122425 0.997406 -0.0703268 4.1268 0.00365015 -0.538023 0.120739 0.834238 0.997407 -0.000152038 0.0719639 6.3542e-05 0.999999 0.00123202 -0.071964 -0.00122425 0.997406 32.1295 3.71385 1 1 1907 0 0 0 
20170507013956 -0.127019 4.06894 -0.204279 0.437579 0.0866195 -0.894998 0.997473 0.00340803 0.070964 -0.00355635 0.999992 0.0019639 -0.0709567 -0.00221131 0.997477 -0.127019 4.06894 -0.204279 0.437579 0.0866195 -0.894998 0.997473 0.00340803 0.070964 -0.00355635 0.999992 0.0019639 -0.0709567 -0.00221131 0.997477 32.8177 5.25603 1 1 1904 0 0 0 
20170507013956 -0.291851 3.85132 0.169542 0.357619 0.0367659 -0.933144 0.997737 -0.00330116 0.0671514 0.00295238 0.999982 0.00529246 -0.0671676 -0.00508223 0.997729 -0.291851 3.85132 0.169542 0.357619 0.0367659 -0.933144 0.997737 -0.00330116 0.0671514 0.00295238 0.999982 0.00529246 -0.0671676 -0.00508223 0.997729 31.7482 7.51362 1 1 1893 0 0 0 
20170507013956 -0.467518 4.27879 0.140867 0.00210754 -0.0272335 -0.999627 0.99721 -0.0030673 0.0745868 0.00245174 0.999962 0.00834304 -0.0746095 -0.00813689 0.99718 -0.467518 4.27879 0.140867 0.00210754 -0.0272335 -0.999627 0.99721 -0.0030673 0.0745868 0.00245174 0.999962 0.00834304 -0.0746095 -0.00813689 0.99718 30.424 9.97627 1 1 1876 0 0 0 
20170507013956 0.177519 3.50433 0.0156553 0.149762 0.0938958 -0.984253 0.99813 -8.3856e-05 0.0611245 0.000272726 0.999995 -0.00308159 -0.061124 0.00309249 0.998125 0.177519 3.50433 0.0156553 0.149762 0.0938958 -0.984253 0.99813 -8.3856e-05 0.0611245 0.000272726 0.999995 -0.00308159 -0.061124 0.00309249 0.998125 29.8808 12.6263 1 1 1873 0 0 0 
20170507013956 -0.471297 3.31985 0.158168 0.181754 -0.0596242 -0.981535 0.998318 -0.0032368 0.0578851 0.00275592 0.999961 0.00838542 -0.05791 -0.00821178 0.998288 -0.471297 3.31985 0.158168 0.181754 -0.0596242 -0.981535 0.998318 -0.0032368 0.0578851 0.00275592 0.999961 0.00838542 -0.05791 -0.00821178 0.998288 28.3016 15.2057 1 1 1858 0 0 0 
20170507013956 -0.0801598 3.64956 -0.0140133 0.021314 -0.0116633 -0.999705 0.997972 0.000155524 0.063654 -0.000244083 0.999999 0.00138348 -0.0636538 -0.00139621 0.997971 -0.0801598 3.64956 -0.0140133 0.021314 -0.0116633 -0.999705 0.997972 0.000155524 0.063654 -0.000244083 0.999999 0.00138348 -0.0636538 -0.00139621 0.997971 27.8286 17.809 1 1 1833 0 0 0 
20170507013957 -0.158585 2.90556 -0.047056 0.0885889 -0.0501723 -0.994804 0.998714 0.000680979 0.0506919 -0.000820226 0.999996 0.00272619 -0.0506899 -0.00276426 0.998711 -0.158585 2.90556 -0.047056 0.0885889 -0.0501723 -0.994804 0.998714 0.000680979 0.0506919 -0.000820226 0.999996 0.00272619 -0.0506899 -0.00276426 0.998711 26.8172 18.738 1 1 1741 0 0 0 
20170507013957 -0.262525 3.56697 0.0126487 0.0174868 -0.0379189 -0.999128 0.998063 -0.000505823 0.0622135 0.000220333 0.999989 0.00459565 -0.0622152 -0.00457303 0.998052 -0.262525 3.56697 0.0126487 0.0174868 -0.0379189 -0.999128 0.998063 -0.000505823 0.0622135 0.000220333 0.999989 0.00459565 -0.0622152 -0.00457303 0.998052 27.5681 19.8143 1 1 1710 0 0 0 
20170507013957 -0.567241 3.14309 -0.0738104 0.0609673 -0.108836 -0.992188 0.998495 0.000745354 0.0548397 -0.0012863 0.999951 0.00982942 -0.0548297 -0.00988517 0.998447 -0.567241 3.14309 -0.0738104 0.0609673 -0.108836 -0.992188 0.998495 0.000745354 0.0548397 -0.0012863 0.999951 0.00982942 -0.0548297 -0.00988517 0.998447 29.1444 20.7849 1 1 1682 0 0 0 
20170507013957 0.385137 2.7428 0.164385 0.15151 0.0349356 -0.987838 0.99885 -0.00254734 0.0478706 0.00286577 0.999974 -0.00658455 -0.0478526 0.00671417 0.998832 0.385137 2.7428 0.164385 0.15151 0.0349356 -0.987838 0.99885 -0.00254734 0.0478706 0.00286577 0.999974 -0.00658455 -0.0478526 0.00671417 0.998832 30.3736 21.5438 1 1 1644 0 0 0 
20170507013957 -0.0783497 1.51042 0.177508 0.276284 -0.00704425 -0.96105 0.999648 -0.00313413 0.0263543 0.00309701 0.999994 0.00144911 -0.0263587 -0.00136698 0.999652 -0.0783497 1.51042 0.177508 0.276284 -0.00704425 -0.96105 0.999648 -0.00313413 0.0263543 0.00309701 0.999994 0.00144911 -0.0263587 -0.00136698 0.999652 32.2049 22.4893 1 1 1640 0 0 0 
20170507013957 -0.303005 2.15961 -0.10182 0.224693 -0.0184956 -0.974254 0.999288 0.00157778 0.0376922 -0.00177583 0.999985 0.00522143 -0.0376834 -0.00528465 0.999276 -0.303005 2.15961 -0.10182 0.224693 -0.0184956 -0.974254 0.999288 0.00157778 0.0376922 -0.00177583 0.999985 0.00522143 -0.0376834 -0.00528465 0.999276 34.7045 22.9921 1 1 1632 0 0 0 
20170507013958 -0.0544048 0.695474 -0.076334 0.341255 0.0414975 -0.939054 0.999925 0.00132075 0.0121393 -0.00133218 0.999999 0.000933371 -0.012138 -0.000949473 0.999926 -0.0544048 0.695474 -0.076334 0.341255 0.0414975 -0.939054 0.999925 0.00132075 0.0121393 -0.00133218 0.999999 0.000933371 -0.012138 -0.000949473 0.999926 37.9976 24.0644 1 1 1620 0 0 0 
20170507013958 0.00587732 2.37433 0.169424 0.166289 0.0684147 -0.983701 0.999137 -0.00295275 0.0414282 0.00295447 0.999996 1.99247e-05 -0.041428 0.000102491 0.999141 0.00587732 2.37433 0.169424 0.166289 0.0684147 -0.983701 0.999137 -0.00295275 0.0414282 0.00295447 0.999996 1.99247e-05 -0.041428 0.000102491 0.999141 40.005 23.4247 1 1 1612 0 0 0 
20170507013958 0.168131 0.145222 -0.205456 0.313233 0.123055 -0.94167 0.99999 0.0035933 0.00252406 -0.00358586 0.999989 -0.0029435 -0.00253461 0.00293442 0.999992 0.168131 0.145222 -0.205456 0.313233 0.123055 -0.94167 0.99999 0.0035933 0.00252406 -0.00358586 0.999989 -0.0029435 -0.00253461 0.00293442 0.999992 42.0335 22.3876 1 1 1602 0 0 0 
20170507013958 -0.89789 2.02112 -0.147068 0.12483 0.0407693 -0.99134 0.999375 0.00201384 0.0353037 -0.00256522 0.999875 0.0155799 -0.0352679 -0.0156607 0.999255 -0.89789 2.02112 -0.147068 0.12483 0.0407693 -0.99134 0.999375 0.00201384 0.0353037 -0.00256522 0.999875 0.0155799 -0.0352679 -0.0156607 0.999255 43.7903 22.4044 1 1 1592 0 0 0 
20170507013958 -0.755356 1.66565 0.893596 0.139853 0.0956398 -0.985543 0.999456 -0.0159774 0.0288554 0.015589 0.999786 0.0136347 -0.029067 -0.0131775 0.999491 -0.755356 1.66565 0.893596 0.139853 0.0956398 -0.985543 0.999456 -0.0159774 0.0288554 0.015589 0.999786 0.0136347 -0.029067 -0.0131775 0.999491 44.9485 22.5816 1 1 1577 0 0 0 
20170507013959 -0.833884 0.581992 0.452564 0.189859 0.108503 -0.975797 0.999917 -0.00804564 0.0100412 0.00789825 0.999862 0.0146333 -0.0101575 -0.0145528 0.999843 -0.833884 0.581992 0.452564 0.189859 0.108503 -0.975797 0.999917 -0.00804564 0.0100412 0.00789825 0.999862 0.0146333 -0.0101575 -0.0145528 0.999843 45.6794 21.3672 1 1 1574 0 0 0 
20170507013959 -0.359506 1.61709 0.431516 0.0440604 0.176352 -0.983341 0.999573 -0.00770821 0.0281711 0.0075283 0.999951 0.00648688 -0.0282197 -0.00627203 0.999582 -0.359506 1.61709 0.431516 0.0440604 0.176352 -0.983341 0.999573 -0.00770821 0.0281711 0.0075283 0.999951 0.00648688 -0.0282197 -0.00627203 0.999582 47.1951 20.916 1 1 1568 0 0 0 
20170507013959 0.0746412 1.27582 0.0202381 0.042512 0.238369 -0.970244 0.999752 -0.000324216 0.0222659 0.000353135 0.999999 -0.00129487 -0.0222654 0.00130241 0.999751 0.0746412 1.27582 0.0202381 0.042512 0.238369 -0.970244 0.999752 -0.000324216 0.0222659 0.000353135 0.999999 -0.00129487 -0.0222654 0.00130241 0.999751 49.494 21.2612 1 1 1567 0 0 0 
20170507013959 -0.871339 2.09185 0.309374 -0.0491688 0.158959 -0.98606 0.999319 -0.00595402 0.0364148 0.00539597 0.999867 0.015404 -0.0365016 -0.015197 0.999218 -0.871339 2.09185 0.309374 -0.0491688 0.158959 -0.98606 0.999319 -0.00595402 0.0364148 0.00539597 0.999867 0.015404 -0.0365016 -0.015197 0.999218 51.5668 21.9264 1 1 1558 0 0 0 
20170507014000 1.874 -0.328846 -0.442864 0.100484 0.355614 -0.929216 0.999954 0.00753753 -0.00598894 -0.00772922 0.999437 -0.0326563 0.00573942 0.0327011 0.999449 1.874 -0.328846 -0.442864 0.100484 0.355614 -0.929216 0.999954 0.00753753 -0.00598894 -0.00772922 0.999437 -0.0326563 0.00573942 0.0327011 0.999449 53.6383 22.5855 1 1 1539 0 0 0 
20170507014000 -0.427475 0.423634 -0.683304 0.0325623 0.175497 -0.983941 0.999902 0.0118701 0.00748199 -0.0119253 0.999902 0.00737207 -0.00739375 -0.00746057 0.999945 -0.427475 0.423634 -0.683304 0.0325623 0.175497 -0.983941 0.999902 0.0118701 0.00748199 -0.0119253 0.999902 0.00737207 -0.00739375 -0.00746057 0.999945 54.8716 22.8962 1 1 1535 0 0 0 
20170507014000 -0.202723 -0.644205 -0.495395 0.108279 0.202861 -0.973202 0.999899 0.00868589 -0.0112122 -0.00864562 0.999956 0.00363526 0.0112433 -0.00353796 0.999931 -0.202723 -0.644205 -0.495395 0.108279 0.202861 -0.973202 0.999899 0.00868589 -0.0112122 -0.00864562 0.999956 0.00363526 0.0112433 -0.00353796 0.999931 55.8352 22.5869 1 1 1526 0 0 0 
20170507014000 -0.234619 0.421748 0.0940742 0.0420112 0.201703 -0.978545 0.999972 -0.00167203 0.00735404 0.00164186 0.99999 0.00410695 -0.00736083 -0.00409475 0.999965 -0.234619 0.421748 0.0940742 0.0420112 0.201703 -0.978545 0.999972 -0.00167203 0.00735404 0.00164186 0.99999 0.00410695 -0.00736083 -0.00409475 0.999965 56.8656 22.5067 1 1 1513 0 0 0 
20170507014001 -0.00436611 1.56635 -0.147596 -0.0713026 0.19167 -0.978866 0.999623 0.00257395 0.0273346 -0.00257507 0.999997 5.78816e-06 -0.0273345 -7.61745e-05 0.999626 -0.00436611 1.56635 -0.147596 -0.0713026 0.19167 -0.978866 0.999623 0.00257395 0.0273346 -0.00257507 0.999997 5.78816e-06 -0.0273345 -7.61745e-05 0.999626 57.4569 21.8438 1 1 1497 0 0 0 
20170507014001 -0.279659 0.832558 -0.395447 -0.0111555 0.153087 -0.98815 0.999871 0.0068308 0.0145635 -0.00690107 0.999965 0.00478055 -0.0145304 -0.00488044 0.999883 -0.279659 0.832558 -0.395447 -0.0111555 0.153087 -0.98815 0.999871 0.0068308 0.0145635 -0.00690107 0.999965 0.00478055 -0.0145304 -0.00488044 0.999883 57.9559 21.276 1 1 1481 0 0 0 
20170507014001 0.208376 -1.18201 -0.555368 0.130132 0.178361 -0.975322 0.99974 0.00961776 -0.0206626 -0.00969078 0.999947 -0.00343672 0.0206285 0.00363607 0.999781 0.208376 -1.18201 -0.555368 0.130132 0.178361 -0.975322 0.99974 0.00961776 -0.0206626 -0.00969078 0.999947 -0.00343672 0.0206285 0.00363607 0.999781 58.2336 21.4276 1 1 1476 0 0 0 
20170507014002 -2.17893 -1.39374 -0.0832533 0.156515 0.0411746 -0.986817 0.999703 0.00237676 -0.0242502 -0.00145261 0.999275 0.0380556 0.024323 -0.038009 0.998981 -2.17893 -1.39374 -0.0832533 0.156515 0.0411746 -0.986817 0.999703 0.00237676 -0.0242502 -0.00145261 0.999275 0.0380556 0.024323 -0.038009 0.998981 59.535 21.249 1 1 1468 0 0 0 
20170507014002 1.07212 1.38314 -0.146254 -0.0106165 0.253291 -0.967332 0.999705 0.00300381 0.0240859 -0.00255187 0.999821 -0.0187726 -0.0241379 0.0187056 0.999534 1.07212 1.38314 -0.146254 -0.0106165 0.253291 -0.967332 0.999705 0.00300381 0.0240859 -0.00255187 0.999821 -0.0187726 -0.0241379 0.0187056 0.999534 61.1535 21.5786 1 1 1450 0 0 0 
20170507014003 -1.64133 2.5321 -0.00355504 -0.0486706 0.0969478 -0.994099 0.999024 -0.00120338 0.0441627 -6.19866e-05 0.99959 0.0286399 -0.0441791 -0.0286147 0.998614 -1.64133 2.5321 -0.00355504 -0.0486706 0.0969478 -0.994099 0.999024 -0.00120338 0.0441627 -6.19866e-05 0.99959 0.0286399 -0.0441791 -0.0286147 0.998614 63.4763 22.0273 1 1 1446 0 0 0 
20170507014003 -0.628537 2.49497 -0.179122 -0.0270551 0.182709 -0.982795 0.999047 0.00264854 0.0435631 -0.00312329 0.999936 0.0108337 -0.0435317 -0.0109594 0.998992 -0.628537 2.49497 -0.179122 -0.0270551 0.182709 -0.982795 0.999047 0.00264854 0.0435631 -0.00312329 0.999936 0.0108337 -0.0435317 -0.0109594 0.998992 67.2348 23.5755 1 1 1436 0 0 0 
20170507014003 -0.617852 0.218797 -0.697599 0.113872 0.207972 -0.971484 0.999919 0.0121332 0.00394951 -0.012175 0.999868 0.010736