20170507012813 0.219456 0.399535 0.0558479 0 0 0 0.999975 -0.000948014 0.00697682 0.000974706 0.999992 -0.00382342 -0.00697314 0.00383012 0.999968 0.219456 0.399535 0.0558479 -0.869309 0.488063 0.0780844 0.999975 -0.000948014 0.00697682 0.000974706 0.999992 -0.00382342 -0.00697314 0.00383012 0.999968 1.10601 0.577828 0 1 2000 0 0 0 
20170507012813 -0.148604 0.214098 0.136272 0 0 0 0.99999 -0.00238808 0.00373052 0.00237838 0.999994 0.0026025 -0.00373671 -0.0025936 0.99999 -0.148604 0.214098 0.136272 -0.0820838 0.415858 0.905718 0.99999 -0.00238808 0.00373052 0.00237838 0.999994 0.0026025 -0.00373671 -0.0025936 0.99999 2.27833 0.803346 0 1 2000 0 0 0 
20170507012813 -0.129686 0.387039 0.100256 0 0 0 0.999976 -0.00176508 0.00675107 0.00174976 0.999996 0.00227526 -0.00675506 -0.00226339 0.999975 -0.129686 0.387039 0.100256 0.521509 -0.238783 -0.819153 0.999976 -0.00176508 0.00675107 0.00174976 0.999996 0.00227526 -0.00675506 -0.00226339 0.999975 2.29907 0.804524 0 1 2000 0 0 0 
20170507012814 -0.149035 0.261804 0.142192 0 0 0 0.999986 -0.0024936 0.00456284 0.0024817 0.999994 0.00261248 -0.00456933 -0.00260113 0.999986 -0.149035 0.261804 0.142192 0.477272 -0.254693 -0.841037 0.999986 -0.0024936 0.00456284 0.0024817 0.999994 0.00261248 -0.00456933 -0.00260113 0.999986 1.883 0.72819 0 1 2000 0 0 0 
20170507012814 -0.133735 -0.02835 0.208348 0 0 0 0.999993 -0.00363519 -0.000503284 0.00363636 0.999991 0.00233229 0.000494801 -0.00233411 0.999997 -0.133735 -0.02835 0.208348 -0.177083 0.444295 0.878204 0.999993 -0.00363519 -0.000503284 0.00363636 0.999991 0.00233229 0.000494801 -0.00233411 0.999997 1.61369 0.806223 0 1 2000 0 0 0 
20170507012814 0.00516634 0.103846 0.0494198 0 0 0 0.999998 -0.000862375 0.00181252 0.000862537 1 -8.86063e-05 -0.00181245 9.01695e-05 0.999998 0.00516634 0.103846 0.0494198 -0.649749 0.367529 0.665394 0.999998 -0.000862375 0.00181252 0.000862537 1 -8.86063e-05 -0.00181245 9.01695e-05 0.999998 1.61751 0.995217 0 1 2000 0 0 0 
20170507012814 0.0671194 0.0280481 0.0451389 0 0 0 1 -0.000787249 0.000490454 0.000787823 0.999999 -0.00117107 -0.000489532 0.00117145 0.999999 0.0671194 0.0280481 0.0451389 -0.682533 0.270896 0.678796 1 -0.000787249 0.000490454 0.000787823 0.999999 -0.00117107 -0.000489532 0.00117145 0.999999 2.36176 1.3505 0 1 2000 0 0 0 
20170507012814 -0.0104337 -0.449236 0.198996 0 0 0 0.999963 -0.00347169 -0.00784116 0.00347301 0.999994 0.000154871 0.00784057 -0.000182098 0.999969 -0.0104337 -0.449236 0.198996 -0.11732 0.211407 0.970331 0.999963 -0.00347169 -0.00784116 0.00347301 0.999994 0.000154871 0.00784057 -0.000182098 0.999969 2.78364 1.46196 0 1 2000 0 0 0 
20170507012815 -0.0901649 -0.524044 0.26768 0 0 0 0.999947 -0.00465748 -0.00915341 0.00467168 0.999988 0.00153093 0.00914617 -0.00157361 0.999957 -0.0901649 -0.524044 0.26768 -0.280348 0.190833 0.940738 0.999947 -0.00465748 -0.00915341 0.00467168 0.999988 0.00153093 0.00914617 -0.00157361 0.999957 2.64645 1.45414 0 1 2000 0 0 0 
20170507012815 0.0565521 -0.371678 0.122728 0 0 0 0.999977 -0.00214841 -0.00648482 0.00214196 0.999997 -0.00100091 0.00648696 0.000987 0.999978 0.0565521 -0.371678 0.122728 -0.544658 0.214616 0.810733 0.999977 -0.00214841 -0.00648482 0.00214196 0.999997 -0.00100091 0.00648696 0.000987 0.999978 3.29412 1.39009 0 1 1999 0 0 0 
20170507012815 0.00286973 0.283364 0.163714 0 0 0 0.999984 -0.0028571 0.00494574 0.00285731 0.999996 -3.59548e-05 -0.00494562 5.00857e-05 0.999988 0.00286973 0.283364 0.163714 -0.988361 -0.132637 -0.0745019 0.999984 -0.0028571 0.00494574 0.00285731 0.999996 -3.59548e-05 -0.00494562 5.00857e-05 0.999988 3.18185 1.33582 0 1 1997 0 0 0 
20170507012815 -0.0278197 0.344064 0.0103274 0 0 0 0.999982 -0.000183164 0.00600493 0.000180245 1 0.000486627 -0.00600502 -0.000485536 0.999982 -0.0278197 0.344064 0.0103274 -0.989765 -0.135505 0.0447596 0.999982 -0.000183164 0.00600493 0.000180245 1 0.000486627 -0.00600502 -0.000485536 0.999982 3.14723 1.41651 0 1 1995 0 0 0 
20170507012815 -0.100219 0.484843 0.0136771 0 0 0 0.999964 -0.000253511 0.00846157 0.000238702 0.999998 0.00175116 -0.008462 -0.00174908 0.999963 -0.100219 0.484843 0.0136771 0.959108 0.276099 0.0622967 0.999964 -0.000253511 0.00846157 0.000238702 0.999998 0.00175116 -0.008462 -0.00174908 0.999963 2.79792 1.48186 0 1 1995 0 0 0 
20170507012816 0.0537861 0.454148 0.0491867 0 0 0 0.999968 -0.000851029 0.0079271 0.000858443 0.999999 -0.000931939 -0.0079263 0.000938714 0.999968 0.0537861 0.454148 0.0491867 -0.907043 -0.36328 -0.21284 0.999968 -0.000851029 0.0079271 0.000858443 0.999999 -0.000931939 -0.0079263 0.000938714 0.999968 3.42258 1.49231 0 1 1992 0 0 0 
20170507012816 0.0147015 0.211459 0.0525995 0 0 0 0.999993 -0.000917087 0.00369088 0.000918028 1 -0.000253202 -0.00369065 0.000256588 0.999993 0.0147015 0.211459 0.0525995 -0.892663 -0.354214 -0.27872 0.999993 -0.000917087 0.00369088 0.000918028 1 -0.000253202 -0.00369065 0.000256588 0.999993 3.4985 1.6442 0 1 1987 0 0 0 
20170507012816 0.0735688 0.170705 0.0585124 0 0 0 0.999995 -0.00101741 0.00298066 0.00102123 0.999999 -0.00128097 -0.00297935 0.00128401 0.999995 0.0735688 0.170705 0.0585124 -0.765008 -0.482602 -0.426448 0.999995 -0.00101741 0.00298066 0.00102123 0.999999 -0.00128097 -0.00297935 0.00128401 0.999995 3.88768 1.47508 0 1 1984 0 0 0 
20170507012816 -0.11206 0.280437 0.0184803 0 0 0 0.999988 -0.000332114 0.00489389 0.000322538 0.999998 0.0019574 -0.00489453 -0.0019558 0.999986 -0.11206 0.280437 0.0184803 0.748411 0.578143 0.325011 0.999988 -0.000332114 0.00489389 0.000322538 0.999998 0.0019574 -0.00489453 -0.0019558 0.999986 2.77728 1.23114 0 1 1984 0 0 0 
20170507012816 0.275229 -0.116553 0.127659 0 0 0 0.999995 -0.00223781 -0.00202349 0.00222806 0.999986 -0.00480815 0.00203423 0.00480362 0.999986 0.275229 -0.116553 0.127659 -0.00111801 -0.161613 -0.986854 0.999995 -0.00223781 -0.00202349 0.00222806 0.999986 -0.00480815 0.00203423 0.00480362 0.999986 2.26225 0.982056 0 1 1984 0 0 0 
20170507012817 0.301029 0.0278595 0.117023 0 0 0 0.999998 -0.00203986 0.000496964 0.00204244 0.999984 -0.00525293 -0.000486241 0.00525393 0.999986 0.301029 0.0278595 0.117023 0.0137672 -0.271528 -0.962332 0.999998 -0.00203986 0.000496964 0.00204244 0.999984 -0.00525293 -0.000486241 0.00525393 0.999986 2.29074 0.687563 0 1 1984 0 0 0 
20170507012817 0.467806 0.267664 -0.00389564 0 0 0 0.999989 0.000106131 0.00467089 -6.79909e-05 0.999967 -0.00816499 -0.0046716 0.00816458 0.999956 0.467806 0.267664 -0.00389564 -0.307935 0.430547 0.848414 0.999989 0.000106131 0.00467089 -6.79909e-05 0.999967 -0.00816499 -0.0046716 0.00816458 0.999956 3.24963 0.561276 0 1 1984 0 0 0 
20170507012817 0.371483 0.36261 -0.143089 0 0 0 0.999977 0.00253836 0.00631236 -0.00249733 0.999976 -0.00649934 -0.0063287 0.00648343 0.999959 0.371483 0.36261 -0.143089 -0.755228 -0.12573 0.643291 0.999977 0.00253836 0.00631236 -0.00249733 0.999976 -0.00649934 -0.0063287 0.00648343 0.999959 3.75379 0.717806 0 1 1984 0 0 0 
20170507012817 0.330328 0.660372 0.524459 0 0 0 0.999892 -0.00908682 0.0115775 0.00915281 0.999942 -0.00565955 -0.0115254 0.0057649 0.999917 0.330328 0.660372 0.524459 0.0977752 0.744023 -0.660961 0.999892 -0.00908682 0.0115775 0.00915281 0.999942 -0.00565955 -0.0115254 0.0057649 0.999917 5.33203 1.19304 0 1 1984 0 0 0 
20170507012817 0.0268893 0.483537 0.162379 0 0 0 0.99996 -0.00283009 0.0084405 0.00283395 0.999996 -0.000445387 -0.0084392 0.000469289 0.999964 0.0268893 0.483537 0.162379 0.0395563 -0.498785 0.865823 0.99996 -0.00283009 0.0084405 0.00283395 0.999996 -0.000445387 -0.0084392 0.000469289 0.999964 5.76051 1.65035 0 1 1984 0 0 0 
20170507012818 0.119404 0.670542 0.0615326 0 0 0 0.999931 -0.00104956 0.0117051 0.00107387 0.999997 -0.00207143 -0.0117029 0.00208385 0.999929 0.119404 0.670542 0.0615326 -0.0359465 -0.420593 0.906537 0.999931 -0.00104956 0.0117051 0.00107387 0.999997 -0.00207143 -0.0117029 0.00208385 0.999929 7.95915 2.35962 0 1 1984 0 0 0 
20170507012818 -0.152774 0.727904 0.0293832 0 0 0 0.999919 -0.000546705 0.0127026 0.000512792 0.999996 0.00267292 -0.012704 -0.00266619 0.999916 -0.152774 0.727904 0.0293832 -0.0228817 -0.455339 0.890024 0.999919 -0.000546705 0.0127026 0.000512792 0.999996 0.00267292 -0.012704 -0.00266619 0.999916 8.86021 2.84014 0 1 1984 0 0 0 
20170507012818 -0.843038 0.62695 -0.0676386 0 0 0 0.999939 0.00101939 0.0109583 -0.00118045 0.999891 0.0147003 -0.0109421 -0.0147124 0.999832 -0.843038 0.62695 -0.0676386 0.0176355 -0.544195 0.838773 0.999939 0.00101939 0.0109583 -0.00118045 0.999891 0.0147003 -0.0109421 -0.0147124 0.999832 9.48389 3.4404 0 1 1984 0 0 0 
20170507012818 0.51046 0.29551 0.028259 0 0 0 0.999987 -0.000447243 0.00516178 0.000493205 0.99996 -0.00890655 -0.00515759 0.00890898 0.999947 0.51046 0.29551 0.028259 0.0112939 -0.217298 0.97604 0.999987 -0.000447243 0.00516178 0.000493205 0.99996 -0.00890655 -0.00515759 0.00890898 0.999947 11.9847 4.24526 0 1 1984 0 0 0 
20170507012818 0.438139 -0.36968 0.101109 0 0 0 0.999978 -0.00181397 -0.00643839 0.00176465 0.999969 -0.00765826 0.00645209 0.00764673 0.99995 0.438139 -0.36968 0.101109 0.013107 -0.123853 0.992214 0.999978 -0.00181397 -0.00643839 0.00176465 0.999969 -0.00765826 0.00645209 0.00764673 0.99995 12.0129 4.32067 0 1 1984 0 0 0 
20170507012819 0.811996 -0.223528 -0.0678191 0 0 0 0.999992 0.00112826 -0.00391768 -0.00118366 0.999899 -0.0141669 0.0039013 0.0141714 0.999892 0.811996 -0.223528 -0.0678191 -0.193947 -0.0531988 0.979569 0.999992 0.00112826 -0.00391768 -0.00118366 0.999899 -0.0141669 0.0039013 0.0141714 0.999892 14.9282 4.97205 0 1 1984 0 0 0 
20170507012819 0.999551 -0.783159 0.0600733 -0.163294 0.00342501 0.986572 0.999906 -0.00128675 -0.0136479 0.00104838 0.999847 -0.0174589 0.0136683 0.0174429 0.999754 0.999551 -0.783159 0.0600733 -0.163294 0.00342501 0.986572 0.999906 -0.00128675 -0.0136479 0.00104838 0.999847 -0.0174589 0.0136683 0.0174429 0.999754 17.2748 5.94576 1 1 1984 0 0 0 
20170507012819 0.54993 -0.192108 0.145182 -0.31744 -0.109569 0.941927 0.999991 -0.00256597 -0.00332843 0.00253389 0.999951 -0.0096064 0.00335291 0.00959788 0.999948 0.54993 -0.192108 0.145182 -0.31744 -0.109569 0.941927 0.999991 -0.00256597 -0.00332843 0.00253389 0.999951 -0.0096064 0.00335291 0.00959788 0.999948 19.9408 7.20683 1 1 1984 0 0 0 
20170507012819 0.517921 -0.225289 0.203887 -0.305994 -0.0991364 0.946858 0.999986 -0.0035939 -0.00389967 0.00355847 0.999953 -0.00905324 0.00393202 0.00903924 0.999951 0.517921 -0.225289 0.203887 -0.305994 -0.0991364 0.946858 0.999986 -0.0035939 -0.00389967 0.00355847 0.999953 -0.00905324 0.00393202 0.00903924 0.999951 21.9237 8.10211 1 1 1984 0 0 0 
20170507012819 0.555706 -0.171625 0.192992 -0.298003 -0.0955791 0.949768 0.99999 -0.00339723 -0.00296258 0.00336833 0.999947 -0.00970878 0.00299541 0.00969871 0.999948 0.555706 -0.171625 0.192992 -0.298003 -0.0955791 0.949768 0.99999 -0.00339723 -0.00296258 0.00336833 0.999947 -0.00970878 0.00299541 0.00969871 0.999948 23.3841 8.6274 1 1 1984 0 0 0 
20170507012820 0.527488 -0.282323 0.100745 -0.295907 -0.117332 0.947983 0.999986 -0.00180361 -0.00491105 0.0017583 0.999956 -0.00921491 0.00492745 0.00920615 0.999945 0.527488 -0.282323 0.100745 -0.295907 -0.117332 0.947983 0.999986 -0.00180361 -0.00491105 0.0017583 0.999956 -0.00921491 0.00492745 0.00920615 0.999945 24.596 9.19602 1 1 1984 0 0 0 
20170507012820 0.532837 -0.437011 0.1417 -0.254045 -0.105759 0.961393 0.999968 -0.00254395 -0.00760385 0.00247306 0.999954 -0.00931847 0.0076272 0.00929936 0.999928 0.532837 -0.437011 0.1417 -0.254045 -0.105759 0.961393 0.999968 -0.00254395 -0.00760385 0.00247306 0.999954 -0.00931847 0.0076272 0.00929936 0.999928 24.9151 9.53283 1 1 1984 0 0 0 
20170507012820 0.557456 -0.666559 0.283433 -0.199261 -0.110026 0.97375 0.99992 -0.00505978 -0.0115846 0.00494649 0.99994 -0.00978671 0.0116334 0.00972863 0.999885 0.557456 -0.666559 0.283433 -0.199261 -0.110026 0.97375 0.99992 -0.00505978 -0.0115846 0.00494649 0.99994 -0.00978671 0.0116334 0.00972863 0.999885 25.2765 9.51359 1 1 1984 0 0 0 
20170507012820 0.770663 -0.749973 0.225352 -0.127394 -0.12036 0.984522 0.999907 -0.00410882 -0.0130349 0.00393279 0.999901 -0.0135016 0.0130891 0.013449 0.999824 0.770663 -0.749973 0.225352 -0.127394 -0.12036 0.984522 0.999907 -0.00410882 -0.0130349 0.00393279 0.999901 -0.0135016 0.0130891 0.013449 0.999824 25.1646 8.88593 1 1 1984 0 0 0 
20170507012820 0.728445 -1.43406 0.101337 -0.0272766 -0.177709 0.983705 0.999685 -0.00208669 -0.0250019 0.00176811 0.999917 -0.0127577 0.0250265 0.0127094 0.999606 0.728445 -1.43406 0.101337 -0.0272766 -0.177709 0.983705 0.999685 -0.00208669 -0.0250019 0.00176811 0.999917 -0.0127577 0.0250265 0.0127094 0.999606 24.9231 8.22961 1 1 1984 0 0 0 
20170507012821 0.406621 -0.759282 0.105003 -0.0410699 -0.302917 0.952132 0.999911 -0.00192664 -0.0132382 0.00183248 0.999973 -0.00712109 0.0132516 0.00709619 0.999887 0.406621 -0.759282 0.105003 -0.0410699 -0.302917 0.952132 0.999911 -0.00192664 -0.0132382 0.00183248 0.999973 -0.00712109 0.0132516 0.00709619 0.999887 24.7926 7.63975 1 1 1984 0 0 0 
20170507012821 0.341336 -0.525699 0.184719 -0.0189437 -0.417265 0.908588 0.999953 -0.00327854 -0.00915563 0.00322381 0.999977 -0.00598695 0.00917504 0.00595715 0.99994 0.341336 -0.525699 0.184719 -0.0189437 -0.417265 0.908588 0.999953 -0.00327854 -0.00915563 0.00322381 0.999977 -0.00598695 0.00917504 0.00595715 0.99994 25.9673 7.73613 1 1 1984 0 0 0 
20170507012821 -0.309811 -0.410604 0.543364 0.0662404 -0.61527 0.785528 0.999929 -0.00944447 -0.00721718 0.00948311 0.999941 0.005339 0.00716633 -0.00540706 0.99996 -0.309811 -0.410604 0.543364 0.0662404 -0.61527 0.785528 0.999929 -0.00944447 -0.00721718 0.00948311 0.999941 0.005339 0.00716633 -0.00540706 0.99996 28.7602 7.90766 1 1 1982 0 0 0 
20170507012821 -0.294745 -0.759336 0.123017 0.0884692 -0.686194 0.722019 0.99991 -0.00207885 -0.0132634 0.00214686 0.999985 0.00511578 0.0132525 -0.0051438 0.999899 -0.294745 -0.759336 0.123017 0.0884692 -0.686194 0.722019 0.99991 -0.00207885 -0.0132634 0.00214686 0.999985 0.00511578 0.0132525 -0.0051438 0.999899 31.5355 8.04667 1 1 1973 0 0 0 
20170507012821 1.51724 -0.985722 0.205871 0.100925 -0.583116 0.806096 0.999846 -0.00404735 -0.017102 0.00359258 0.999641 -0.0265394 0.0172033 0.0264739 0.999501 1.51724 -0.985722 0.205871 0.100925 -0.583116 0.806096 0.999846 -0.00404735 -0.017102 0.00359258 0.999641 -0.0265394 0.0172033 0.0264739 0.999501 33.2187 8.24282 1 1 1964 0 0 0 
20170507012822 -0.187132 -1.67427 0.320414 0.208712 -0.673314 0.709287 0.999557 -0.0054968 -0.0292351 0.00558986 0.99998 0.00310263 0.0292174 -0.00326467 0.999568 -0.187132 -1.67427 0.320414 0.208712 -0.673314 0.709287 0.999557 -0.0054968 -0.0292351 0.00558986 0.99998 0.00310263 0.0292174 -0.00326467 0.999568 34.6217 8.46186 1 1 1962 0 0 0 
20170507012822 0.0316411 -1.49849 0.187553 0.201979 -0.677716 0.70704 0.999653 -0.00328785 -0.0261487 0.00327229 0.999994 -0.000637841 0.0261506 0.000552053 0.999658 0.0316411 -1.49849 0.187553 0.201979 -0.677716 0.70704 0.999653 -0.00328785 -0.0261487 0.00327229 0.999994 -0.000637841 0.0261506 0.000552053 0.999658 36.5712 8.94645 1 1 1962 0 0 0 
20170507012822 0.112799 -1.40205 0.151989 0.202682 -0.674198 0.710195 0.999697 -0.00270088 -0.0244626 0.00265192 0.999994 -0.00203361 0.0244679 0.00196812 0.999699 0.112799 -1.40205 0.151989 0.202682 -0.674198 0.710195 0.999697 -0.00270088 -0.0244626 0.00265192 0.999994 -0.00203361 0.0244679 0.00196812 0.999699 37.9107 9.32249 1 1 1962 0 0 0 
20170507012822 0.0688682 -1.43916 0.159761 0.238935 -0.657197 0.714844 0.999681 -0.00281854 -0.0251119 0.00278748 0.999995 -0.001272 0.0251154 0.0012016 0.999684 0.0688682 -1.43916 0.159761 0.238935 -0.657197 0.714844 0.999681 -0.00281854 -0.0251119 0.00278748 0.999995 -0.001272 0.0251154 0.0012016 0.999684 38.169 9.52204 1 1 1962 0 0 0 
20170507012822 0.234331 -1.31229 0.0412164 0.237859 -0.643352 0.727682 0.999737 -0.00081302 -0.0228987 0.000719172 0.999991 -0.0041063 0.0229018 0.00408876 0.999729 0.234331 -1.31229 0.0412164 0.237859 -0.643352 0.727682 0.999737 -0.00081302 -0.0228987 0.000719172 0.999991 -0.0041063 0.0229018 0.00408876 0.999729 38.0117 9.56029 1 1 1962 0 0 0 
20170507012823 -0.0409972 -1.62988 0.126663 0.282205 -0.627376 0.725782 0.999593 -0.00219033 -0.0284444 0.00220979 0.999997 0.000652657 0.0284429 -0.000715247 0.999595 -0.0409972 -1.62988 0.126663 0.282205 -0.627376 0.725782 0.999593 -0.00219033 -0.0284444 0.00220979 0.999997 0.000652657 0.0284429 -0.000715247 0.999595 37.4973 9.49496 1 1 1962 0 0 0 
20170507012823 -0.130781 -1.5958 0.120075 0.277133 -0.625017 0.729761 0.99961 -0.00203213 -0.027853 0.00209488 0.999995 0.0022242 0.0278484 -0.00228168 0.99961 -0.130781 -1.5958 0.120075 0.277133 -0.625017 0.729761 0.99961 -0.00203213 -0.027853 0.00209488 0.999995 0.0022242 0.0278484 -0.00228168 0.99961 37.529 9.56218 1 1 1962 0 0 0 
20170507012823 -0.0526262 -1.42054 0.18737 0.221432 -0.625272 0.748333 0.999687 -0.00324745 -0.0247934 0.00326922 0.999994 0.000837424 0.0247906 -0.000918218 0.999692 -0.0526262 -1.42054 0.18737 0.221432 -0.625272 0.748333 0.999687 -0.00324745 -0.0247934 0.00326922 0.999994 0.000837424 0.0247906 -0.000918218 0.999692 37.8164 9.64193 1 1 1962 0 0 0 
20170507012823 1.02155 -0.796332 0.620506 0.144648 -0.530307 0.835375 0.999845 -0.0110757 -0.0137021 0.0108286 0.99978 -0.0179779 0.0138982 0.0178268 0.999744 1.02155 -0.796332 0.620506 0.144648 -0.530307 0.835375 0.999845 -0.0110757 -0.0137021 0.0108286 0.99978 -0.0179779 0.0138982 0.0178268 0.999744 38.3248 9.75325 1 1 1962 0 0 0 
20170507012823 1.36979 -1.27312 0.0663147 0.0836129 -0.496354 0.864084 0.999752 -0.00168821 -0.0221843 0.00115712 0.999713 -0.0239307 0.0222183 0.0238991 0.999467 1.36979 -1.27312 0.0663147 0.0836129 -0.496354 0.864084 0.999752 -0.00168821 -0.0221843 0.00115712 0.999713 -0.0239307 0.0222183 0.0238991 0.999467 38.1469 9.95084 1 1 1962 0 0 0 
20170507012824 0.112831 -1.18301 0.199865 0.00358506 -0.58252 0.812808 0.999781 -0.00352894 -0.020639 0.00348755 0.999992 -0.00204128 0.020646 0.00196886 0.999785 0.112831 -1.18301 0.199865 0.00358506 -0.58252 0.812808 0.999781 -0.00352894 -0.020639 0.00348755 0.999992 -0.00204128 0.020646 0.00196886 0.999785 38.1656 10.1824 1 1 1962 0 0 0 
20170507012824 0.465798 -0.889489 0.590897 -0.0700666 -0.54031 0.838544 0.999826 -0.0104388 -0.0154387 0.0103117 0.999912 -0.00828927 0.0155239 0.00812863 0.999846 0.465798 -0.889489 0.590897 -0.0700666 -0.54031 0.838544 0.999826 -0.0104388 -0.0154387 0.0103117 0.999912 -0.00828927 0.0155239 0.00812863 0.999846 38.7432 10.5385 1 1 1962 0 0 0 
20170507012824 1.84001 -0.739298 0.308458 -0.25472 -0.330732 0.908699 0.999902 -0.0057951 -0.0127231 0.00538314 0.999468 -0.0321777 0.0129028 0.032106 0.999401 1.84001 -0.739298 0.308458 -0.25472 -0.330732 0.908699 0.999902 -0.0057951 -0.0127231 0.00538314 0.999468 -0.0321777 0.0129028 0.032106 0.999401 39.6726 11.1444 1 1 1960 0 0 0 
20170507012824 1.39669 -1.26828 0.2605 -0.161105 -0.346016 0.924293 0.999745 -0.00508471 -0.0220162 0.00454545 0.99969 -0.0244748 0.0221338 0.0243685 0.999458 1.39669 -1.26828 0.2605 -0.161105 -0.346016 0.924293 0.999745 -0.00508471 -0.0220162 0.00454545 0.99969 -0.0244748 0.0221338 0.0243685 0.999458 40.075 11.7 1 1 1960 0 0 0 
20170507012824 -0.9115 -2.19317 -0.25831 -0.105993 -0.51606 0.849969 0.999257 0.00511654 -0.0381917 -0.00450504 0.999861 0.0160803 0.0382687 -0.0158963 0.999141 -0.9115 -2.19317 -0.25831 -0.105993 -0.51606 0.849969 0.999257 0.00511654 -0.0381917 -0.00450504 0.999861 0.0160803 0.0382687 -0.0158963 0.999141 40.6585 12.4746 1 1 1960 0 0 0 
20170507012825 0.206346 -0.636201 0.970545 -0.300827 -0.441256 0.845456 0.999795 -0.0169783 -0.0110409 0.0169373 0.999849 -0.00378897 0.0111036 0.00360119 0.999932 0.206346 -0.636201 0.970545 -0.300827 -0.441256 0.845456 0.999795 -0.0169783 -0.0110409 0.0169373 0.999849 -0.00378897 0.0111036 0.00360119 0.999932 41.3157 13.1017 1 1 1960 0 0 0 
20170507012825 0.0455876 -0.729646 1.02683 -0.324401 -0.447647 0.833293 0.999758 -0.0179307 -0.0127181 0.0179191 0.999839 -0.00102373 0.0127344 0.00079559 0.999919 0.0455876 -0.729646 1.02683 -0.324401 -0.447647 0.833293 0.999758 -0.0179307 -0.0127181 0.0179191 0.999839 -0.00102373 0.0127344 0.00079559 0.999919 41.4682 13.5592 1 1 1960 0 0 0 
20170507012825 0.0367449 -0.738123 0.994793 -0.342515 -0.429605 0.835538 0.999766 -0.0173698 -0.0128692 0.0173601 0.999849 -0.000864879 0.0128823 0.000641266 0.999917 0.0367449 -0.738123 0.994793 -0.342515 -0.429605 0.835538 0.999766 -0.0173698 -0.0128692 0.0173601 0.999849 -0.000864879 0.0128823 0.000641266 0.999917 41.3967 13.6779 1 1 1960 0 0 0 
20170507012825 1.08753 -0.297341 -0.044479 -0.475985 -0.319634 0.819312 0.999986 0.000677669 -0.00520335 -0.000776295 0.99982 -0.0189758 0.00518955 0.0189796 0.999806 1.08753 -0.297341 -0.044479 -0.475985 -0.319634 0.819312 0.999986 0.000677669 -0.00520335 -0.000776295 0.99982 -0.0189758 0.00518955 0.0189796 0.999806 41.4873 13.7931 1 1 1960 0 0 0 
20170507012826 0.844391 -0.721151 0.695371 -0.368614 -0.346528 0.862579 0.999847 -0.0123204 -0.012405 0.0121353 0.999816 -0.0148885 0.0125861 0.0147357 0.999812 0.844391 -0.721151 0.695371 -0.368614 -0.346528 0.862579 0.999847 -0.0123204 -0.012405 0.0121353 0.999816 -0.0148885 0.0125861 0.0147357 0.999812 41.9811 14.2484 1 1 1960 0 0 0 
20170507012826 0.175738 -0.672098 1.03676 -0.371481 -0.396995 0.839283 0.999768 -0.0181298 -0.0116726 0.0180927 0.999831 -0.00327894 0.01173 0.00306699 0.999926 0.175738 -0.672098 1.03676 -0.371481 -0.396995 0.839283 0.999768 -0.0181298 -0.0116726 0.0180927 0.999831 -0.00327894 0.01173 0.00306699 0.999926 42.1188 14.1936 1 1 1960 0 0 0 
20170507012826 0.473954 -0.571509 0.894854 -0.360277 -0.369207 0.856672 0.999828 -0.0156995 -0.0098438 0.0156167 0.999843 -0.00842673 0.00997454 0.00827156 0.999916 0.473954 -0.571509 0.894854 -0.360277 -0.369207 0.856672 0.999828 -0.0156995 -0.0098438 0.0156167 0.999843 -0.00842673 0.00997454 0.00827156 0.999916 42.6002 14.2576 1 1 1960 0 0 0 
20170507012826 0.637366 -0.676444 1.00068 -0.343546 -0.369801 0.863263 0.999778 -0.0175946 -0.0116091 0.0174631 0.999783 -0.0113284 0.0118059 0.0111231 0.999868 0.637366 -0.676444 1.00068 -0.343546 -0.369801 0.863263 0.999778 -0.0175946 -0.0116091 0.0174631 0.999783 -0.0113284 0.0118059 0.0111231 0.999868 43.0901 14.0418 1 1 1960 0 0 0 
20170507012826 1.23664 -0.734201 0.857944 -0.332577 -0.320171 0.887064 0.999806 -0.0152464 -0.0124863 0.0149722 0.999651 -0.0217711 0.0128139 0.0215799 0.999685 1.23664 -0.734201 0.857944 -0.332577 -0.320171 0.887064 0.999806 -0.0152464 -0.0124863 0.0149722 0.999651 -0.0217711 0.0128139 0.0215799 0.999685 43.0462 13.6004 1 1 1960 0 0 0 
20170507012827 2.22543 -0.693258 0.515639 -0.309624 -0.214897 0.926257 0.999886 -0.00946251 -0.0117403 0.00899883 0.999201 -0.0389386 0.0120993 0.0388285 0.999173 2.22543 -0.693258 0.515639 -0.309624 -0.214897 0.926257 0.999886 -0.00946251 -0.0117403 0.00899883 0.999201 -0.0389386 0.0120993 0.0388285 0.999173 42.7808 13.2772 1 1 1960 0 0 0 
20170507012827 0.193993 -2.13179 -0.0637796 -0.0868398 -0.458683 0.884346 0.999307 0.000987211 -0.0372017 -0.00111239 0.999994 -0.0033444 0.0371982 0.00338346 0.999302 0.193993 -2.13179 -0.0637796 -0.0868398 -0.458683 0.884346 0.999307 0.000987211 -0.0372017 -0.00111239 0.999994 -0.0033444 0.0371982 0.00338346 0.999302 43.3852 12.814 1 1 1960 0 0 0 
20170507012827 0.394981 -0.76652 0.615764 -0.174302 -0.51017 0.842226 0.999853 -0.0108389 -0.0133027 0.0107459 0.999917 -0.00703703 0.0133779 0.00689305 0.999887 0.394981 -0.76652 0.615764 -0.174302 -0.51017 0.842226 0.999853 -0.0108389 -0.0133027 0.0107459 0.999917 -0.00703703 0.0133779 0.00689305 0.999887 44.0724 12.6266 1 1 1948 0 0 0 
20170507012827 1.7184 -1.14099 0.693213 -0.0977588 -0.418994 0.902711 0.999729 -0.0126902 -0.0195395 0.0120961 0.99947 -0.0302258 0.0199127 0.0299813 0.999352 1.7184 -1.14099 0.693213 -0.0977588 -0.418994 0.902711 0.999729 -0.0126902 -0.0195395 0.0120961 0.99947 -0.0302258 0.0199127 0.0299813 0.999352 44.4557 12.5655 1 1 1940 0 0 0 
20170507012827 0.735517 -1.55184 1.13327 0.0202499 -0.469925 0.882474 0.999438 -0.0201239 -0.0268199 0.0197707 0.999715 -0.0133699 0.0270813 0.0128321 0.999551 0.735517 -1.55184 1.13327 0.0202499 -0.469925 0.882474 0.999438 -0.0201239 -0.0268199 0.0197707 0.999715 -0.0133699 0.0270813 0.0128321 0.999551 44.8241 12.7653 1 1 1937 0 0 0 
20170507012828 1.73851 -1.33713 0.389711 0.0211091 -0.43601 0.899694 0.999705 -0.00750649 -0.0231176 0.00679983 0.999512 -0.030496 0.0233352 0.0303298 0.999268 1.73851 -1.33713 0.389711 0.0211091 -0.43601 0.899694 0.999705 -0.00750649 -0.0231176 0.00679983 0.999512 -0.030496 0.0233352 0.0303298 0.999268 45.4681 12.9872 1 1 1924 0 0 0 
20170507012828 1.07136 -2.10411 -0.0326291 0.142336 -0.494384 0.857511 0.999326 -0.000117107 -0.0367196 -0.000569102 0.999825 -0.0186768 0.0367153 0.0186851 0.999151 1.07136 -2.10411 -0.0326291 0.142336 -0.494384 0.857511 0.999326 -0.000117107 -0.0367196 -0.000569102 0.999825 -0.0186768 0.0367153 0.0186851 0.999151 46.0875 13.2744 1 1 1911 0 0 0 
20170507012828 -0.974937 -3.23659 -0.272969 0.238632 -0.592136 0.769694 0.998394 0.00572415 -0.0563692 -0.0047566 0.999839 0.0172838 0.0564591 -0.0169879 0.99826 -0.974937 -3.23659 -0.272969 0.238632 -0.592136 0.769694 0.998394 0.00572415 -0.0563692 -0.0047566 0.999839 0.0172838 0.0564591 -0.0169879 0.99826 46.0122 13.2743 1 1 1910 0 0 0 
20170507012828 1.15633 -3.12319 -0.0957195 0.275989 -0.432517 0.858347 0.998513 0.000570795 -0.0545056 -0.00166814 0.999797 -0.0200893 0.054483 0.0201504 0.998311 1.15633 -3.12319 -0.0957195 0.275989 -0.432517 0.858347 0.998513 0.000570795 -0.0545056 -0.00166814 0.999797 -0.0200893 0.054483 0.0201504 0.998311 45.658 13.2466 1 1 1909 0 0 0 
20170507012829 1.03549 -3.19641 0.188615 0.299293 -0.410823 0.86119 0.998439 -0.00429906 -0.05569 0.00328683 0.999828 -0.0182551 0.0557589 0.0180436 0.998281 1.03549 -3.19641 0.188615 0.299293 -0.410823 0.86119 0.998439 -0.00429906 -0.05569 0.00328683 0.999828 -0.0182551 0.0557589 0.0180436 0.998281 44.8643 13.1103 1 1 1909 0 0 0 
20170507012829 -0.873275 -2.98683 -0.276283 0.271115 -0.552265 0.788352 0.99863 0.0056156 -0.0520262 -0.00481547 0.999868 0.015492 0.0521064 -0.0152202 0.998526 -0.873275 -2.98683 -0.276283 0.271115 -0.552265 0.788352 0.99863 0.0056156 -0.0520262 -0.00481547 0.999868 0.015492 0.0521064 -0.0152202 0.998526 43.9957 12.969 1 1 1909 0 0 0 
20170507012829 -0.87514 -2.79172 -0.278015 0.274134 -0.541856 0.794508 0.998801 0.00559559 -0.0486251 -0.0048465 0.999868 0.0155096 0.0487055 -0.0152554 0.998697 -0.87514 -2.79172 -0.278015 0.274134 -0.541856 0.794508 0.998801 0.00559559 -0.0486251 -0.0048465 0.999868 0.0155096 0.0487055 -0.0152554 0.998697 43.5605 12.7572 1 1 1909 0 0 0 
20170507012829 1.29212 -3.00306 0.00611792 0.329183 -0.335084 0.882812 0.998627 -0.00128812 -0.0523736 0.000106631 0.999746 -0.0225554 0.0523893 0.0225189 0.998373 1.29212 -3.00306 0.00611792 0.329183 -0.335084 0.882812 0.998627 -0.00128812 -0.0523736 0.000106631 0.999746 -0.0225554 0.0523893 0.0225189 0.998373 43.3367 12.8681 1 1 1909 0 0 0 
20170507012829 0.641493 -1.58573 1.27568 0.217385 -0.337766 0.915782 0.999369 -0.0225713 -0.0274148 0.0222545 0.999683 -0.0118092 0.0276727 0.0111916 0.999554 0.641493 -1.58573 1.27568 0.217385 -0.337766 0.915782 0.999369 -0.0225713 -0.0274148 0.0222545 0.999683 -0.0118092 0.0276727 0.0111916 0.999554 42.9143 12.8141 1 1 1909 0 0 0 
20170507012830 -0.957222 -2.65281 -0.386331 0.230559 -0.505675 0.831346 0.998906 0.00751495 -0.0461635 -0.00673547 0.999833 0.0170175 0.0462837 -0.016688 0.998789 -0.957222 -2.65281 -0.386331 0.230559 -0.505675 0.831346 0.998906 0.00751495 -0.0461635 -0.00673547 0.999833 0.0170175 0.0462837 -0.016688 0.998789 42.3435 12.801 1 1 1909 0 0 0 
20170507012830 -0.686397 -2.53391 0.10531 0.192746 -0.450951 0.871488 0.999021 -0.00130824 -0.0442295 0.0018362 0.999928 0.0118983 0.0442107 -0.0119679 0.998951 -0.686397 -2.53391 0.10531 0.192746 -0.450951 0.871488 0.999021 -0.00130824 -0.0442295 0.0018362 0.999928 0.0118983 0.0442107 -0.0119679 0.998951 41.7616 12.7616 1 1 1909 0 0 0 
20170507012830 -0.489237 -2.52195 0.397881 0.161476 -0.412153 0.896691 0.999007 -0.00656831 -0.0440588 0.00693755 0.999942 0.00823293 0.0440022 -0.00853041 0.998995 -0.489237 -2.52195 0.397881 0.161476 -0.412153 0.896691 0.999007 -0.00656831 -0.0440588 0.00693755 0.999942 0.00823293 0.0440022 -0.00853041 0.998995 41.2061 12.8521 1 1 1909 0 0 0 
20170507012830 1.64423 -2.4057 0.74018 0.137887 -0.234566 0.962271 0.999035 -0.0141172 -0.0415835 0.0129068 0.999489 -0.0292329 0.041975 0.028668 0.998707 1.64423 -2.4057 0.74018 0.137887 -0.234566 0.962271 0.999035 -0.0141172 -0.0415835 0.0129068 0.999489 -0.0292329 0.041975 0.028668 0.998707 40.7357 13.0887 1 1 1909 0 0 0 
20170507012830 1.44986 -2.52001 0.684418 0.118521 -0.254401 0.959809 0.998962 -0.0130537 -0.0436488 0.0119335 0.999595 -0.0258253 0.0439683 0.0252776 0.998713 1.44986 -2.52001 0.684418 0.118521 -0.254401 0.959809 0.998962 -0.0130537 -0.0436488 0.0119335 0.999595 -0.0258253 0.0439683 0.0252776 0.998713 40.5919 13.0647 1 1 1909 0 0 0 
20170507012831 0.94779 -2.23995 0.168923 0.0513383 -0.33476 0.940904 0.999232 -0.00359436 -0.0390302 0.00294601 0.999857 -0.0166564 0.0390845 0.0165287 0.999099 0.94779 -2.23995 0.168923 0.0513383 -0.33476 0.940904 0.999232 -0.00359436 -0.0390302 0.00294601 0.999857 -0.0166564 0.0390845 0.0165287 0.999099 40.5746 13.2148 1 1 1909 0 0 0 
20170507012831 0.193192 -2.37983 0.217895 0.0304271 -0.417437 0.908196 0.99913 -0.00394297 -0.0415106 0.0037997 0.999987 -0.00352973 0.0415239 0.00336893 0.999132 0.193192 -2.37983 0.217895 0.0304271 -0.417437 0.908196 0.99913 -0.00394297 -0.0415106 0.0037997 0.999987 -0.00352973 0.0415239 0.00336893 0.999132 41.2617 13.1975 1 1 1909 0 0 0 
20170507012831 0.596295 -2.91443 0.0305751 0.00460049 -0.405105 0.914259 0.998706 -0.00106275 -0.0508361 0.000532947 0.999945 -0.0104343 0.0508444 0.0103937 0.998653 0.596295 -2.91443 0.0305751 0.00460049 -0.405105 0.914259 0.998706 -0.00106275 -0.0508361 0.000532947 0.999945 -0.0104343 0.0508444 0.0103937 0.998653 40.7644 13.1273 1 1 1909 0 0 0 
20170507012831 -0.148989 -3.0022 0.073175 -0.0154058 -0.472193 0.881361 0.998627 -0.00114095 -0.0523774 0.00127539 0.999996 0.00253346 0.0523743 -0.00259678 0.998624 -0.148989 -3.0022 0.073175 -0.0154058 -0.472193 0.881361 0.998627 -0.00114095 -0.0523774 0.00127539 0.999996 0.00253346 0.0523743 -0.00259678 0.998624 41.5206 13.0616 1 1 1909 0 0 0 
20170507012831 0.0722108 -1.70752 0.77927 -0.0999665 -0.451605 0.8866 0.999464 -0.0136379 -0.0297774 0.0135944 0.999906 -0.00166546 0.0297974 0.00125976 0.999555 0.0722108 -1.70752 0.77927 -0.0999665 -0.451605 0.8866 0.999464 -0.0136379 -0.0297774 0.0135944 0.999906 -0.00166546 0.0297974 0.00125976 0.999555 42.1132 13.1973 1 1 1908 0 0 0 
20170507012832 0.106542 -1.66765 0.78796 -0.11666 -0.467978 0.876007 0.999482 -0.0138062 -0.0290734 0.0137462 0.999903 -0.00225953 0.0291018 0.00185871 0.999575 0.106542 -1.66765 0.78796 -0.11666 -0.467978 0.876007 0.999482 -0.0138062 -0.0290734 0.0137462 0.999903 -0.00225953 0.0291018 0.00185871 0.999575 42.6577 13.1357 1 1 1908 0 0 0 
20170507012832 0.191592 -1.3444 0.767198 -0.163542 -0.480965 0.861352 0.999635 -0.0134681 -0.0234151 0.013386 0.999904 -0.00365776 0.0234621 0.00334299 0.999719 0.191592 -1.3444 0.767198 -0.163542 -0.480965 0.861352 0.999635 -0.0134681 -0.0234151 0.013386 0.999904 -0.00365776 0.0234621 0.00334299 0.999719 43.99 13.1568 1 1 1908 0 0 0 
20170507012832 0.28663 -1.14126 0.73951 -0.179642 -0.488627 0.853799 0.999718 -0.013006 -0.019851 0.012904 0.999903 -0.00525926 0.0199175 0.00500162 0.999789 0.28663 -1.14126 0.73951 -0.179642 -0.488627 0.853799 0.999718 -0.013006 -0.019851 0.012904 0.999903 -0.00525926 0.0199175 0.00500162 0.999789 44.4882 13.0418 1 1 1908 0 0 0 
20170507012832 0.281248 -0.967903 0.714252 -0.198966 -0.493425 0.846725 0.99978 -0.0125485 -0.0168296 0.012464 0.999909 -0.00511887 0.0168923 0.00490798 0.999845 0.281248 -0.967903 0.714252 -0.198966 -0.493425 0.846725 0.99978 -0.0125485 -0.0168296 0.012464 0.999909 -0.00511887 0.0168923 0.00490798 0.999845 44.5075 12.9328 1 1 1908 0 0 0 
20170507012832 1.35644 -1.01124 0.125486 -0.262628 -0.419846 0.868767 0.999842 -0.0026073 -0.0175916 0.0021898 0.999716 -0.0237108 0.0176485 0.0236685 0.999564 1.35644 -1.01124 0.125486 -0.262628 -0.419846 0.868767 0.999842 -0.0026073 -0.0175916 0.0021898 0.999716 -0.0237108 0.0176485 0.0236685 0.999564 44.6251 12.8719 1 1 1907 0 0 0 
20170507012833 1.29077 -0.982541 0.104628 -0.288015 -0.420759 0.860238 0.999851 -0.00221192 -0.0171022 0.00182584 0.999744 -0.0225575 0.0171477 0.0225229 0.999599 1.29077 -0.982541 0.104628 -0.288015 -0.420759 0.860238 0.999851 -0.00221192 -0.0171022 0.00182584 0.999744 -0.0225575 0.0171477 0.0225229 0.999599 44.0498 12.7806 1 1 1907 0 0 0 
20170507012833 1.34313 -0.949088 0.0236274 -0.310337 -0.413942 0.85577 0.999863 -0.00080052 -0.0165497 0.000412319 0.999725 -0.0234467 0.016564 0.0234367 0.999588 1.34313 -0.949088 0.0236274 -0.310337 -0.413942 0.85577 0.999863 -0.00080052 -0.0165497 0.000412319 0.999725 -0.0234467 0.016564 0.0234367 0.999588 43.2983 12.5892 1 1 1907 0 0 0 
20170507012833 1.18638 -0.487896 0.00760077 -0.375656 -0.411459 0.830412 0.999964 -0.000308937 -0.00851071 0.000132654 0.999786 -0.0207059 0.00851528 0.0207041 0.999749 1.18638 -0.487896 0.00760077 -0.375656 -0.411459 0.830412 0.999964 -0.000308937 -0.00851071 0.000132654 0.999786 -0.0207059 0.00851528 0.0207041 0.999749 42.047 12.5924 1 1 1907 0 0 0 
20170507012833 0.664251 -0.435588 0.00621291 -0.376204 -0.443594 0.813446 0.999971 -0.000196564 -0.00760061 0.000108433 0.999933 -0.0115939 0.00760238 0.0115928 0.999904 0.664251 -0.435588 0.00621291 -0.376204 -0.443594 0.813446 0.999971 -0.000196564 -0.00760061 0.000108433 0.999933 -0.0115939 0.00760238 0.0115928 0.999904 40.0911 11.9915 1 1 1907 0 0 0 
20170507012833 0.905575 -0.22371 0.346778 -0.398108 -0.372437 0.838332 0.999974 -0.00611334 -0.00380825 0.00605234 0.999856 -0.0158279 0.00390447 0.0158045 0.999867 0.905575 -0.22371 0.346778 -0.398108 -0.372437 0.838332 0.999974 -0.00611334 -0.00380825 0.00605234 0.999856 -0.0158279 0.00390447 0.0158045 0.999867 38.0673 11.3088 1 1 1907 0 0 0 
20170507012834 0.981889 0.0775735 -0.0374461 -0.490039 -0.371039 0.788792 0.999999 0.000676662 0.00134251 -0.000653556 0.999853 -0.0171372 -0.00135391 0.0171363 0.999852 0.981889 0.0775735 -0.0374461 -0.490039 -0.371039 0.788792 0.999999 0.000676662 0.00134251 -0.000653556 0.999853 -0.0171372 -0.00135391 0.0171363 0.999852 35.9464 10.7834 1 1 1907 0 0 0 
20170507012834 0.667182 0.175194 0.166276 -0.47018 -0.400563 0.786435 0.999991 -0.00286625 0.00309128 0.00290204 0.999928 -0.0116353 -0.0030577 0.0116442 0.999928 0.667182 0.175194 0.166276 -0.47018 -0.400563 0.786435 0.999991 -0.00286625 0.00309128 0.00290204 0.999928 -0.0116353 -0.0030577 0.0116442 0.999928 34.4413 10.0832 1 1 1907 0 0 0 
20170507012834 0.605878 0.223361 0.0505744 -0.456788 -0.401353 0.79389 0.999992 -0.000841417 0.00390748 0.000882683 0.999944 -0.0105709 -0.00389837 0.0105743 0.999936 0.605878 0.223361 0.0505744 -0.456788 -0.401353 0.79389 0.999992 -0.000841417 0.00390748 0.000882683 0.999944 -0.0105709 -0.00389837 0.0105743 0.999936 32.9902 9.75443 1 1 1907 0 0 0 
20170507012834 0.874995 0.265403 0.0446269 -0.464843 -0.372471 0.803235 0.999989 -0.000708058 0.00464349 0.000778877 0.999883 -0.0152673 -0.00463214 0.0152708 0.999873 0.874995 0.265403 0.0446269 -0.464843 -0.372471 0.803235 0.999989 -0.000708058 0.00464349 0.000778877 0.999883 -0.0152673 -0.00463214 0.0152708 0.999873 31.8943 9.18223 1 1 1907 0 0 0 
20170507012834 0.668668 0.169396 0.22792 -0.365316 -0.385769 0.847187 0.999988 -0.00394317 0.00300271 0.00397793 0.999924 -0.0116583 -0.00295651 0.0116701 0.999928 0.668668 0.169396 0.22792 -0.365316 -0.385769 0.847187 0.999988 -0.00394317 0.00300271 0.00397793 0.999924 -0.0116583 -0.00295651 0.0116701 0.999928 29.9338 8.4768 1 1 1907 0 0 0 
20170507012835 -0.481319 -0.381282 0.666389 -0.185471 -0.527413 0.829117 0.99991 -0.0115741 -0.0067516 0.0116302 0.999898 0.00832255 0.00665458 -0.00840032 0.999943 -0.481319 -0.381282 0.666389 -0.185471 -0.527413 0.829117 0.99991 -0.0115741 -0.0067516 0.0116302 0.999898 0.00832255 0.00665458 -0.00840032 0.999943 28.0687 7.75263 1 1 1907 0 0 0 
20170507012835 -0.380816 -0.57141 0.458192 -0.14151 -0.527483 0.837697 0.999918 -0.00793042 -0.0100254 0.00799648 0.999946 0.00656649 0.00997282 -0.00664612 0.999928 -0.380816 -0.57141 0.458192 -0.14151 -0.527483 0.837697 0.999918 -0.00793042 -0.0100254 0.00799648 0.999946 0.00656649 0.00997282 -0.00664612 0.999928 25.7361 7.18272 1 1 1907 0 0 0 
20170507012835 -0.110247 -0.609412 0.0560507 -0.109544 -0.515618 0.849787 0.999943 -0.000957801 -0.0106379 0.000978213 0.999998 0.00191376 0.0106361 -0.00192406 0.999942 -0.110247 -0.609412 0.0560507 -0.109544 -0.515618 0.849787 0.999943 -0.000957801 -0.0106379 0.000978213 0.999998 0.00191376 0.0106361 -0.00192406 0.999942 23.6919 6.88391 1 1 1907 0 0 0 
20170507012835 -0.897269 -1.70321 -0.45563 0.112855 -0.600634 0.79152 0.999527 0.00841661 -0.0295932 -0.00794864 0.999842 0.0158955 0.0297223 -0.0156527 0.999436 -0.897269 -1.70321 -0.45563 0.112855 -0.600634 0.79152 0.999527 0.00841661 -0.0295932 -0.00794864 0.999842 0.0158955 0.0297223 -0.0156527 0.999436 22.0382 6.44262 1 1 1907 0 0 0 
20170507012835 -0.881143 -2.15558 -0.548025 0.26975 -0.604501 0.749542 0.999247 0.010142 -0.0374598 -0.00955793 0.99983 0.0157372 0.0376131 -0.0153674 0.999174 -0.881143 -2.15558 -0.548025 0.26975 -0.604501 0.749542 0.999247 0.010142 -0.0374598 -0.00955793 0.99983 0.0157372 0.0376131 -0.0153674 0.999174 19.9736 5.8833 1 1 1907 0 0 0 
20170507012836 1.38781 -1.5258 0.229455 -0.375359 0.196424 -0.905827 0.999637 -0.00464845 -0.0265221 0.00400332 0.999696 -0.0243259 0.0266271 0.0242109 0.999352 1.38781 -1.5258 0.229455 -0.375359 0.196424 -0.905827 0.999637 -0.00464845 -0.0265221 0.00400332 0.999696 -0.0243259 0.0266271 0.0242109 0.999352 18.3958 5.80106 1 1 1907 0 0 0 
20170507012836 1.4813 -1.63528 0.18221 -0.510511 0.169795 -0.84294 0.999588 -0.00391679 -0.0284452 0.00317886 0.999658 -0.0259413 0.0285371 0.0258402 0.999259 1.4813 -1.63528 0.18221 -0.510511 0.169795 -0.84294 0.999588 -0.00391679 -0.0284452 0.00317886 0.999658 -0.0259413 0.0285371 0.0258402 0.999259 17.4491 5.58541 1 1 1907 0 0 0 
20170507012836 -0.192144 -2.43396 0.165334 0.553533 -0.456583 0.696516 0.999094 -0.00274318 -0.0424771 0.00288301 0.999991 0.00323098 0.0424679 -0.00335052 0.999092 -0.192144 -2.43396 0.165334 0.553533 -0.456583 0.696516 0.999094 -0.00274318 -0.0424771 0.00288301 0.999991 0.00323098 0.0424679 -0.00335052 0.999092 17.4943 5.79155 1 1 1907 0 0 0 
20170507012836 -0.164624 -2.79225 0.779519 -0.654946 0.320707 -0.684246 0.99872 -0.0134647 -0.048749 0.0135886 0.999905 0.00221021 0.0487146 -0.00286982 0.998809 -0.164624 -2.79225 0.779519 -0.654946 0.320707 -0.684246 0.99872 -0.0134647 -0.048749 0.0135886 0.999905 0.00221021 0.0487146 -0.00286982 0.998809 19.4621 6.31431 1 1 1907 0 0 0 
20170507012836 -0.0190193 -3.08201 0.409452 -0.631237 0.362941 -0.685429 0.998528 -0.00712838 -0.0537662 0.00713589 0.999975 -5.22769e-05 0.0537652 -0.00033147 0.998554 -0.0190193 -3.08201 0.409452 -0.631237 0.362941 -0.685429 0.998528 -0.00712838 -0.0537662 0.00713589 0.999975 -5.22769e-05 0.0537652 -0.00033147 0.998554 21.0619 6.96871 1 1 1907 0 0 0 
20170507012837 -0.472517 -3.97239 0.836743 -0.698998 0.349847 -0.623706 0.997491 -0.0140317 -0.0693864 0.0145683 0.999868 0.00723437 0.0692757 -0.00822707 0.997564 -0.472517 -3.97239 0.836743 -0.698998 0.349847 -0.623706 0.997491 -0.0140317 -0.0693864 0.0145683 0.999868 0.00723437 0.0692757 -0.00822707 0.997564 21.956 7.19879 1 1 1907 0 0 0 
