20170507182019 -0.657708 0.121695 0.0286394 0 0 0 0.999998 -0.0005242 0.00211809 0.000499851 0.999934 0.01148 -0.00212397 -0.0114789 0.999932 -0.657708 0.121695 0.0286394 -0.646319 -0.739116 -0.189683 0.999998 -0.0005242 0.00211809 0.000499851 0.999934 0.01148 -0.00212397 -0.0114789 0.999932 5.48311 1.5801 0 1 2204 0 0 0 0.230065 0.00212397 10.154 0.97 -1.32 1.42454 8.3759 5.56048 0 0.230065 0 10.154 0.97 -1.32 1.42454 8.3759 5.56048 113.3 
20170507182019 -0.724365 0.457566 0.040954 0 0 0 0.999968 -0.000815685 0.00797628 0.000714759 0.99992 0.0126479 -0.00798596 -0.0126418 0.999888 -0.724365 0.457566 0.040954 -0.709061 -0.691898 -0.136054 0.999968 -0.000815685 0.00797628 0.000714759 0.99992 0.0126479 -0.00798596 -0.0126418 0.999888 4.25071 1.65527 0 1 2204 0 0 0 0.231102 0.00798604 10.154 0.98 -1.33 1.34882 8.43288 5.49283 0 0.231102 0 10.154 0.98 -1.33 1.34882 8.43288 5.49283 113.5 
20170507182019 -0.72558 0.825059 0.082099 0 0 0 0.999895 -0.00161513 0.0143802 0.00143275 0.999919 0.012684 -0.0143995 -0.0126621 0.999816 -0.72558 0.825059 0.082099 -0.774531 -0.623956 -0.103828 0.999895 -0.00161513 0.0143802 0.00143275 0.999919 0.012684 -0.0143995 -0.0126621 0.999816 3.37743 1.57627 0 1 2204 0 0 0 0.234031 0.0144 10.154 0.97 -1.33 1.36887 8.3759 5.57445 0 0.234031 0 10.154 0.97 -1.33 1.36887 8.3759 5.57445 113.2 
20170507182019 -0.654082 1.37118 0.0456292 0 0 0 0.999713 -0.0010695 0.0239187 0.000796152 0.999934 0.0114347 -0.0239293 -0.0114124 0.999649 -0.654082 1.37118 0.0456292 -0.861383 -0.498852 -0.095743 0.999713 -0.0010695 0.0239187 0.000796152 0.999934 0.0114347 -0.0239293 -0.0114124 0.999649 2.05915 1.22689 0 1 2204 0 0 0 0.262158 0.0239316 10.154 0.98 -1.33 1.34882 8.43288 5.49283 0 0.262158 0 10.154 0.98 -1.33 1.34882 8.43288 5.49283 113.2 
20170507182020 0.174061 0.0762678 0.109754 0 0 0 0.999997 -0.00191152 0.00133693 0.00191557 0.999994 -0.00303537 -0.00133112 0.00303792 0.999994 0.174061 0.0762678 0.109754 -0.0568874 -0.0571209 -0.996745 0.999997 -0.00191152 0.00133693 0.00191557 0.999994 -0.00303537 -0.00133112 0.00303792 0.999994 3.2264 1.30618 0 1 2204 0 0 0 0.266379 0.00133112 10.154 0.98 -1.33 1.34882 8.43288 5.49283 0 0.266379 0 10.154 0.98 -1.33 1.34882 8.43288 5.49283 113.2 
20170507182020 0.0633896 0.235911 -7.80354e-05 0 0 0 0.999992 5.9173e-06 0.0041174 -1.36196e-06 0.999999 -0.00110636 -0.00411741 0.00110635 0.999991 0.0633896 0.235911 -7.80354e-05 -0.0851678 -0.022424 -0.996114 0.999992 5.9173e-06 0.0041174 -1.36196e-06 0.999999 -0.00110636 -0.00411741 0.00110635 0.999991 4.27572 1.38593 0 1 2204 0 0 0 0.266053 0.00411742 10.154 0.99 -1.32 1.38269 8.48902 5.3971 0 0.266053 0 10.154 0.99 -1.32 1.38269 8.48902 5.3971 113.3 
20170507182020 -0.100608 0.260793 -0.11427 0 0 0 0.999988 0.00198639 0.00455516 -0.00199437 0.999996 0.00174686 -0.00455168 -0.00175592 0.999988 -0.100608 0.260793 -0.11427 -0.106771 0.0295213 -0.993845 0.999988 0.00198639 0.00455516 -0.00199437 0.999996 0.00174686 -0.00455168 -0.00175592 0.999988 4.64229 1.35035 0 1 2204 0 0 0 0.266053 0.00455169 10.154 1 -1.32 1.36155 8.54431 5.3146 0 0.266053 0 10.154 1 -1.32 1.36155 8.54431 5.3146 113.3 
20170507182020 -0.254291 0.200003 -0.231368 0 0 0 0.999986 0.00402259 0.00350856 -0.0040381 0.999982 0.00442406 -0.0034907 -0.00443817 0.999984 -0.254291 0.200003 -0.231368 0.125493 -0.0716899 0.989501 0.999986 0.00402259 0.00350856 -0.0040381 0.999982 0.00442406 -0.0034907 -0.00443817 0.999984 4.78893 1.24668 0 1 2204 0 0 0 0.266053 0.0034907 10.154 1.01 -1.32 1.34028 8.59874 5.23157 0 0.266053 0 10.154 1.01 -1.32 1.34028 8.59874 5.23157 113.2 
20170507182020 -0.323858 0.569414 0.309069 0 0 0 0.999936 -0.00545033 0.0099072 0.00539398 0.999969 0.00570589 -0.00993799 -0.00565208 0.999935 -0.323858 0.569414 0.309069 -0.45462 0.354863 0.816941 0.999936 -0.00545033 0.0099072 0.00539398 0.999969 0.00570589 -0.00993799 -0.00565208 0.999935 4.88508 1.25131 0 1 2204 0 0 0 0.266053 0.00993815 10.154 1.02 -1.32 1.31887 8.65232 5.14801 0 0.266053 0 10.154 1.02 -1.32 1.31887 8.65232 5.14801 113.1 
20170507182020 -0.467983 0.745667 0.166795 0 0 0 0.999911 -0.00301732 0.0129897 0.00291087 0.999962 0.0082056 -0.013014 -0.00816706 0.999882 -0.467983 0.745667 0.166795 -0.587622 0.187231 0.787175 0.999911 -0.00301732 0.0129897 0.00291087 0.999962 0.0082056 -0.013014 -0.00816706 0.999882 5.30609 1.32896 0 1 2204 0 0 0 0.266053 0.0130143 10.154 1.02 -1.32 1.31887 8.65232 5.14801 0 0.266053 0 10.154 1.02 -1.32 1.31887 8.65232 5.14801 113.3 
20170507182021 -0.512585 0.744218 0.204535 0 0 0 0.999909 -0.00368586 0.0129561 0.0035695 0.999953 0.00899249 -0.0129887 -0.00894543 0.999876 -0.512585 0.744218 0.204535 -0.517333 0.210372 0.829524 0.999909 -0.00368586 0.0129561 0.0035695 0.999953 0.00899249 -0.0129887 -0.00894543 0.999876 5.43672 1.38757 0 1 2204 0 0 0 0.266053 0.012989 10.154 1.03 -1.31 1.34791 8.70503 5.05071 0 0.266053 0 10.154 1.03 -1.31 1.34791 8.70503 5.05071 113.1 
20170507182021 -0.606355 0.688255 0.0113531 0 0 0 0.999928 -0.000325258 0.0120092 0.000198135 0.999944 0.0105851 -0.012012 -0.0105819 0.999872 -0.606355 0.688255 0.0113531 -0.385245 0.251266 0.887948 0.999928 -0.000325258 0.0120092 0.000198135 0.999944 0.0105851 -0.012012 -0.0105819 0.999872 5.51229 1.50436 0 1 2204 0 0 0 0.25922 0.0120123 10.154 1.03 -1.32 1.29733 8.70503 5.06394 0 0.25922 0 10.154 1.03 -1.32 1.29733 8.70503 5.06394 113.1 
20170507182021 0.906994 1.37666 -0.0906528 0 0 0 0.99971 0.00196229 0.0239969 -0.00158173 0.999873 -0.0158674 -0.024025 0.0158248 0.999586 0.906994 1.37666 -0.0906528 -0.558089 0.813439 0.163868 0.99971 0.00196229 0.0239969 -0.00158173 0.999873 -0.0158674 -0.024025 0.0158248 0.999586 5.08796 1.55329 0 1 2204 0 0 0 0.25922 0.0240273 10.154 1.04 -1.32 1.27566 8.75686 4.97936 0 0.25922 0 10.154 1.04 -1.32 1.27566 8.75686 4.97936 113.2 
20170507182021 0.840882 1.19005 -0.0940937 0 0 0 0.999783 0.00194686 0.0207424 -0.00164189 0.99989 -0.0147097 -0.0207688 0.0146725 0.999677 0.840882 1.19005 -0.0940937 -0.543334 0.809855 0.221187 0.999783 0.00194686 0.0207424 -0.00164189 0.99989 -0.0147097 -0.0207688 0.0146725 0.999677 4.58981 1.67353 0 1 2204 0 0 0 0.25922 0.0207703 10.154 1.04 -1.31 1.32539 8.75686 4.96635 0 0.25922 0 10.154 1.04 -1.31 1.32539 8.75686 4.96635 113 
20170507182021 0.67942 0.962918 -0.09246 0 0 0 0.999857 0.00181289 0.016785 -0.0016135 0.999928 -0.0118849 -0.0168053 0.0118562 0.999788 0.67942 0.962918 -0.09246 -0.531926 0.806381 0.258467 0.999857 0.00181289 0.016785 -0.0016135 0.999928 -0.0118849 -0.0168053 0.0118562 0.999788 4.49093 1.72272 0 1 2204 0 0 0 0.261843 0.0168061 10.154 1.03 -1.32 1.29733 8.70503 5.06394 0 0.261843 0 10.154 1.03 -1.32 1.29733 8.70503 5.06394 112.9 
20170507182022 0.69679 0.908157 -0.0859844 0 0 0 0.999873 0.00169335 0.0158302 -0.00150052 0.999925 -0.0121848 -0.0158497 0.0121595 0.9998 0.69679 0.908157 -0.0859844 -0.53612 0.808293 0.243388 0.999873 0.00169335 0.0158302 -0.00150052 0.999925 -0.0121848 -0.0158497 0.0121595 0.9998 4.3735 1.70648 0 1 2204 0 0 0 0.25922 0.0158503 10.154 1.04 -1.32 1.27566 8.75686 4.97936 0 0.25922 0 10.154 1.04 -1.32 1.27566 8.75686 4.97936 113.1 
20170507182022 0.742583 0.611701 0.18915 0 0 0 0.999938 -0.00316265 0.0107178 0.0033011 0.999911 -0.0129248 -0.010676 0.0129594 0.999859 0.742583 0.611701 0.18915 -0.405526 0.864554 0.296807 0.999938 -0.00316265 0.0107178 0.0033011 0.999911 -0.0129248 -0.010676 0.0129594 0.999859 4.24532 1.70087 0 1 2204 0 0 0 0.25922 0.0106762 10.154 1.04 -1.33 1.22581 8.75686 4.99187 0 0.25922 0 10.154 1.04 -1.33 1.22581 8.75686 4.99187 113 
20170507182022 0.785469 0.657181 0.227378 0 0 0 0.999926 -0.00381087 0.011523 0.00396822 0.999899 -0.013663 -0.0114697 0.0137077 0.99984 0.785469 0.657181 0.227378 -0.434558 0.860565 0.265682 0.999926 -0.00381087 0.011523 0.00396822 0.999899 -0.013663 -0.0114697 0.0137077 0.99984 4.37067 1.70869 0 1 2204 0 0 0 0.25922 0.01147 10.154 1.04 -1.33 1.22581 8.75686 4.99187 0 0.25922 0 10.154 1.04 -1.33 1.22581 8.75686 4.99187 113.1 
20170507182022 0.690391 0.624029 0.197158 0 0 0 0.999935 -0.00330956 0.0109317 0.00344084 0.999922 -0.0120118 -0.0108911 0.0120486 0.999868 0.690391 0.624029 0.197158 -0.464279 0.836903 0.289894 0.999935 -0.00330956 0.0109317 0.00344084 0.999922 -0.0120118 -0.0108911 0.0120486 0.999868 4.10595 1.66697 0 1 2204 0 0 0 0.233743 0.0108914 10.154 1.04 -1.33 1.22581 8.75686 4.99187 0 0.233743 0 10.154 1.04 -1.33 1.22581 8.75686 4.99187 113.1 
20170507182022 0.440793 0.590993 0.0554728 0 0 0 0.999946 -0.000888802 0.0103217 0.000968131 0.99997 -0.00768323 -0.0103146 0.00769281 0.999917 0.440793 0.590993 0.0554728 -0.538438 0.785983 0.303834 0.999946 -0.000888802 0.0103217 0.000968131 0.99997 -0.00768323 -0.0103146 0.00769281 0.999917 3.87344 1.5252 0 1 2204 0 0 0 0.261843 0.0103148 10.154 1.04 -1.34 1.17583 8.75686 5.00387 0 0.261843 0 10.154 1.04 -1.34 1.17583 8.75686 5.00387 113 
20170507182022 0.294555 0.532362 0.0177923 0 0 0 0.999957 -0.000262764 0.00929281 0.000310521 0.999987 -0.00513805 -0.00929133 0.00514071 0.999944 0.294555 0.532362 0.0177923 -0.635006 0.711638 0.300563 0.999957 -0.000262764 0.00929281 0.000310521 0.999987 -0.00513805 -0.00929133 0.00514071 0.999944 3.4641 1.39062 0 1 2204 0 0 0 0.233743 0.00929147 10.154 1.03 -1.34 1.1958 8.70503 5.08887 0 0.233743 0 10.154 1.03 -1.34 1.1958 8.70503 5.08887 113.1 
20170507182023 0.319745 0.525537 0.0420498 0 0 0 0.999958 -0.000682709 0.00917617 0.000733876 0.999984 -0.00557385 -0.00917222 0.00558035 0.999942 0.319745 0.525537 0.0420498 -0.696386 0.685565 0.212242 0.999958 -0.000682709 0.00917617 0.000733876 0.999984 -0.00557385 -0.00917222 0.00558035 0.999942 3.17176 1.27593 0 1 2204 0 0 0 0.231102 0.00917235 10.154 1.02 -1.34 1.21565 8.65232 5.17335 0 0.231102 0 10.154 1.02 -1.34 1.21565 8.65232 5.17335 113.1 
20170507182023 0.237995 0.623307 0.0098214 0 0 0 0.999941 -0.000126227 0.0108792 0.000171406 0.999991 -0.00415192 -0.0108785 0.00415354 0.999932 0.237995 0.623307 0.0098214 -0.787756 0.602523 0.128089 0.999941 -0.000126227 0.0108792 0.000171406 0.999991 -0.00415192 -0.0108785 0.00415354 0.999932 2.55943 1.13611 0 1 2204 0 0 0 0.25922 0.0108788 10.154 1.01 -1.35 1.18275 8.59874 5.26941 0 0.25922 0 10.154 1.01 -1.35 1.18275 8.59874 5.26941 113.1 
20170507182023 -0.00334506 -0.357401 -0.309705 0 0 0 0.999966 0.0054057 -0.00623738 -0.00540523 0.999985 9.20988e-05 0.00623778 -5.83812e-05 0.999981 -0.00334506 -0.357401 -0.309705 0.138569 0.012889 0.990269 0.999966 0.0054057 -0.00623738 -0.00540523 0.999985 9.20988e-05 0.00623778 -5.83812e-05 0.999981 1.85138 1.11941 0 1 2204 0 0 0 0.261843 -0.00623782 10.154 1 -1.34 1.25499 8.54431 5.34077 0 0.261843 0 10.154 1 -1.34 1.25499 8.54431 5.34077 113.1 
20170507182023 0.0630077 -0.104436 -0.204834 0 0 0 0.999992 0.00357301 -0.00182666 -0.00357501 0.999993 -0.00109317 0.00182274 0.00109969 0.999998 0.0630077 -0.104436 -0.204834 -0.112125 -0.035567 -0.993057 0.999992 0.00357301 -0.00182666 -0.00357501 0.999993 -0.00109317 0.00182274 0.00109969 0.999998 2.57319 1.31096 0 1 2204 0 0 0 0.266053 -0.00182274 10.154 0.99 -1.34 1.27447 8.48902 5.42368 0 0.266053 0 10.154 0.99 -1.34 1.27447 8.48902 5.42368 113 
20170507182023 0.0708 0.0830422 -0.232865 0 0 0 0.999991 0.00406603 0.00144432 -0.00406424 0.999991 -0.00124157 -0.00144936 0.00123569 0.999998 0.0708 0.0830422 -0.232865 -0.12517 -0.0565449 -0.990523 0.999991 0.00406603 0.00144432 -0.00406424 0.999991 -0.00124157 -0.00144936 0.00123569 0.999998 3.71344 1.47814 0 1 2204 0 0 0 0.266053 0.00144936 10.154 0.99 -1.34 1.27447 8.48902 5.42368 0 0.266053 0 10.154 0.99 -1.34 1.27447 8.48902 5.42368 113.1 
20170507182024 0.115749 0.332705 -0.149808 0 0 0 0.99998 0.00262636 0.00580146 -0.00261459 0.999995 -0.00203538 -0.00580677 0.00202017 0.999981 0.115749 0.332705 -0.149808 -0.119237 -0.0775264 -0.989834 0.99998 0.00262636 0.00580146 -0.00261459 0.999995 -0.00203538 -0.00580677 0.00202017 0.999981 5.01868 1.61403 0 1 2204 0 0 0 0.266379 0.0058068 10.154 0.99 -1.33 1.32865 8.48902 5.41066 0 0.266379 0 10.154 0.99 -1.33 1.32865 8.48902 5.41066 113.1 
20170507182024 -0.764642 2.87521 -0.311559 0 0 0 0.998726 0.00476783 0.0502282 -0.00543086 0.9999 0.0130722 -0.0501609 -0.0133283 0.998652 -0.764642 2.87521 -0.311559 -0.910555 -0.363064 -0.197671 0.998726 0.00476783 0.0502282 -0.00543086 0.9999 0.0130722 -0.0501609 -0.0133283 0.998652 6.51646 1.6905 0 1 2204 0 0 0 0.266379 0.0501819 10.154 0.98 -1.33 1.34882 8.43288 5.49283 0 0.266379 0 10.154 0.98 -1.33 1.34882 8.43288 5.49283 113 
20170507182024 -0.789201 2.85789 -0.266597 0 0 0 0.998745 0.0039658 0.0499177 -0.00464719 0.999898 0.0135416 -0.0498589 -0.0137566 0.998662 -0.789201 2.85789 -0.266597 -0.894156 -0.396393 -0.208224 0.998745 0.0039658 0.0499177 -0.00464719 0.999898 0.0135416 -0.0498589 -0.0137566 0.998662 7.03305 1.72982 0 1 2204 0 0 0 0.266379 0.0498796 10.154 0.98 -1.32 1.40368 8.43288 5.47907 0 0.266379 0 10.154 0.98 -1.32 1.40368 8.43288 5.47907 113.2 
20170507182024 0.0866712 0.892222 -0.0205725 0 0 0 0.999879 0.000382612 0.015571 -0.000359014 0.999999 -0.00151829 -0.0155716 0.00151251 0.999878 0.0866712 0.892222 -0.0205725 -0.209868 -0.150797 -0.966031 0.999879 0.000382612 0.015571 -0.000359014 0.999999 -0.00151829 -0.0155716 0.00151251 0.999878 6.99276 1.72785 0 1 2203 0 0 0 0.266379 0.0155722 10.154 0.99 -1.31 1.43659 8.48902 5.38301 0 0.266379 0 10.154 0.99 -1.31 1.43659 8.48902 5.38301 113.2 
20170507182024 -0.397189 2.03694 -0.196412 0 0 0 0.999362 0.00318155 0.0355665 -0.00342586 0.999971 0.00681031 -0.0355438 -0.00692781 0.999344 -0.397189 2.03694 -0.196412 -0.87492 -0.451179 -0.175931 0.999362 0.00318155 0.0355665 -0.00342586 0.999971 0.00681031 -0.0355438 -0.00692781 0.999344 7.45659 1.8048 0 1 2202 0 0 0 0.266053 0.0355513 10.154 0.97 -1.31 1.48007 8.3759 5.54596 0 0.266053 0 10.154 0.97 -1.31 1.48007 8.3759 5.54596 113.1 
20170507182024 -0.413347 2.16839 -0.199169 0 0 0 0.999278 0.00320311 0.0378604 -0.00347367 0.999969 0.00708263 -0.0378365 -0.00720903 0.999258 -0.413347 2.16839 -0.199169 -0.844508 -0.480843 -0.235788 0.999278 0.00320311 0.0378604 -0.00347367 0.999969 0.00708263 -0.0378365 -0.00720903 0.999258 8.13426 1.89326 0 1 2202 0 0 0 0.266053 0.0378456 10.154 0.96 -1.31 1.5016 8.31808 5.62661 0 0.266053 0 10.154 0.96 -1.31 1.5016 8.31808 5.62661 113 
20170507182025 -0.381621 2.25729 -0.134802 0 0 0 0.999221 0.00209036 0.0394017 -0.00235092 0.999976 0.00656782 -0.039387 -0.00665533 0.999202 -0.381621 2.25729 -0.134802 -0.881791 -0.429134 -0.195673 0.999221 0.00209036 0.0394017 -0.00235092 0.999976 0.00656782 -0.039387 -0.00665533 0.999202 9.17971 1.98052 0 1 2202 0 0 0 0.266053 0.0393972 10.154 0.97 -1.31 1.48007 8.3759 5.54596 0 0.266053 0 10.154 0.97 -1.31 1.48007 8.3759 5.54596 113.2 
20170507182025 -0.602039 2.93393 -0.048183 0 0 0 0.998689 0.000303093 0.0511904 -0.00083985 0.999945 0.0104643 -0.0511844 -0.0104936 0.998634 -0.602039 2.93393 -0.048183 -0.891189 -0.358341 -0.278162 0.998689 0.000303093 0.0511904 -0.00083985 0.999945 0.0104643 -0.0511844 -0.0104936 0.998634 10.3654 2.50263 0 1 2202 0 0 0 0.293813 0.0512067 10.154 0.97 -1.32 1.42454 8.3759 5.56048 0 0.293813 0 10.154 0.97 -1.32 1.42454 8.3759 5.56048 113.2 
20170507182025 -0.800965 3.61568 -0.0197898 0 0 0 0.998009 -0.000536206 0.0630624 -0.000344709 0.999903 0.0139572 -0.0630637 -0.0139512 0.997912 -0.800965 3.61568 -0.0197898 -0.908817 -0.313727 -0.275003 0.998009 -0.000536206 0.0630624 -0.000344709 0.999903 0.0139572 -0.0630637 -0.0139512 0.997912 11.4486 4.1794 0 1 2202 0 0 0 0.298559 0.0631056 10.154 0.99 -1.32 1.38269 8.48902 5.3971 0 0.298559 0 10.154 0.99 -1.32 1.38269 8.48902 5.3971 113.2 
20170507182025 0.177188 4.26455 -0.415086 0 0 0 0.997205 0.00747447 0.074337 -0.00722449 0.999967 -0.00363114 -0.0743617 0.00308395 0.997227 0.177188 4.26455 -0.415086 0.989784 -0.140045 0.0267302 0.997205 0.00747447 0.074337 -0.00722449 0.999967 -0.00363114 -0.0743617 0.00308395 0.997227 11.815 4.50048 0 1 2202 0 0 0 0.298921 0.0744304 10.154 0.99 -1.33 1.32865 8.48902 5.41066 0 0.298921 0 10.154 0.99 -1.33 1.32865 8.48902 5.41066 113 
20170507182025 0.0314702 3.788 -0.125718 0 0 0 0.997813 0.00223048 0.0660636 -0.0021894 0.999997 -0.000694216 -0.066065 0.000548058 0.997815 0.0314702 3.788 -0.125718 -0.988713 0.133072 0.0688321 0.997813 0.00223048 0.0660636 -0.0021894 0.999997 -0.000694216 -0.066065 0.000548058 0.997815 11.7396 4.49108 0 1 2202 0 0 0 0.298921 0.0661131 10.154 0.99 -1.33 1.32865 8.48902 5.41066 0 0.298921 0 10.154 0.99 -1.33 1.32865 8.48902 5.41066 113.1 
20170507182026 0.358376 4.16188 -0.267487 0 0 0 0.997352 0.00512236 0.0725433 -0.0046562 0.999967 -0.00659355 -0.0725747 0.00623831 0.997343 0.358376 4.16188 -0.267487 0.963302 -0.267616 0.0207616 0.997352 0.00512236 0.0725433 -0.0046562 0.999967 -0.00659355 -0.0725747 0.00623831 0.997343 12.3354 4.87998 0 1 2202 0 0 0 0.298559 0.0726386 10.154 1 -1.35 1.20152 8.54431 5.35305 0 0.298559 0 10.154 1 -1.35 1.20152 8.54431 5.35305 113 
20170507182026 0.324674 4.4607 -0.321276 0 0 0 0.996955 0.00604792 0.077741 -0.00559031 0.999966 -0.00610262 -0.0777753 0.00564944 0.996955 0.324674 4.4607 -0.321276 0.971475 -0.229172 0.0609679 0.996955 0.00604792 0.077741 -0.00559031 0.999966 -0.00610262 -0.0777753 0.00564944 0.996955 12.3811 4.83483 0 1 2202 0 0 0 0.298559 0.0778539 10.154 0.99 -1.35 1.22017 8.48902 5.43615 0 0.298559 0 10.154 0.99 -1.35 1.22017 8.48902 5.43615 113.1 
20170507182026 0.245969 4.20455 -0.357896 0 0 0 0.997289 0.00656111 0.0732885 -0.00622961 0.999969 -0.00475085 -0.0733174 0.00428141 0.997299 0.245969 4.20455 -0.357896 0.957922 -0.199794 0.206078 0.997289 0.00656111 0.0732885 -0.00622961 0.999969 -0.00475085 -0.0733174 0.00428141 0.997299 12.0548 4.43716 0 1 2201 0 0 0 0.298559 0.0733832 10.154 0.98 -1.35 1.23871 8.43288 5.51871 0 0.298559 0 10.154 0.98 -1.35 1.23871 8.43288 5.51871 113.2 
20170507182026 -0.413506 4.12533 -0.188622 0 0 0 0.997404 0.0027728 0.0719599 -0.00328353 0.99997 0.00698012 -0.0719384 -0.00719828 0.997383 -0.413506 4.12533 -0.188622 0.958652 0.0499643 0.28016 0.997404 0.0027728 0.0719599 -0.00328353 0.99997 0.00698012 -0.0719384 -0.00719828 0.997383 12.6309 4.8962 0 1 2201 0 0 0 0.298559 0.0720006 10.154 0.96 -1.36 1.21851 8.31808 5.69462 0 0.298559 0 10.154 0.96 -1.36 1.21851 8.31808 5.69462 113.2 
20170507182026 -0.260305 1.71159 -0.238742 0 0 0 0.999545 0.00403108 0.0298868 -0.00416496 0.999982 0.00441867 -0.0298684 -0.00454114 0.999544 -0.260305 1.71159 -0.238742 -0.195332 -0.142932 -0.970266 0.999545 0.00403108 0.0298868 -0.00416496 0.999982 0.00441867 -0.0298684 -0.00454114 0.999544 14.1655 5.87818 0 1 2200 0 0 0 0.298559 0.0298729 10.154 0.97 -1.36 1.20104 8.3759 5.613 0 0.298559 0 10.154 0.97 -1.36 1.20104 8.3759 5.613 113.2 
20170507182027 -0.950177 5.23766 -0.421808 0 0 0 0.995798 0.00584709 0.0913943 -0.00733113 0.999847 0.0159106 -0.0912872 -0.0165137 0.995688 -0.950177 5.23766 -0.421808 0.97399 0.163659 0.156717 0.995798 0.00584709 0.0913943 -0.00733113 0.999847 0.0159106 -0.0912872 -0.0165137 0.995688 14.1655 5.87818 0 0 2194 0 0 0 0.298559 0.0914145 10.154 0.97 -1.36 1.20104 8.3759 5.613 0 0.298559 0 10.154 0.97 -1.36 1.20104 8.3759 5.613 113 
20170507182027 0.44726 5.53545 -0.418059 0 0 0 0.99531 0.00804918 0.0963992 -0.00726241 0.999937 -0.00850968 -0.0964616 0.00776968 0.995306 0.44726 5.53545 -0.418059 0.940365 -0.254564 0.225634 0.99531 0.00804918 0.0963992 -0.00726241 0.999937 -0.00850968 -0.0964616 0.00776968 0.995306 14.1655 5.87818 0 0 2191 0 0 0 0.303456 0.0966119 10.154 0.98 -1.35 1.23871 8.43288 5.51871 0 0.303456 0 10.154 0.98 -1.35 1.23871 8.43288 5.51871 113.1 
20170507182027 -0.531266 5.65639 -0.594663 0 0 0 0.995077 0.00946435 0.0986491 -0.0103281 0.999913 0.00824882 -0.0985624 -0.00922707 0.995088 -0.531266 5.65639 -0.594663 0.958172 0.0151723 0.285791 0.995077 0.00946435 0.0986491 -0.0103281 0.999913 0.00824882 -0.0985624 -0.00922707 0.995088 14.1655 5.87818 0 0 2188 0 0 0 0.331216 0.0987227 10.154 0.97 -1.35 1.25711 8.3759 5.60071 0 0.331216 0 10.154 0.97 -1.35 1.25711 8.3759 5.60071 113.2 
20170507182027 -0.743529 2.55016 -0.11285 -0.15882 -0.0911481 -0.983091 0.999008 0.00139206 0.0445158 -0.00196766 0.999915 0.012889 -0.0444941 -0.0129638 0.998926 -0.743529 2.55016 -0.11285 -0.15882 -0.0911481 -0.983091 0.999008 0.00139206 0.0445158 -0.00196766 0.999915 0.012889 -0.0444941 -0.0129638 0.998926 21.5868 8.4507 1 1 2188 0 0 0 0.331216 0.0445088 10.154 0.96 -1.36 1.21851 8.31808 5.69462 0 0.331216 0 10.118 1.14861 1.686 -0.476562 9.22956 -4.11843 113.2 
20170507182027 -0.588975 3.20964 -0.24776 0.58144 -0.331526 0.742979 0.998422 0.00374845 0.0560305 -0.00431743 0.99994 0.0100372 -0.0559895 -0.0102633 0.998379 -0.588975 3.20964 -0.24776 0.58144 -0.331526 0.742979 0.998422 0.00374845 0.0560305 -0.00431743 0.99994 0.0100372 -0.0559895 -0.0102633 0.998379 21.307 8.75754 1 1 2188 0 0 0 0.331216 0.0560188 10.154 0.97 -1.35 1.25711 8.3759 5.60071 0 0.331216 0 18.7289 0.674147 -1.69586 -1.82514 11.6912 14.5175 113.1 
20170507182027 -1.36071 2.92693 0.417682 0 0 0 0.998669 -0.00850034 0.0508734 0.00728035 0.999683 0.0241182 -0.0510623 -0.0237157 0.998414 -1.36071 2.92693 0.417682 0 0 0 0.998669 -0.00850034 0.0508734 0.00728035 0.999683 0.0241182 -0.0510623 -0.0237157 0.998414 19.8888 8.37462 0 1 2188 0 0 0 0.303456 0.0510845 10.154 0.99 -1.35 1.22017 8.48902 5.43615 0 0.303456 0 10.154 0.99 -1.35 1.22017 8.48902 5.43615 113.1 
20170507182028 0.296781 3.74315 -0.17884 0 0 0 0.997862 0.00345946 0.0652664 -0.00311469 0.999981 -0.00538353 -0.0652838 0.00516873 0.997853 0.296781 3.74315 -0.17884 0 0 0 0.997862 0.00345946 0.0652664 -0.00311469 0.999981 -0.00538353 -0.0652838 0.00516873 0.997853 18.1413 6.02665 0 1 2188 0 0 0 0.298559 0.0653302 10.154 0.97 -1.35 1.25711 8.3759 5.60071 0 0.298559 0 10.154 0.97 -1.35 1.25711 8.3759 5.60071 113.2 
20170507182028 0.272265 2.83525 -0.547559 0 0 0 0.99873 0.00979149 0.0494159 -0.00954486 0.999941 -0.00522439 -0.0494642 0.00474609 0.998765 0.272265 2.83525 -0.547559 0 0 0 0.99873 0.00979149 0.0494159 -0.00954486 0.999941 -0.00522439 -0.0494642 0.00474609 0.998765 16.9964 4.88531 0 1 2188 0 0 0 0.298559 0.0494844 10.154 0.97 -1.34 1.31305 8.3759 5.58786 0 0.298559 0 10.154 0.97 -1.34 1.31305 8.3759 5.58786 113.1 
20170507182028 1.23457 3.04892 0.263813 0 0 0 0.998574 -0.00345736 0.0532748 0.00459788 0.999763 -0.0213005 -0.0531885 0.0215151 0.998353 1.23457 3.04892 0.263813 0 0 0 0.998574 -0.00345736 0.0532748 0.00459788 0.999763 -0.0213005 -0.0531885 0.0215151 0.998353 17.0525 3.80414 0 1 2183 0 0 0 0.298559 0.0532136 10.2903 0.97 -1.34 1.33068 8.48833 5.66286 0 0.298559 0 10.2903 0.97 -1.34 1.33068 8.48833 5.66286 113 
20170507182028 -0.537252 1.71673 0.443647 0 0 0 0.999521 -0.00802359 0.0298834 0.00773955 0.999924 0.00960835 -0.0299582 -0.00937246 0.999507 -0.537252 1.71673 0.443647 0 0 0 0.999521 -0.00802359 0.0298834 0.00773955 0.999924 0.00960835 -0.0299582 -0.00937246 0.999507 16.1494 2.59247 0 1 2182 0 0 0 0.266053 0.0299627 10.2903 0.98 -1.34 1.3112 8.54607 5.57995 0 0.266053 0 10.2903 0.98 -1.34 1.3112 8.54607 5.57995 113.2 
20170507182028 0.652691 2.36789 -1.16897 0 0 0 0.998938 0.0208702 0.041072 -0.0203836 0.999717 -0.0122318 -0.0413157 0.0113816 0.999081 0.652691 2.36789 -1.16897 0 0 0 0.998938 0.0208702 0.041072 -0.0203836 0.999717 -0.0122318 -0.0413157 0.0113816 0.999081 16.0333 2.87745 0 1 2181 0 0 0 0.266053 0.0413275 10.2903 0.99 -1.33 1.34648 8.60297 5.48329 0 0.266053 0 10.2903 0.99 -1.33 1.34648 8.60297 5.48329 113.3 
20170507182029 0.782582 1.95953 -1.08877 0 0 0 0.999235 0.0194666 0.0339247 -0.0189903 0.999717 -0.0143054 -0.0341936 0.0136502 0.999322 0.782582 1.95953 -1.08877 0 0 0 0.999235 0.0194666 0.0339247 -0.0189903 0.999717 -0.0143054 -0.0341936 0.0136502 0.999322 16.3461 3.37452 0 1 2181 0 0 0 0.266379 0.0342003 10.2903 0.98 -1.32 1.42253 8.54607 5.55261 0 0.266379 0 10.2903 0.98 -1.32 1.42253 8.54607 5.55261 113.3 
20170507182029 0.722452 1.66799 -1.0957 0 0 0 0.999394 0.0194878 0.028859 -0.0191143 0.999731 -0.0131631 -0.0291077 0.0126035 0.999497 0.722452 1.66799 -1.0957 0 0 0 0.999394 0.0194878 0.028859 -0.0191143 0.999731 -0.0131631 -0.0291077 0.0126035 0.999497 16.4645 3.77174 0 1 2181 0 0 0 0.262158 0.0291118 10.2903 0.99 -1.32 1.40125 8.60297 5.46955 0 0.262158 0 10.2903 0.99 -1.32 1.40125 8.60297 5.46955 113.3 
20170507182029 -0.114636 0.673319 -0.491322 0 0 0 0.999894 0.00855155 0.0117681 -0.00857449 0.999961 0.00189993 -0.0117514 -0.00200064 0.999929 -0.114636 0.673319 -0.491322 0 0 0 0.999894 0.00855155 0.0117681 -0.00857449 0.999961 0.00189993 -0.0117514 -0.00200064 0.999929 16.7626 4.36373 0 1 2180 0 0 0 0.234031 0.0117516 10.3244 0.99 -1.32 1.40589 8.63145 5.48766 0 0.234031 0 10.3244 0.99 -1.32 1.40589 8.63145 5.48766 113.3 
20170507182029 0.385331 0.266824 0.0155785 0 0 0 0.999989 -0.000240572 0.00465867 0.000271894 0.999977 -0.00672398 -0.00465695 0.00672518 0.999967 0.385331 0.266824 0.0155785 0 0 0 0.999989 -0.000240572 0.00465867 0.000271894 0.999977 -0.00672398 -0.00465695 0.00672518 0.999967 16.9551 4.85315 0 1 2177 0 0 0 0.234031 0.00465696 10.3244 1 -1.32 1.38439 8.68767 5.40377 0 0.234031 0 10.3244 1 -1.32 1.38439 8.68767 5.40377 113.2 
20170507182029 -1.49451 -0.106954 -0.104204 0 0 0 0.999997 0.00186677 -0.00181863 -0.00181869 0.999658 0.0260846 0.00186671 -0.0260812 0.999658 -1.49451 -0.106954 -0.104204 0 0 0 0.999997 0.00186677 -0.00181863 -0.00181869 0.999658 0.0260846 0.00186671 -0.0260812 0.999658 17.4113 5.02272 0 1 2172 0 0 0 0.234031 -0.00186671 10.3244 0.98 -1.31 1.48287 8.57437 5.55645 0 0.234031 0 10.3244 0.98 -1.31 1.48287 8.57437 5.55645 113.2 
20170507182029 -0.689224 -0.102447 -1.31172 0 0 0 0.999736 0.0229116 -0.00151208 -0.0228917 0.999665 0.0120667 0.00178804 -0.0120289 0.999926 -0.689224 -0.102447 -1.31172 0 0 0 0.999736 0.0229116 -0.00151208 -0.0228917 0.999665 0.0120667 0.00178804 -0.0120289 0.999926 17.803 5.15367 0 1 2172 0 0 0 0.230344 -0.00178804 10.3244 0.96 -1.31 1.52679 8.45765 5.72101 0 0.230344 0 10.3244 0.96 -1.31 1.52679 8.45765 5.72101 113.2 
20170507182030 -1.43507 -0.367863 -0.295954 0 0 0 0.999966 0.00532451 -0.00628891 -0.00516524 0.999672 0.0250769 0.00642037 -0.0250436 0.999666 -1.43507 -0.367863 -0.295954 0 0 0 0.999966 0.00532451 -0.00628891 -0.00516524 0.999672 0.0250769 0.00642037 -0.0250436 0.999666 17.9203 5.07643 0 1 2172 0 0 0 0.227699 -0.00642041 10.3244 0.96 -1.31 1.52679 8.45765 5.72101 0 0.227699 0 10.3244 0.96 -1.31 1.52679 8.45765 5.72101 113.1 
20170507182030 -1.2601 -0.491542 -0.163714 0 0 0 0.999959 0.00304532 -0.00851398 -0.00285725 0.999754 0.0220156 0.00857893 -0.0219903 0.999721 -1.2601 -0.491542 -0.163714 0 0 0 0.999959 0.00304532 -0.00851398 -0.00285725 0.999754 0.0220156 0.00857893 -0.0219903 0.999721 18.2104 5.2026 0 1 2172 0 0 0 0.227699 -0.00857903 10.3244 0.96 -1.31 1.52679 8.45765 5.72101 0 0.227699 0 10.3244 0.96 -1.31 1.52679 8.45765 5.72101 113.2 
20170507182030 1.38831 -0.5026 -0.254199 0 0 0 0.999952 0.00422276 -0.00887674 -0.00443642 0.999698 -0.024189 0.00877191 0.0242273 0.999668 1.38831 -0.5026 -0.254199 0 0 0 0.999952 0.00422276 -0.00887674 -0.00443642 0.999698 -0.024189 0.00877191 0.0242273 0.999668 18.7721 5.57964 0 1 2171 0 0 0 0.227699 -0.00877202 10.3244 0.97 -1.3 1.56122 8.51644 5.62368 0 0.227699 0 10.3244 0.97 -1.3 1.56122 8.51644 5.62368 113.3 
20170507182030 1.82141 -0.602497 -0.248483 0 0 0 0.999935 0.00400043 -0.0106478 -0.0043366 0.999487 -0.0317384 0.0105154 0.0317826 0.999439 1.82141 -0.602497 -0.248483 0 0 0 0.999935 0.00400043 -0.0106478 -0.0043366 0.999487 -0.0317384 0.0105154 0.0317826 0.999439 19.6059 5.72486 0 1 2171 0 0 0 0.227699 -0.0105156 10.3244 0.97 -1.31 1.50491 8.51644 5.63901 0 0.227699 0 10.3244 0.97 -1.31 1.50491 8.51644 5.63901 113.4 
20170507182030 0.525898 -0.790274 -0.0266728 -0.0493345 0.98208 -0.181893 0.999905 0.000338914 -0.0137961 -0.000465483 0.999958 -0.0091721 0.0137924 0.00917765 0.999863 0.525898 -0.790274 -0.0266728 -0.0493345 0.98208 -0.181893 0.999905 0.000338914 -0.0137961 -0.000465483 0.999958 -0.0091721 0.0137924 0.00917765 0.999863 20.33 6.2462 1 1 2170 0 0 0 0.199267 -0.0137929 10.3244 0.97 -1.31 1.50491 8.51644 5.63901 0 0.199267 0 4.29871 -0.308292 -1.16194 1.62843 -1.30436 3.75842 113.3 
20170507182030 -0.317944 -0.781123 -0.198783 -0.0744904 0.968036 -0.239494 0.999901 0.00354501 -0.0136132 -0.00346909 0.999978 0.0055964 0.0136327 -0.00554862 0.999892 -0.317944 -0.781123 -0.198783 -0.0744904 0.968036 -0.239494 0.999901 0.00354501 -0.0136132 -0.00346909 0.999978 0.0055964 0.0136327 -0.00554862 0.999892 20.6894 6.48041 1 1 2168 0 0 0 0.227699 -0.0136332 10.3244 0.97 -1.31 1.50491 8.51644 5.63901 0 0.227699 0 3.74914 -0.315667 -1.07675 1.68996 -1.16392 3.13773 113.3 
20170507182031 -0.295685 -0.712892 -0.184828 -0.0667103 0.967702 -0.243111 0.999917 0.00329002 -0.0124251 -0.00322561 0.999981 0.00520076 0.012442 -0.00516025 0.999909 -0.295685 -0.712892 -0.184828 -0.0667103 0.967702 -0.243111 0.999917 0.00329002 -0.0124251 -0.00322561 0.999981 0.00520076 0.012442 -0.00516025 0.999909 20.327 6.40715 1 1 2168 0 0 0 0.227699 -0.0124423 10.3244 0.96 -1.31 1.52679 8.45765 5.72101 0 0.227699 0 3.79343 -0.327253 -1.10046 1.62788 -1.21937 3.20206 113.3 
20170507182031 -0.466177 -0.684015 -0.300691 0 0 0 0.999915 0.00534498 -0.0118948 -0.00524765 0.999953 0.00819877 0.011938 -0.00813566 0.999896 -0.466177 -0.684015 -0.300691 0 0 0 0.999915 0.00534498 -0.0118948 -0.00524765 0.999953 0.00819877 0.011938 -0.00813566 0.999896 19.6105 5.93041 0 1 2168 0 0 0 0.230344 -0.0119383 10.0859 0.94 -1.3 1.59122 8.14492 5.73175 0 0.230344 0 10.0859 0.94 -1.3 1.59122 8.14492 5.73175 113.2 
20170507182031 -0.220125 -0.515466 -0.240992 0 0 0 0.999951 0.00424062 -0.00898015 -0.00420592 0.999984 0.0038797 0.00899646 -0.00384174 0.999952 -0.220125 -0.515466 -0.240992 0 0 0 0.999951 0.00424062 -0.00898015 -0.00420592 0.999984 0.0038797 0.00899646 -0.00384174 0.999952 18.3782 5.47561 0 1 2168 0 0 0 0.230344 -0.00899658 10.0859 0.94 -1.3 1.59122 8.14492 5.73175 0 0.230344 0 10.0859 0.94 -1.3 1.59122 8.14492 5.73175 113.3 
20170507182031 -0.0644843 -0.536239 -0.193492 0 0 0 0.999951 0.00338759 -0.00935513 -0.00337691 0.999994 0.00115706 0.00935899 -0.00112541 0.999956 -0.0644843 -0.536239 -0.193492 0 0 0 0.999951 0.00338759 -0.00935513 -0.00337691 0.999994 0.00115706 0.00935899 -0.00112541 0.999956 16.7435 4.44338 0 1 2168 0 0 0 0.230623 -0.00935913 10.0859 0.93 -1.29 1.67095 8.08503 5.79352 0 0.230623 0 10.0859 0.93 -1.29 1.67095 8.08503 5.79352 113.4 
20170507182031 0.198982 -0.478163 -0.0795928 0 0 0 0.999964 0.00136016 -0.00835018 -0.00138911 0.999993 -0.00346129 0.00834542 0.00347276 0.999959 0.198982 -0.478163 -0.0795928 0 0 0 0.999964 0.00136016 -0.00835018 -0.00138911 0.999993 -0.00346129 0.00834542 0.00347276 0.999959 15.4615 4.26097 0 1 2168 0 0 0 0.230623 -0.00834552 10.0859 0.94 -1.29 1.64846 8.14492 5.71555 0 0.230623 0 10.0859 0.94 -1.29 1.64846 8.14492 5.71555 113.3 
20170507182031 -0.0113855 -0.486879 -0.085219 0 0 0 0.999963 0.00148904 -0.00849724 -0.0014873 0.999999 0.000211352 0.00849754 -0.000198707 0.999964 -0.0113855 -0.486879 -0.085219 0 0 0 0.999963 0.00148904 -0.00849724 -0.0014873 0.999999 0.000211352 0.00849754 -0.000198707 0.999964 15.0093 4.16205 0 1 2168 0 0 0 0.230344 -0.00849765 10.0859 0.9 -1.29 1.7374 7.90053 6.02393 0 0.230344 0 10.0859 0.9 -1.29 1.7374 7.90053 6.02393 113.3 
20170507182032 -0.136229 -0.544273 -0.181196 0 0 0 0.99995 0.00318504 -0.00949163 -0.00316232 0.999992 0.00240767 0.00949922 -0.00237753 0.999952 -0.136229 -0.544273 -0.181196 0 0 0 0.99995 0.00318504 -0.00949163 -0.00316232 0.999992 0.00240767 0.00949922 -0.00237753 0.999952 14.4407 4.08283 0 1 2168 0 0 0 0.227699 -0.00949936 10.0859 0.91 -1.29 1.71542 7.96283 5.94772 0 0.227699 0 10.0859 0.91 -1.29 1.71542 7.96283 5.94772 113.2 
20170507182032 -0.18733 -0.555566 -0.23177 0 0 0 0.999945 0.00407682 -0.00968294 -0.00404495 0.999986 0.00330871 0.0096963 -0.00326936 0.999948 -0.18733 -0.555566 -0.23177 0 0 0 0.999945 0.00407682 -0.00968294 -0.00404495 0.999986 0.00330871 0.0096963 -0.00326936 0.999948 14.1469 4.26287 0 1 2168 0 0 0 0.230623 -0.00969645 9.84735 0.87 -1.27 1.88133 7.52661 6.06473 0 0.230623 0 9.84735 0.87 -1.27 1.88133 7.52661 6.06473 113.3 
20170507182032 -0.151632 -0.645074 -0.241336 0 0 0 0.999928 0.00424188 -0.0112471 -0.00421183 0.999988 0.00269388 0.0112584 -0.00264631 0.999933 -0.151632 -0.645074 -0.241336 0 0 0 0.999928 0.00424188 -0.0112471 -0.00421183 0.999988 0.00269388 0.0112584 -0.00264631 0.999933 13.9202 4.2874 0 1 2168 0 0 0 0.20217 -0.0112587 9.84735 0.88 -1.27 1.85894 7.58973 5.99254 0 0.20217 0 9.84735 0.88 -1.27 1.85894 7.58973 5.99254 113.2 
20170507182032 -0.131654 -0.694248 -0.260774 0 0 0 0.999916 0.00457918 -0.012106 -0.00455102 0.999987 0.00235292 0.0121166 -0.00229763 0.999924 -0.131654 -0.694248 -0.260774 0 0 0 0.999916 0.00457918 -0.012106 -0.00455102 0.999987 0.00235292 0.0121166 -0.00229763 0.999924 14.2731 4.47527 0 1 2168 0 0 0 0.20217 -0.0121169 9.84735 0.88 -1.27 1.85894 7.58973 5.99254 0 0.20217 0 9.84735 0.88 -1.27 1.85894 7.58973 5.99254 113.2 
20170507182032 -0.25144 -0.600673 -0.249073 0 0 0 0.999936 0.0043931 -0.0104643 -0.0043469 0.999981 0.00443397 0.0104835 -0.0043882 0.999935 -0.25144 -0.600673 -0.249073 0 0 0 0.999936 0.0043931 -0.0104643 -0.0043469 0.999981 0.00443397 0.0104835 -0.0043882 0.999935 14.8962 4.60167 0 1 2168 0 0 0 0.227929 -0.0104837 9.84735 0.86 -1.27 1.90354 7.46274 6.13631 0 0.227929 0 9.84735 0.86 -1.27 1.90354 7.46274 6.13631 113.2 
20170507182033 -0.233797 -0.514394 -0.243665 0 0 0 0.999951 0.00428935 -0.00896024 -0.00425258 0.999982 0.00411866 0.00897775 -0.00408035 0.999951 -0.233797 -0.514394 -0.243665 0 0 0 0.999951 0.00428935 -0.00896024 -0.00425258 0.999982 0.00411866 0.00897775 -0.00408035 0.999951 15.2158 4.7315 0 1 2168 0 0 0 0.230623 -0.00897787 9.84735 0.87 -1.27 1.88133 7.52661 6.06473 0 0.230623 0 9.84735 0.87 -1.27 1.88133 7.52661 6.06473 113.4 
20170507182033 -0.350191 -0.330758 -0.283597 0 0 0 0.999971 0.00498486 -0.00574236 -0.00494959 0.999969 0.00614044 0.00577279 -0.00611184 0.999965 -0.350191 -0.330758 -0.283597 0 0 0 0.999971 0.00498486 -0.00574236 -0.00494959 0.999969 0.00614044 0.00577279 -0.00611184 0.999965 16.0028 4.92537 0 1 2168 0 0 0 0.230623 -0.00577282 9.84735 0.87 -1.27 1.88133 7.52661 6.06473 0 0.230623 0 9.84735 0.87 -1.27 1.88133 7.52661 6.06473 113.3 
20170507182033 -0.509772 -0.133841 -0.290244 0 0 0 0.999984 0.00508628 -0.00229077 -0.00506568 0.999947 0.0089088 0.00233596 -0.00889705 0.999958 -0.509772 -0.133841 -0.290244 0 0 0 0.999984 0.00508628 -0.00229077 -0.00506568 0.999947 0.0089088 0.00233596 -0.00889705 0.999958 17.0301 4.94696 0 1 2168 0 0 0 0.230623 -0.00233596 9.84735 0.86 -1.27 1.90354 7.46274 6.13631 0 0.230623 0 9.84735 0.86 -1.27 1.90354 7.46274 6.13631 113.4 
20170507182033 -0.618499 0.00138286 -0.344287 0 0 0 0.999982 0.00600829 8.89976e-05 -0.00600891 0.999924 0.0107943 -2.41355e-05 -0.0107946 0.999942 -0.618499 0.00138286 -0.344287 0 0 0 0.999982 0.00600829 8.89976e-05 -0.00600891 0.999924 0.0107943 -2.41355e-05 -0.0107946 0.999942 17.6075 4.99087 0 1 2168 0 0 0 0.234319 2.41355e-05 9.84735 0.88 -1.28 1.79892 7.58973 6.01083 0 0.234319 0 9.84735 0.88 -1.28 1.79892 7.58973 6.01083 113.2 
20170507182033 -0.603016 0.0512902 -0.33963 0 0 0 0.999982 0.00591788 0.000957503 -0.00592763 0.999927 0.0105189 -0.000895183 -0.0105244 0.999944 -0.603016 0.0512902 -0.33963 0 0 0 0.999982 0.00591788 0.000957503 -0.00592763 0.999927 0.0105189 -0.000895183 -0.0105244 0.999944 18.4 5.16171 0 1 2168 0 0 0 0.234319 0.000895184 9.84735 0.87 -1.28 1.82059 7.52661 6.08324 0 0.234319 0 9.84735 0.87 -1.28 1.82059 7.52661 6.08324 113.3 
20170507182033 -0.494996 0.167861 -0.324547 0 0 0 0.99998 0.00563887 0.0029785 -0.00566436 0.999947 0.00862248 -0.00292973 -0.00863917 0.999958 -0.494996 0.167861 -0.324547 0 0 0 0.99998 0.00563887 0.0029785 -0.00566436 0.999947 0.00862248 -0.00292973 -0.00863917 0.999958 19.1014 5.41344 0 1 2168 0 0 0 0.234319 0.00292973 9.84735 0.87 -1.28 1.82059 7.52661 6.08324 0 0.234319 0 9.84735 0.87 -1.28 1.82059 7.52661 6.08324 113.4 
20170507182034 0.603925 0.64773 0.199597 0 0 0 0.99993 -0.00336427 0.0113408 0.0034834 0.999939 -0.0105008 -0.0113048 0.0105396 0.999881 0.603925 0.64773 0.199597 0 0 0 0.99993 -0.00336427 0.0113408 0.0034834 0.999939 -0.0105008 -0.0113048 0.0105396 0.999881 19.8443 5.74497 0 1 2167 0 0 0 0.234319 0.011305 9.84735 0.88 -1.27 1.85894 7.58973 5.99254 0 0.234319 0 9.84735 0.88 -1.27 1.85894 7.58973 5.99254 113.3 
20170507182034 0.904639 0.610387 -0.44597 -0.0373131 0.938489 -0.343288 0.999913 0.00795079 0.0105285 -0.00778313 0.999844 -0.0158707 -0.0106531 0.0157874 0.999819 0.904639 0.610387 -0.44597 -0.0373131 0.938489 -0.343288 0.999913 0.00795079 0.0105285 -0.00778313 0.999844 -0.0158707 -0.0106531 0.0157874 0.999819 20.8875 6.76 1 1 2164 0 0 0 0.234319 0.0106533 9.84735 0.88 -1.28 1.79892 7.58973 6.01083 0 0.234319 0 3.43047 -0.550714 -1.08504 1.36481 -1.79515 2.58513 113.5 
20170507182034 0.874687 0.696256 -0.402518 -0.024708 0.946553 -0.3216 0.999901 0.00720989 0.0120427 -0.00702469 0.999857 -0.0153506 -0.0121517 0.0152645 0.99981 0.874687 0.696256 -0.402518 -0.024708 0.946553 -0.3216 0.999901 0.00720989 0.0120427 -0.00702469 0.999857 -0.0153506 -0.0121517 0.0152645 0.99981 22.0366 8.01919 1 1 2164 0 0 0 0.234319 0.012152 9.84735 0.88 -1.27 1.85894 7.58973 5.99254 0 0.234319 0 3.63698 -0.54189 -1.12178 1.35257 -1.8758 2.80706 113.4 
20170507182034 0.0751011 0.133802 0.168043 0.19042 0.955783 -0.224098 0.999993 -0.00292984 0.00233912 0.0029329 0.999995 -0.00130391 -0.00233529 0.00131076 0.999996 0.0751011 0.133802 0.168043 0.19042 0.955783 -0.224098 0.999993 -0.00292984 0.00233912 0.0029329 0.999995 -0.00130391 -0.00233529 0.00131076 0.999996 22.9038 8.66226 1 1 2163 0 0 0 0.234319 0.00233529 9.84735 0.88 -1.27 1.85894 7.58973 5.99254 0 0.234319 0 4.71609 -0.430488 -1.69091 -0.513538 -1.96809 4.25492 113.4 
20170507182034 -0.358583 0.373926 -0.0226125 0.15336 0.956112 -0.249659 0.999979 0.000353811 0.00652853 -0.000394654 0.99998 0.00625583 -0.00652619 -0.00625827 0.999959 -0.358583 0.373926 -0.0226125 0.15336 0.956112 -0.249659 0.999979 0.000353811 0.00652853 -0.000394654 0.99998 0.00625583 -0.00652619 -0.00625827 0.999959 23.4943 8.7802 1 1 2163 0 0 0 0.234319 0.00652624 9.84735 0.9 -1.27 1.8136 7.71369 5.84637 0 0.234319 0 4.20988 -0.454299 -1.63899 -0.25775 -1.84743 3.77408 113.3 
20170507182034 -0.228394 0.24566 0.0246875 0.197581 0.965196 -0.17134 0.999991 -0.000447966 0.00428581 0.000430874 0.999992 0.00398807 -0.00428756 -0.00398619 0.999983 -0.228394 0.24566 0.0246875 0.197581 0.965196 -0.17134 0.999991 -0.000447966 0.00428581 0.000430874 0.999992 0.00398807 -0.00428756 -0.00398619 0.999983 22.4103 8.22603 1 1 2163 0 0 0 0.234319 0.00428757 9.84735 0.88 -1.26 1.91877 7.58973 5.97365 0 0.234319 0 5.20831 -0.407102 -1.65471 -0.400865 -2.06223 4.76582 113.2 
20170507182035 -0.110561 0.285225 0.00319478 0.204645 0.972283 -0.113076 0.999988 -6.53653e-05 0.00497797 5.57587e-05 0.999998 0.00192993 -0.00497809 -0.00192963 0.999986 -0.110561 0.285225 0.00319478 0.204645 0.972283 -0.113076 0.999988 -6.53653e-05 0.00497797 5.57587e-05 0.999998 0.00192993 -0.00497809 -0.00192963 0.999986 21.0865 7.2623 1 1 2163 0 0 0 0.234319 0.00497811 9.84735 0.86 -1.27 1.90354 7.46274 6.13631 0 0.234319 0 5.96723 -0.388445 -1.63413 -0.349525 -2.26009 5.5116 113.4 
20170507182035 0.121419 0.245817 0.0586339 0 0 0 0.99999 -0.00101426 0.00429247 0.00102334 0.999997 -0.00211477 -0.00429031 0.00211914 0.999989 0.121419 0.245817 0.0586339 0 0 0 0.99999 -0.00101426 0.00429247 0.00102334 0.999997 -0.00211477 -0.00429031 0.00211914 0.999989 19.6838 6.20823 0 1 2163 0 0 0 0.237818 0.00429032 9.84735 0.86 -1.27 1.90354 7.46274 6.13631 0 0.237818 0 9.84735 0.86 -1.27 1.90354 7.46274 6.13631 113.2 
