20170507013341 0.233538 -0.540911 -0.056182 0 0 0 0.999955 0.000942073 -0.00944445 -0.000980518 0.999991 -0.00406674 0.00944054 0.00407581 0.999947 0.233538 -0.540911 -0.056182 0.234949 -0.0578255 0.970286 0.999955 0.000942073 -0.00944445 -0.000980518 0.999991 -0.00406674 0.00944054 0.00407581 0.999947 3.79446 1.10772 0 1 1991 0 0 0 
20170507013341 0.125366 -0.50368 -0.0273032 0 0 0 0.999961 0.000457296 -0.00879178 -0.000476513 0.999998 -0.00218385 0.00879076 0.00218796 0.999959 0.125366 -0.50368 -0.0273032 0.293559 0.201106 0.934548 0.999961 0.000457296 -0.00879178 -0.000476513 0.999998 -0.00218385 0.00879076 0.00218796 0.999959 3.26099 1.16944 0 1 1991 0 0 0 
20170507013341 0.0341848 -0.455473 0.0234238 0 0 0 0.999968 -0.000413566 -0.00794918 0.00040881 1 -0.000599887 0.00794943 0.000596618 0.999968 0.0341848 -0.455473 0.0234238 0.194123 0.142336 -0.970596 0.999968 -0.000413566 -0.00794918 0.00040881 1 -0.000599887 0.00794943 0.000596618 0.999968 2.58036 1.20223 0 1 1990 0 0 0 
20170507013341 -0.0265484 -0.317219 0.0492696 0 0 0 0.999984 -0.00085735 -0.00553688 0.000859903 1 0.000458596 0.00553648 -0.00046335 0.999985 -0.0265484 -0.317219 0.0492696 -0.390892 0.0656086 0.918095 0.999984 -0.00085735 -0.00553688 0.000859903 1 0.000458596 0.00553648 -0.00046335 0.999985 2.0459 1.27349 0 1 1989 0 0 0 
20170507013342 0.120361 -0.282587 -0.0495357 0 0 0 0.999987 0.000854198 -0.00493385 -0.00086455 0.999997 -0.00209642 0.00493205 0.00210066 0.999986 0.120361 -0.282587 -0.0495357 -0.185818 0.34001 -0.921881 0.999987 0.000854198 -0.00493385 -0.00086455 0.999997 -0.00209642 0.00493205 0.00210066 0.999986 2.19169 1.52558 0 1 1989 0 0 0 
20170507013342 0.106409 0.0426505 -0.0409075 0 0 0 0.999999 0.000715351 0.000743063 -0.00071397 0.999998 -0.00185771 -0.000744391 0.00185718 0.999998 0.106409 0.0426505 -0.0409075 -0.257492 -0.0750144 -0.963364 0.999999 0.000715351 0.000743063 -0.00071397 0.999998 -0.00185771 -0.000744391 0.00185718 0.999998 2.273 1.75366 0 1 1985 0 0 0 
20170507013342 0.165559 -0.0818929 0.0622576 0 0 0 0.999998 -0.00109073 -0.00142615 0.0010866 0.999995 -0.0028911 0.0014293 0.00288955 0.999995 0.165559 -0.0818929 0.0622576 -0.0479335 -0.285194 -0.957271 0.999998 -0.00109073 -0.00142615 0.0010866 0.999995 -0.0028911 0.0014293 0.00288955 0.999995 3.78574 2.24825 0 1 1962 0 0 0 
20170507013342 0.143732 -0.386516 0.216045 0 0 0 0.99997 -0.0037876 -0.00673639 0.0037706 0.99999 -0.00253401 0.00674592 0.00250854 0.999974 0.143732 -0.386516 0.216045 -0.0118114 -0.382844 -0.923737 0.99997 -0.0037876 -0.00673639 0.0037706 0.99999 -0.00253401 0.00674592 0.00250854 0.999974 5.77453 2.90267 0 1 1932 0 0 0 
20170507013342 -0.717207 0.606502 0.0214829 0 0 0 0.999944 -0.000507417 0.0105797 0.000374927 0.999922 0.0125213 -0.0105853 -0.0125166 0.999866 -0.717207 0.606502 0.0214829 -0.345334 -0.636642 -0.689515 0.999944 -0.000507417 0.0105797 0.000374927 0.999922 0.0125213 -0.0105853 -0.0125166 0.999866 7.75233 3.60992 0 1 1923 0 0 0 
20170507013342 0.0114545 0.282969 -0.0843566 0 0 0 0.999987 0.00147329 0.00493842 -0.00147228 0.999999 -0.000207191 -0.00493872 0.000199917 0.999988 0.0114545 0.282969 -0.0843566 -0.195622 -0.512981 -0.835813 0.999987 0.00147329 0.00493842 -0.00147228 0.999999 -0.000207191 -0.00493872 0.000199917 0.999988 9.85851 4.27086 0 1 1911 0 0 0 
20170507013343 0.10553 0.0770594 0.219516 0 0 0 0.999992 -0.00382878 0.00135198 0.00383126 0.999991 -0.00183668 -0.00134494 0.00184185 0.999997 0.10553 0.0770594 0.219516 -0.148789 -0.534846 -0.831746 0.999992 -0.00382878 0.00135198 0.00383126 0.999991 -0.00183668 -0.00134494 0.00184185 0.999997 12.0141 5.01007 0 1 1909 0 0 0 
20170507013343 0.974066 0.12735 -0.00774192 0 0 0 0.999998 0.000172887 0.00222005 -0.000135122 0.999855 -0.0170001 -0.00222267 0.0169998 0.999853 0.974066 0.12735 -0.00774192 -0.0514702 -0.366051 -0.92917 0.999998 0.000172887 0.00222005 -0.000135122 0.999855 -0.0170001 -0.00222267 0.0169998 0.999853 13.8622 5.66129 0 1 1906 0 0 0 
20170507013343 1.04532 0.471373 -0.198656 0 0 0 0.99996 0.0036167 0.00816225 -0.00346707 0.999827 -0.0182717 -0.00822692 0.0182427 0.9998 1.04532 0.471373 -0.198656 -0.237613 -0.32414 -0.915682 0.99996 0.0036167 0.00816225 -0.00346707 0.999827 -0.0182717 -0.00822692 0.0182427 0.9998 15.2345 6.48515 0 1 1905 0 0 0 
20170507013343 -0.187353 0.305429 0.101359 0 0 0 0.999984 -0.00178647 0.00532489 0.00176903 0.999993 0.00327934 -0.00533071 -0.00326987 0.99998 -0.187353 0.305429 0.101359 -0.178709 -0.527572 -0.830501 0.999984 -0.00178647 0.00532489 0.00176903 0.999993 0.00327934 -0.00533071 -0.00326987 0.99998 16.1531 6.97664 0 1 1897 0 0 0 
20170507013343 -0.630294 0.784379 0.0493866 0 0 0 0.999906 -0.0010125 0.0136793 0.000861877 0.999939 0.0110123 -0.0136896 -0.0109994 0.999846 -0.630294 0.784379 0.0493866 -0.318923 -0.53881 -0.779725 0.999906 -0.0010125 0.0136793 0.000861877 0.999939 0.0110123 -0.0136896 -0.0109994 0.999846 17.2949 7.54835 0 1 1892 0 0 0 
20170507013343 0.902321 -0.0527493 0.0840692 0 0 0 0.999998 -0.0014816 -0.000897427 0.00146728 0.999875 -0.0157492 0.000920649 0.0157478 0.999876 0.902321 -0.0527493 0.0840692 -0.181068 -0.279448 -0.942933 0.999998 -0.0014816 -0.000897427 0.00146728 0.999875 -0.0157492 0.000920649 0.0157478 0.999876 17.214 7.82376 0 1 1886 0 0 0 
20170507013344 -0.0797616 0.965682 -0.225713 0 0 0 0.99985 0.00391596 0.0168589 -0.00393886 0.999991 0.0013257 -0.0168535 -0.0013919 0.999857 -0.0797616 0.965682 -0.225713 -0.46061 -0.360021 -0.81131 0.99985 0.00391596 0.0168589 -0.00393886 0.999991 0.0013257 -0.0168535 -0.0013919 0.999857 17.3798 8.39111 0 1 1835 0 0 0 
20170507013344 -0.361539 0.606806 0.022595 0 0 0 0.999944 -0.000461175 0.0105879 0.000394335 0.99998 0.00631418 -0.0105906 -0.00630965 0.999924 -0.361539 0.606806 0.022595 -0.352738 -0.381489 -0.854425 0.999944 -0.000461175 0.0105879 0.000394335 0.99998 0.00631418 -0.0105906 -0.00630965 0.999924 17.8227 8.96376 0 1 1824 0 0 0 
20170507013344 0.391642 -0.0265918 0.00658771 0 0 0 1 -0.000118147 -0.000463318 0.000114977 0.999977 -0.00683545 0.000464115 0.00683539 0.999977 0.391642 -0.0265918 0.00658771 -0.265896 -0.216093 -0.93947 1 -0.000118147 -0.000463318 0.000114977 0.999977 -0.00683545 0.000464115 0.00683539 0.999977 17.9367 9.14195 0 1 1822 0 0 0 
20170507013344 0.102589 -0.448933 -0.0850552 0 0 0 0.999968 0.00147046 -0.00783792 -0.00148445 0.999997 -0.00177889 0.00783529 0.00179046 0.999968 0.102589 -0.448933 -0.0850552 -0.190206 -0.217905 -0.957256 0.999968 0.00147046 -0.00783792 -0.00148445 0.999997 -0.00177889 0.00783529 0.00179046 0.999968 18.154 9.29346 0 1 1814 0 0 0 
20170507013344 0.161789 -0.300066 -0.0910871 0 0 0 0.999985 0.00157497 -0.00524157 -0.00158975 0.999995 -0.00281541 0.00523711 0.0028237 0.999982 0.161789 -0.300066 -0.0910871 -0.198732 -0.166422 -0.965821 0.999985 0.00157497 -0.00524157 -0.00158975 0.999995 -0.00281541 0.00523711 0.0028237 0.999982 18.1841 9.16489 0 1 1814 0 0 0 
20170507013344 -0.55704 0.185184 -0.0318137 0 0 0 0.999995 0.000523806 0.00323731 -0.000555252 0.999953 0.00972024 -0.00323206 -0.00972198 0.999948 -0.55704 0.185184 -0.0318137 -0.259642 -0.259453 -0.930199 0.999995 0.000523806 0.00323731 -0.000555252 0.999953 0.00972024 -0.00323206 -0.00972198 0.999948 18.9216 9.1635 0 1 1803 0 0 0 
20170507013345 0.0145574 0.513741 0.0375192 0 0 0 0.99996 -0.000652556 0.00896652 0.000654808 1 -0.000248203 -0.00896636 0.000254064 0.99996 0.0145574 0.513741 0.0375192 -0.280764 -0.107449 -0.953743 0.99996 -0.000652556 0.00896652 0.000654808 1 -0.000248203 -0.00896636 0.000254064 0.99996 19.86 9.17639 0 1 1793 0 0 0 
20170507013345 0.811578 -0.741842 -0.166527 -0.0803549 0.0113966 -0.996701 0.999912 0.00272277 -0.012987 -0.0029062 0.999896 -0.0141265 0.0129472 0.014163 0.999816 0.811578 -0.741842 -0.166527 -0.0803549 0.0113966 -0.996701 0.999912 0.00272277 -0.012987 -0.0029062 0.999896 -0.0141265 0.0129472 0.014163 0.999816 20.5795 9.23232 1 1 1791 0 0 0 
20170507013345 0.849223 0.281985 -0.0984949 -0.226375 0.0483235 -0.972841 0.999986 0.00179181 0.00489553 -0.00171904 0.999889 -0.0148296 -0.00492155 0.014821 0.999878 0.849223 0.281985 -0.0984949 -0.226375 0.0483235 -0.972841 0.999986 0.00179181 0.00489553 -0.00171904 0.999889 -0.0148296 -0.00492155 0.014821 0.999878 21.5488 9.55979 1 1 1782 0 0 0 
20170507013345 0.404072 0.0706506 -0.146312 -0.15417 -0.0481484 -0.986871 0.999996 0.00256226 0.00121504 -0.00255363 0.999972 -0.00705545 -0.00123309 0.00705232 0.999974 0.404072 0.0706506 -0.146312 -0.15417 -0.0481484 -0.986871 0.999996 0.00256226 0.00121504 -0.00255363 0.999972 -0.00705545 -0.00123309 0.00705232 0.999974 22.729 10.0088 1 1 1771 0 0 0 
20170507013345 0.844459 0.0150327 -0.143457 -0.14641 0.0218279 -0.988983 0.999997 0.00250739 0.00022544 -0.00250379 0.999888 -0.0147387 -0.000262371 0.0147381 0.999891 0.844459 0.0150327 -0.143457 -0.14641 0.0218279 -0.988983 0.999997 0.00250739 0.00022544 -0.00250379 0.999888 -0.0147387 -0.000262371 0.0147381 0.999891 23.8722 10.5487 1 1 1765 0 0 0 
20170507013345 -0.166129 -0.513361 0.0603701 -0.0483701 -0.13037 -0.990285 0.999959 -0.00102767 -0.00896274 0.00105362 0.999995 0.00289005 0.00895972 -0.00289938 0.999956 -0.166129 -0.513361 0.0603701 -0.0483701 -0.13037 -0.990285 0.999959 -0.00102767 -0.00896274 0.00105362 0.999995 0.00289005 0.00895972 -0.00289938 0.999956 24.8609 10.8788 1 1 1754 0 0 0 
20170507013346 -0.164364 0.844627 -0.243704 -0.190841 -0.131005 -0.97284 0.999882 0.00421111 0.014753 -0.00425296 0.999987 0.00280597 -0.014741 -0.00286838 0.999887 -0.164364 0.844627 -0.243704 -0.190841 -0.131005 -0.97284 0.999882 0.00421111 0.014753 -0.00425296 0.999987 0.00280597 -0.014741 -0.00286838 0.999887 25.7602 11.311 1 1 1739 0 0 0 
20170507013346 0.128619 0.804853 -0.288553 -0.193761 -0.0726392 -0.978356 0.999889 0.0050677 0.0140354 -0.00503568 0.999985 -0.00231554 -0.0140469 0.00224461 0.999899 0.128619 0.804853 -0.288553 -0.193761 -0.0726392 -0.978356 0.999889 0.0050677 0.0140354 -0.00503568 0.999985 -0.00231554 -0.0140469 0.00224461 0.999899 26.6122 11.5278 1 1 1724 0 0 0 
20170507013346 0.151354 -0.498622 -0.177082 -0.0293064 -0.0814883 -0.996243 0.999957 0.00306766 -0.00871059 -0.00309054 0.999992 -0.00261471 0.00870249 0.00264151 0.999959 0.151354 -0.498622 -0.177082 -0.0293064 -0.0814883 -0.996243 0.999957 0.00306766 -0.00871059 -0.00309054 0.999992 -0.00261471 0.00870249 0.00264151 0.999959 27.2515 11.8586 1 1 1711 0 0 0 
20170507013346 0.181358 0.652451 -0.0442822 -0.12377 -0.0749745 -0.989475 0.999935 0.000808909 0.0113847 -0.00077282 0.999995 -0.00317409 -0.0113872 0.00316508 0.99993 0.181358 0.652451 -0.0442822 -0.12377 -0.0749745 -0.989475 0.999935 0.000808909 0.0113847 -0.00077282 0.999995 -0.00317409 -0.0113872 0.00316508 0.99993 28.2391 12.2615 1 1 1696 0 0 0 
20170507013346 -0.535449 -0.505802 -0.0879737 -0.0186814 -0.163881 -0.986303 0.99996 0.00161786 -0.00881305 -0.00153537 0.999955 0.00935875 0.00882779 -0.00934485 0.999917 -0.535449 -0.505802 -0.0879737 -0.0186814 -0.163881 -0.986303 0.99996 0.00161786 -0.00881305 -0.00153537 0.999955 0.00935875 0.00882779 -0.00934485 0.999917 29.4056 12.7953 1 1 1683 0 0 0 
20170507013347 -0.0565545 -0.447963 -0.228999 -0.0329956 -0.0964199 -0.994794 0.999961 0.00400449 -0.00781434 -0.00399665 0.999991 0.0010183 0.00781836 -0.000987032 0.999969 -0.0565545 -0.447963 -0.228999 -0.0329956 -0.0964199 -0.994794 0.999961 0.00400449 -0.00781434 -0.00399665 0.999991 0.0010183 0.00781836 -0.000987032 0.999969 30.6068 13.0168 1 1 1674 0 0 0 
20170507013347 0.0141784 -1.7887 -0.0301044 0.082836 -0.0929609 -0.992218 0.999513 0.000517696 -0.0312138 -0.000525164 1 -0.000231059 0.0312137 0.000247339 0.999513 0.0141784 -1.7887 -0.0301044 0.082836 -0.0929609 -0.992218 0.999513 0.000517696 -0.0312138 -0.000525164 1 -0.000231059 0.0312137 0.000247339 0.999513 31.4838 13.3533 1 1 1670 0 0 0 
20170507013347 -0.0219888 -0.812629 0.034213 0.00320846 -0.0804175 -0.996756 0.999899 -0.000591686 -0.0141828 0.000597069 1 0.000375308 0.0141826 -0.000383738 0.999899 -0.0219888 -0.812629 0.034213 0.00320846 -0.0804175 -0.996756 0.999899 -0.000591686 -0.0141828 0.000597069 1 0.000375308 0.0141826 -0.000383738 0.999899 32.3293 13.7271 1 1 1665 0 0 0 
20170507013347 -0.784031 -1.92042 -0.0213486 0.0972722 -0.159814 -0.982343 0.999438 0.000831123 -0.0335032 -0.000372395 0.999906 0.013696 0.0335114 -0.0136758 0.999345 -0.784031 -1.92042 -0.0213486 0.0972722 -0.159814 -0.982343 0.999438 0.000831123 -0.0335032 -0.000372395 0.999906 0.013696 0.0335114 -0.0136758 0.999345 32.9129 13.6509 1 1 1654 0 0 0 
20170507013347 0.131447 -0.245541 0.0162105 -0.0553669 -0.0650798 -0.996343 0.999991 -0.000292757 -0.00428483 0.000282924 0.999997 -0.0022954 0.00428549 0.00229417 0.999988 0.131447 -0.245541 0.0162105 -0.0553669 -0.0650798 -0.996343 0.999991 -0.000292757 -0.00428483 0.000282924 0.999997 -0.0022954 0.00428549 0.00229417 0.999988 33.3569 13.8492 1 1 1644 0 0 0 
20170507013347 0.39617 -0.0752962 -0.0921472 -0.102881 -0.0269293 -0.994329 0.999998 0.00159915 -0.00132525 -0.00160827 0.999975 -0.0069123 0.00131417 0.00691442 0.999975 0.39617 -0.0752962 -0.0921472 -0.102881 -0.0269293 -0.994329 0.999998 0.00159915 -0.00132525 -0.00160827 0.999975 -0.0069123 0.00131417 0.00691442 0.999975 34.0988 13.9701 1 1 1633 0 0 0 
20170507013348 -0.634832 -0.0308226 0.0223749 -0.0736223 -0.108365 -0.991381 1 -0.000384532 -0.00054225 0.000390516 0.999939 0.0110795 0.000537957 -0.0110797 0.999938 -0.634832 -0.0308226 0.0223749 -0.0736223 -0.108365 -0.991381 1 -0.000384532 -0.00054225 0.000390516 0.999939 0.0110795 0.000537957 -0.0110797 0.999938 35.0217 14.0603 1 1 1620 0 0 0 
20170507013348 -0.381952 -0.261543 -0.100502 -0.0747184 -0.0860745 -0.993483 0.999988 0.00178449 -0.00455298 -0.00175408 0.999976 0.00667426 0.00456478 -0.0066662 0.999967 -0.381952 -0.261543 -0.100502 -0.0747184 -0.0860745 -0.993483 0.999988 0.00178449 -0.00455298 -0.00175408 0.999976 0.00667426 0.00456478 -0.0066662 0.999967 35.6132 14.7584 1 1 1585 0 0 0 
20170507013348 -0.280814 -1.00502 -0.0641191 -0.00830115 -0.0772494 -0.996977 0.999846 0.00120504 -0.0175343 -0.00111892 0.999987 0.00492074 0.01754 -0.00490036 0.999834 -0.280814 -1.00502 -0.0641191 -0.00830115 -0.0772494 -0.996977 0.999846 0.00120504 -0.0175343 -0.00111892 0.999987 0.00492074 0.01754 -0.00490036 0.999834 35.9462 14.5961 1 1 1575 0 0 0 
20170507013348 0.332473 0.406352 0.0350907 -0.108144 0.00409783 -0.994127 0.999975 -0.000571285 0.00709555 0.000612433 0.999983 -0.00579838 -0.00709212 0.00580257 0.999958 0.332473 0.406352 0.0350907 -0.108144 0.00409783 -0.994127 0.999975 -0.000571285 0.00709555 0.000612433 0.999983 -0.00579838 -0.00709212 0.00580257 0.999958 36.1513 14.3831 1 1 1570 0 0 0 
20170507013348 -0.928164 -0.779574 0.0793287 -0.0165647 -0.10472 -0.994364 0.999906 -0.00116397 -0.0136263 0.00138442 0.999868 0.01618 0.0136057 -0.0161973 0.999776 -0.928164 -0.779574 0.0793287 -0.0165647 -0.10472 -0.994364 0.999906 -0.00116397 -0.0136263 0.00138442 0.999868 0.01618 0.0136057 -0.0161973 0.999776 36.9653 15.0899 1 1 1555 0 0 0 
20170507013349 -0.191525 -1.33322 0.254804 0.0141058 -0.0408804 -0.999064 0.999719 -0.00436935 -0.0232815 0.00444594 0.999985 0.00323924 0.023267 -0.00334184 0.999724 -0.191525 -1.33322 0.254804 0.0141058 -0.0408804 -0.999064 0.999719 -0.00436935 -0.0232815 0.00444594 0.999985 0.00323924 0.023267 -0.00334184 0.999724 38.2118 15.7563 1 1 1538 0 0 0 
20170507013349 0.0566891 -0.153541 -0.214909 -0.127336 0.0161473 -0.991728 0.999989 0.0037482 -0.00268348 -0.00375084 0.999992 -0.000979353 0.00267978 0.000989408 0.999996 0.0566891 -0.153541 -0.214909 -0.127336 0.0161473 -0.991728 0.999989 0.0037482 -0.00268348 -0.00375084 0.999992 -0.000979353 0.00267978 0.000989408 0.999996 39.0746 15.9668 1 1 1532 0 0 0 
20170507013349 -1.11259 -1.82257 -0.00229166 0.0426993 -0.0948395 -0.994576 0.999494 0.00065754 -0.0317977 -3.99767e-05 0.999811 0.0194184 0.0318045 -0.0194073 0.999306 -1.11259 -1.82257 -0.00229166 0.0426993 -0.0948395 -0.994576 0.999494 0.00065754 -0.0317977 -3.99767e-05 0.999811 0.0194184 0.0318045 -0.0194073 0.999306 39.9859 16.0931 1 1 1521 0 0 0 
20170507013349 -0.344582 -0.352779 0.0502989 -0.0629323 -0.0156736 -0.997895 0.999981 -0.000840836 -0.00616228 0.000877864 0.999982 0.00600864 0.00615711 -0.00601394 0.999963 -0.344582 -0.352779 0.0502989 -0.0629323 -0.0156736 -0.997895 0.999981 -0.000840836 -0.00616228 0.000877864 0.999982 0.00600864 0.00615711 -0.00601394 0.999963 40.8105 15.9221 1 1 1518 0 0 0 
20170507013349 -0.819655 -0.965872 0.0962517 -0.0532625 -0.0412042 -0.99773 0.999857 -0.0014386 -0.0168791 0.00167967 0.999897 0.0142769 0.0168568 -0.0143032 0.999756 -0.819655 -0.965872 0.0962517 -0.0532625 -0.0412042 -0.99773 0.999857 -0.0014386 -0.0168791 0.00167967 0.999897 0.0142769 0.0168568 -0.0143032 0.999756 41.6907 15.7807 1 1 1516 0 0 0 
20170507013350 -1.39681 -0.893322 0.274721 -0.0461626 -0.0847918 -0.995329 0.999867 -0.0044133 -0.0157028 0.00479418 0.999693 0.0243014 0.0155908 -0.0243735 0.999581 -1.39681 -0.893322 0.274721 -0.0461626 -0.0847918 -0.995329 0.999867 -0.0044133 -0.0157028 0.00479418 0.999693 0.0243014 0.0155908 -0.0243735 0.999581 42.2914 15.8908 1 1 1512 0 0 0 
20170507013350 -0.105532 1.24139 -0.188738 -0.244337 0.0279829 -0.969287 0.99976 0.00325418 0.0216706 -0.00329331 0.999993 0.00177051 -0.0216647 -0.00184145 0.999764 -0.105532 1.24139 -0.188738 -0.244337 0.0279829 -0.969287 0.99976 0.00325418 0.0216706 -0.00329331 0.999993 0.00177051 -0.0216647 -0.00184145 0.999764 43.123 16.336 1 1 1505 0 0 0 
20170507013350 0.40335 -1.49443 0.08219 -0.0308374 0.0572057 -0.997886 0.999659 -0.00161804 -0.026069 0.001434 0.999974 -0.00707713 0.0260798 0.00703733 0.999635 0.40335 -1.49443 0.08219 -0.0308374 0.0572057 -0.997886 0.999659 -0.00161804 -0.026069 0.001434 0.999974 -0.00707713 0.0260798 0.00703733 0.999635 43.9787 16.5578 1 1 1504 0 0 0 
20170507013350 -0.428346 -0.858949 -0.144171 -0.0732714 -0.00511856 -0.997299 0.999884 0.00262825 -0.0149716 -0.00251597 0.999969 0.00751368 0.0149909 -0.00747515 0.99986 -0.428346 -0.858949 -0.144171 -0.0732714 -0.00511856 -0.997299 0.999884 0.00262825 -0.0149716 -0.00251597 0.999969 0.00751368 0.0149909 -0.00747515 0.99986 44.4393 16.5244 1 1 1497 0 0 0 
20170507013350 -0.386404 -0.99077 -0.183266 -0.0764856 -0.00319678 -0.997066 0.999845 0.00331513 -0.0172693 -0.00319811 0.999972 0.00679924 0.0172913 -0.00674296 0.999828 -0.386404 -0.99077 -0.183266 -0.0764856 -0.00319678 -0.997066 0.999845 0.00331513 -0.0172693 -0.00319811 0.999972 0.00679924 0.0172913 -0.00674296 0.999828 44.9487 16.8407 1 1 1497 0 0 0 
20170507013351 0.481221 -0.473357 -0.343357 -0.117093 0.0414142 -0.992257 0.999948 0.00592308 -0.00831144 -0.00599248 0.999947 -0.00834914 0.00826155 0.00839851 0.999931 0.481221 -0.473357 -0.343357 -0.117093 0.0414142 -0.992257 0.999948 0.00592308 -0.00831144 -0.00599248 0.999947 -0.00834914 0.00826155 0.00839851 0.999931 45.2245 16.9187 1 1 1493 0 0 0 
20170507013351 -0.688693 -1.46371 -0.223193 0.0706524 0.0432042 0.996565 0.999666 0.00420219 -0.0254949 -0.00389418 0.999919 0.0121191 0.0255438 -0.0120157 0.999601 -0.688693 -1.46371 -0.223193 0.0706524 0.0432042 0.996565 0.999666 0.00420219 -0.0254949 -0.00389418 0.999919 0.0121191 0.0255438 -0.0120157 0.999601 46.3271 17.3874 1 1 1490 0 0 0 
20170507013351 -0.385905 -0.629828 0.484815 -0.109963 -0.0130033 -0.993851 0.999904 -0.00838729 -0.0110487 0.00846101 0.999942 0.006642 0.0109924 -0.00673485 0.999917 -0.385905 -0.629828 0.484815 -0.109963 -0.0130033 -0.993851 0.999904 -0.00838729 -0.0110487 0.00846101 0.999942 0.006642 0.0109924 -0.00673485 0.999917 47.0811 17.4383 1 1 1488 0 0 0 
20170507013351 0.268137 0.264758 -0.158409 -0.173459 0.0267631 -0.984477 0.999986 0.00278635 0.00460787 -0.00276473 0.999985 -0.00469261 -0.00462088 0.0046798 0.999978 0.268137 0.264758 -0.158409 -0.173459 0.0267631 -0.984477 0.999986 0.00278635 0.00460787 -0.00276473 0.999985 -0.00469261 -0.00462088 0.0046798 0.999978 48.1812 17.8376 1 1 1481 0 0 0 
20170507013351 -1.23974 -0.926851 0.0470452 -0.0955854 -0.066913 -0.99317 0.999869 -0.000470921 -0.0161899 0.000820986 0.999766 0.0216226 0.0161759 -0.0216331 0.999635 -1.23974 -0.926851 0.0470452 -0.0955854 -0.066913 -0.99317 0.999869 -0.000470921 -0.0161899 0.000820986 0.999766 0.0216226 0.0161759 -0.0216331 0.999635 49.4663 18.2593 1 1 1473 0 0 0 
20170507013352 -1.16351 -2.14377 -0.0436685 0.0285634 0.0965347 0.99492 0.9993 0.00152158 -0.037384 -0.000761625 0.999793 0.0203341 0.0374072 -0.0202914 0.999094 -1.16351 -2.14377 -0.0436685 0.0285634 0.0965347 0.99492 0.9993 0.00152158 -0.037384 -0.000761625 0.999793 0.0203341 0.0374072 -0.0202914 0.999094 49.9515 18.5401 1 1 1472 0 0 0 
20170507013352 1.25571 1.58526 -0.238513 -0.275873 0.0828041 -0.957621 0.999609 0.00476808 0.0275664 -0.00416124 0.999749 -0.0220294 -0.0276645 0.0219061 0.999377 1.25571 1.58526 -0.238513 -0.275873 0.0828041 -0.957621 0.999609 0.00476808 0.0275664 -0.00416124 0.999749 -0.0220294 -0.0276645 0.0219061 0.999377 49.9551 18.6557 1 1 1469 0 0 0 
20170507013352 1.44145 1.70288 0.19481 -0.260621 0.0891525 -0.961316 0.999553 -0.00265146 0.0297925 0.00339856 0.99968 -0.0250543 -0.0297166 0.0251444 0.999242 1.44145 1.70288 0.19481 -0.260621 0.0891525 -0.961316 0.999553 -0.00265146 0.0297925 0.00339856 0.99968 -0.0250543 -0.0297166 0.0251444 0.999242 50.5299 19.1347 1 1 1460 0 0 0 
20170507013352 0.132012 -0.19873 -0.285304 -0.1648 0.00974384 -0.986279 0.999982 0.00497146 -0.0034799 -0.00497944 0.999985 -0.00228674 0.00346848 0.00230403 0.999991 0.132012 -0.19873 -0.285304 -0.1648 0.00974384 -0.986279 0.999982 0.00497146 -0.0034799 -0.00497944 0.999985 -0.00228674 0.00346848 0.00230403 0.999991 51.2245 19.3313 1 1 1452 0 0 0 
20170507013352 -1.52595 -0.634774 -0.133414 -0.105963 -0.108056 -0.988482 0.999936 0.0026227 -0.0110127 -0.00232836 0.999642 0.0266554 0.0110787 -0.0266281 0.999584 -1.52595 -0.634774 -0.133414 -0.105963 -0.108056 -0.988482 0.999936 0.0026227 -0.0110127 -0.00232836 0.999642 0.0266554 0.0110787 -0.0266281 0.999584 51.9899 19.5019 1 1 1448 0 0 0 
20170507013353 0.754958 1.22108 0.385553 -0.232137 0.0627654 -0.970656 0.99975 -0.00644775 0.0213966 0.00672759 0.999892 -0.0130324 -0.0213103 0.0131731 0.999686 0.754958 1.22108 0.385553 -0.232137 0.0627654 -0.970656 0.99975 -0.00644775 0.0213966 0.00672759 0.999892 -0.0130324 -0.0213103 0.0131731 0.999686 52.7426 19.3005 1 1 1441 0 0 0 
20170507013353 0.579656 1.03187 0.029712 -0.207565 0.0648037 -0.976072 0.999838 -0.000336357 0.0180129 0.000518488 0.999949 -0.0101074 -0.0180086 0.0101151 0.999787 0.579656 1.03187 0.029712 -0.207565 0.0648037 -0.976072 0.999838 -0.000336357 0.0180129 0.000518488 0.999949 -0.0101074 -0.0180086 0.0101151 0.999787 53.7869 19.0207 1 1 1435 0 0 0 
20170507013353 -1.93301 -1.31232 0.11356 -0.0523055 -0.110525 -0.992496 0.999736 -0.00120835 -0.022956 0.00198147 0.999431 0.0336855 0.0229023 -0.0337221 0.999169 -1.93301 -1.31232 0.11356 -0.0523055 -0.110525 -0.992496 0.999736 -0.00120835 -0.022956 0.00198147 0.999431 0.0336855 0.0229023 -0.0337221 0.999169 55.2702 19.1687 1 1 1428 0 0 0 
20170507013353 -1.77773 -1.24058 0.160346 -0.0456488 -0.0605921 -0.997118 0.999762 -0.00212556 -0.0217269 0.0027979 0.999517 0.0309615 0.0216506 -0.031015 0.999284 -1.77773 -1.24058 0.160346 -0.0456488 -0.0605921 -0.997118 0.999762 -0.00212556 -0.0217269 0.0027979 0.999517 0.0309615 0.0216506 -0.031015 0.999284 56.7431 19.0333 1 1 1419 0 0 0 
20170507013353 -0.218302 -0.122947 -0.219969 -0.135368 0.0508956 -0.989487 0.99999 0.00384732 -0.00213117 -0.00383917 0.999985 0.00381829 0.00214583 -0.00381007 0.99999 -0.218302 -0.122947 -0.219969 -0.135368 0.0508956 -0.989487 0.99999 0.00384732 -0.00213117 -0.00383917 0.999985 0.00381829 0.00214583 -0.00381007 0.99999 57.818 18.9681 1 1 1416 0 0 0 
20170507013354 -0.777273 -2.57477 -0.120119 0.0151512 0.00882609 -0.999846 0.998988 0.00270568 -0.0448904 -0.00209435 0.999905 0.0136597 0.0449231 -0.0135519 0.998899 -0.777273 -2.57477 -0.120119 0.0151512 0.00882609 -0.999846 0.998988 0.00270568 -0.0448904 -0.00209435 0.999905 0.0136597 0.0449231 -0.0135519 0.998899 58.8697 19.4166 1 1 1410 0 0 0 
20170507013354 -0.912831 -0.365088 0.154242 -0.106081 0.0320008 -0.993842 0.999976 -0.00259018 -0.006414 0.00269198 0.99987 0.015914 0.00637195 -0.0159309 0.999853 -0.912831 -0.365088 0.154242 -0.106081 0.0320008 -0.993842 0.999976 -0.00259018 -0.006414 0.00269198 0.99987 0.015914 0.00637195 -0.0159309 0.999853 59.7907 19.8244 1 1 1403 0 0 0 
20170507013354 -1.69275 -1.7724 -0.176091 -0.0396968 -0.0222169 -0.998965 0.999517 0.00398567 -0.0308249 -0.0030719 0.999556 0.0296347 0.0309294 -0.0295257 0.999085 -1.69275 -1.7724 -0.176091 -0.0396968 -0.0222169 -0.998965 0.999517 0.00398567 -0.0308249 -0.0030719 0.999556 0.0296347 0.0309294 -0.0295257 0.999085 61.0095 20.4543 1 1 1392 0 0 0 
20170507013354 -2.69984 -0.152098 -0.238281 -0.134979 -0.0659455 -0.988652 0.999988 0.0042792 -0.00245575 -0.00415876 0.998881 0.0471142 0.00265462 -0.0471034 0.998886 -2.69984 -0.152098 -0.238281 -0.134979 -0.0659455 -0.988652 0.999988 0.0042792 -0.00245575 -0.00415876 0.998881 0.0471142 0.00265462 -0.0471034 0.998886 63.1554 21.024 1 1 1384 0 0 0 
20170507013355 0.604403 -4.21406 -0.722474 0.10618 0.174412 -0.978931 0.997217 0.0118334 -0.073606 -0.0125751 0.999875 -0.00962129 0.0734829 0.0105201 0.997241 0.604403 -4.21406 -0.722474 0.10618 0.174412 -0.978931 0.997217 0.0118334 -0.073606 -0.0125751 0.999875 -0.00962129 0.0734829 0.0105201 0.997241 64.9869 21.3258 1 1 1374 0 0 0 
20170507013355 -0.174566 0.781725 0.0518357 -0.193441 0.145292 -0.970294 0.999907 -0.000946267 0.0136404 0.00090462 0.999995 0.00305909 -0.0136432 -0.00304646 0.999902 -0.174566 0.781725 0.0518357 -0.193441 0.145292 -0.970294 0.999907 -0.000946267 0.0136404 0.00090462 0.999995 0.00305909 -0.0136432 -0.00304646 0.999902 65.6283 20.992 1 1 1368 0 0 0 
20170507013355 -3.24908 -2.1046 0.0226103 0.0080506 -0.0372916 -0.999272 0.999325 0.00168741 -0.0366873 0.000394357 0.998393 0.0566623 0.036724 -0.0566386 0.997719 -3.24908 -2.1046 0.0226103 0.0080506 -0.0372916 -0.999272 0.999325 0.00168741 -0.0366873 0.000394357 0.998393 0.0566623 0.036724 -0.0566386 0.997719 66.4552 20.9205 1 1 1355 0 0 0 
20170507013356 -1.95649 -1.9108 -0.0229515 0.00491865 0.077335 -0.996993 0.999444 0.00153871 -0.0333105 -0.000400356 0.999417 0.0341539 0.0333436 -0.0341216 0.998861 -1.95649 -1.9108 -0.0229515 0.00491865 0.077335 -0.996993 0.999444 0.00153871 -0.0333105 -0.000400356 0.999417 0.0341539 0.0333436 -0.0341216 0.998861 67.4278 20.8298 1 1 1346 0 0 0 
20170507013356 -0.840045 -1.1444 -0.051249 -0.0579085 0.152625 -0.986586 0.9998 0.00118718 -0.019957 -0.000894285 0.999892 0.0146789 0.0199722 -0.0146581 0.999693 -0.840045 -1.1444 -0.051249 -0.0579085 0.152625 -0.986586 0.9998 0.00118718 -0.019957 -0.000894285 0.999892 0.0146789 0.0199722 -0.0146581 0.999693 68.4704 20.9353 1 1 1342 0 0 0 
20170507013356 -4.9686 -2.19224 0.392052 0.0301842 0.117632 0.992598 0.999245 -0.00350387 -0.0387005 0.00683754 0.996242 0.086347 0.0382525 -0.0865464 0.995513 -4.9686 -2.19224 0.392052 0.0301842 0.117632 0.992598 0.999245 -0.00350387 -0.0387005 0.00683754 0.996242 0.086347 0.0382525 -0.0865464 0.995513 69.915 22.1154 1 1 1342 0 0 0 
20170507013356 0.536156 -1.62324 -0.308483 -0.0990211 0.213014 -0.972018 0.999584 0.00511872 -0.0283758 -0.00538186 0.999943 -0.0092049 0.0283271 0.00935379 0.999555 0.536156 -1.62324 -0.308483 -0.0990211 0.213014 -0.972018 0.999584 0.00511872 -0.0283758 -0.00538186 0.999943 -0.0092049 0.0283271 0.00935379 0.999555 71.4361 22.8985 1 1 1341 0 0 0 
20170507013357 -3.27425 -1.5832 0.520263 0.102419 0.0339758 0.994161 0.999577 -0.00748741 -0.028101 0.00907672 0.998341 0.0568625 0.0276286 -0.0570936 0.997986 -3.27425 -1.5832 0.520263 0.102419 0.0339758 0.994161 0.999577 -0.00748741 -0.028101 0.00907672 0.998341 0.0568625 0.0276286 -0.0570936 0.997986 70.9981 23.6352 1 1 1338 0 0 0 
20170507013357 -2.07331 -2.14495 0.211056 0.106784 -0.0488788 0.99308 0.999293 -0.00232715 -0.0375362 0.00368104 0.999344 0.0360402 0.0374277 -0.0361529 0.998645 -2.07331 -2.14495 0.211056 0.106784 -0.0488788 0.99308 0.999293 -0.00232715 -0.0375362 0.00368104 0.999344 0.0360402 0.0374277 -0.0361529 0.998645 71.074 24.2197 1 1 1332 0 0 0 
20170507013357 -1.27781 -0.777203 -0.165339 -0.154233 0.0520436 -0.986663 0.999904 0.00318747 -0.0134966 -0.00288544 0.999746 0.0223392 0.0135643 -0.0222982 0.999659 -1.27781 -0.777203 -0.165339 -0.154233 0.0520436 -0.986663 0.999904 0.00318747 -0.0134966 -0.00288544 0.999746 0.0223392 0.0135643 -0.0222982 0.999659 71.1265 24.7307 1 1 1328 0 0 0 
20170507013358 -3.6774 -0.257266 0.416633 0.196513 0.0729706 0.977782 0.999963 -0.00696859 -0.00494716 0.00727148 0.997917 0.0641043 0.00449013 -0.064138 0.997931 -3.6774 -0.257266 0.416633 0.196513 0.0729706 0.977782 0.999963 -0.00696859 -0.00494716 0.00727148 0.997917 0.0641043 0.00449013 -0.064138 0.997931 72.0172 24.7599 1 1 1320 0 0 0 
20170507013358 -1.01291 -1.95458 0.110589 -0.125284 0.0743319 -0.989332 0.999416 -0.00132691 -0.034136 0.00192903 0.999843 0.0176118 0.0341073 -0.0176674 0.999262 -1.01291 -1.95458 0.110589 -0.125284 0.0743319 -0.989332 0.999416 -0.00132691 -0.034136 0.00192903 0.999843 0.0176118 0.0341073 -0.0176674 0.999262 72.7972 24.9749 1 1 1319 0 0 0 
20170507013359 -1.41716 -0.919731 0.258418 -0.171185 0.077861 -0.982158 0.999861 -0.00411187 -0.0161581 0.00450965 0.999686 0.0246589 0.0160516 -0.0247283 0.999565 -1.41716 -0.919731 0.258418 -0.171185 0.077861 -0.982158 0.999861 -0.00411187 -0.0161581 0.00450965 0.999686 0.0246589 0.0160516 -0.0247283 0.999565 74.9621 24.7937 1 1 1316 0 0 0 
20170507013359 -2.46301 -0.328466 0.0942794 -0.187994 0.00734968 -0.982143 0.999982 -0.0013976 -0.00579819 0.00164546 0.999075 0.0429649 0.00573278 -0.0429736 0.99906 -2.46301 -0.328466 0.0942794 -0.187994 0.00734968 -0.982143 0.999982 -0.0013976 -0.00579819 0.00164546 0.999075 0.0429649 0.00573278 -0.0429736 0.99906 76.6085 25.2688 1 1 1311 0 0 0 
20170507013400 -0.0288834 -2.53803 0.0129025 -0.0314932 0.182925 -0.982622 0.999019 -0.000202868 -0.0442827 0.000224971 1 0.000494138 0.0442826 -0.000503615 0.999019 -0.0288834 -2.53803 0.0129025 -0.0314932 0.182925 -0.982622 0.999019 -0.000202868 -0.0442827 0.000224971 1 0.000494138 0.0442826 -0.000503615 0.999019 78.4367 25.5733 1 1 1306 0 0 0 
20170507013400 -6.76199 2.5961 0.0710855 0 0 0 0.998973 -0.00656531 0.0448338 0.0012394 0.993036 0.117801 -0.045295 -0.117624 0.992025 -6.76199 2.5961 0.0710855 0 0 0 0.998973 -0.00656531 0.0448338 0.0012394 0.993036 0.117801 -0.045295 -0.117624 0.992025 78.4367 25.5733 1 0 1304 0 0 0 
20170507013401 -1.14549 -0.892573 -0.617743 -0.129778 0.170965 -0.976693 0.999821 0.0110907 -0.0153581 -0.0107801 0.999739 0.0201579 0.0155777 -0.0199887 0.999679 -1.14549 -0.892573 -0.617743 -0.129778 0.170965 -0.976693 0.999821 0.0110907 -0.0153581 -0.0107801 0.999739 0.0201579 0.0155777 -0.0199887 0.999679 81.1463 26.936 1 1 1300 0 0 0 
20170507013401 -5.4591 -2.39081 0.443389 0 0 0 0.9991 -0.00373493 -0.0422612 0.00773178 0.995465 0.0948109 0.0417155 -0.0950523 0.994598 -5.4591 -2.39081 0.443389 0 0 0 0.9991 -0.00373493 -0.0422612 0.00773178 0.995465 0.0948109 0.0417155 -0.0950523 0.994598 81.1463 26.936 1 0 1298 0 0 0 
20170507013402 -6.36999 -4.10086 0.811818 0 0 0 0.99734 -0.00614755 -0.0726358 0.0141321 0.993839 0.10993 0.0715125 -0.110664 0.991282 -6.36999 -4.10086 0.811818 0 0 0 0.99734 -0.00614755 -0.0726358 0.0141321 0.993839 0.10993 0.0715125 -0.110664 0.991282 81.1463 26.936 1 0 1297 0 0 0 
20170507013402 -7.16674 -1.30869 0.724081 0 0 0 0.999659 -0.00968942 -0.0242353 0.012634 0.992144 0.124461 0.022839 -0.124725 0.991928 -7.16674 -1.30869 0.724081 0 0 0 0.999659 -0.00968942 -0.0242353 0.012634 0.992144 0.124461 0.022839 -0.124725 0.991928 81.1463 26.936 1 0 1290 0 0 0 
20170507013403 -4.82023 -3.13915 0.114269 -0.0972062 -0.0626974 -0.993287 0.998498 0.00261423 -0.0547349 0.00199138 0.99647 0.0839207 0.054761 -0.0839036 0.994968 -4.82023 -3.13915 0.114269 -0.0972062 -0.0626974 -0.993287 0.998498 0.00261423 -0.0547349 0.00199138 0.99647 0.0839207 0.054761 -0.0839036 0.994968 78.444 29.44 1 1 1287 0 0 0 
20170507013404 -7.04832 -1.49787 0.734264 0 0 0 0.999576 -0.00951087 -0.0275126 0.0128106 0.992403 0.122364 0.0261398 -0.122665 0.992104 -7.04832 -1.49787 0.734264 0 0 0 0.999576 -0.00951087 -0.0275126 0.0128106 0.992403 0.122364 0.0261398 -0.122665 0.992104 78.444 29.44 1 0 1280 0 0 0 
20170507013404 -5.12077 -2.34479 0.43383 0 0 0 0.999134 -0.00388988 -0.0414242 0.00756535 0.996008 0.0889443 0.0409128 -0.0891807 0.995175 -5.12077 -2.34479 0.43383 0 0 0 0.999134 -0.00388988 -0.0414242 0.00756535 0.996008 0.0889443 0.0409128 -0.0891807 0.995175 78.444 29.44 1 0 1276 0 0 0 
201705