20170507012345 0.0668965 0.0596503 0.158899 0 0 0 0.999996 -0.00277208 0.00104433 0.0027733 0.999995 -0.00116467 -0.00104109 0.00116756 0.999999 0.0668965 0.0596503 0.158899 0.256573 0.887806 0.382062 0.999996 -0.00277208 0.00104433 0.0027733 0.999995 -0.00116467 -0.00104109 0.00116756 0.999999 4.79443 1.15153 0 1 2000 0 0 0 
20170507012345 0.0551686 -0.0750481 0.0223437 0 0 0 0.999999 -0.000391233 -0.00130946 0.000389972 0.999999 -0.000963384 0.00130984 0.000962872 0.999999 0.0551686 -0.0750481 0.0223437 0.380872 0.847793 0.36903 0.999999 -0.000391233 -0.00130946 0.000389972 0.999999 -0.000963384 0.00130984 0.000962872 0.999999 5.05406 1.48531 0 1 2000 0 0 0 
20170507012345 0.0274591 -0.253808 0.00486829 0 0 0 0.99999 -8.70907e-05 -0.00442974 8.49669e-05 1 -0.000479628 0.00442978 0.000479247 0.99999 0.0274591 -0.253808 0.00486829 0.573024 0.744605 0.342357 0.99999 -8.70907e-05 -0.00442974 8.49669e-05 1 -0.000479628 0.00442978 0.000479247 0.99999 4.4554 1.47321 0 1 2000 0 0 0 
20170507012345 0.00675039 -0.449243 -0.0574647 0 0 0 0.999969 0.00100202 -0.0078408 -0.00100292 0.999999 -0.000109953 0.00784069 0.000117813 0.999969 0.00675039 -0.449243 -0.0574647 0.613571 0.708917 0.347802 0.999969 0.00100202 -0.0078408 -0.00100292 0.999999 -0.000109953 0.00784069 0.000117813 0.999969 4.17412 1.36674 0 1 2000 0 0 0 
20170507012346 -0.0477048 -0.756709 -0.197505 0 0 0 0.999907 0.0034581 -0.0132037 -0.00344681 0.999994 0.000878126 0.0132067 -0.000832533 0.999912 -0.0477048 -0.756709 -0.197505 0.752534 0.512522 0.413537 0.999907 0.0034581 -0.0132037 -0.00344681 0.999994 0.000878126 0.0132067 -0.000832533 0.999912 3.49999 1.25962 0 1 1998 0 0 0 
20170507012346 0.359765 -1.1603 -0.0323591 0 0 0 0.999795 0.000437614 -0.0202527 -0.000564657 0.99998 -0.0062676 0.0202496 0.00627775 0.999775 0.359765 -1.1603 -0.0323591 0.833311 0.510654 0.211721 0.999795 0.000437614 -0.0202527 -0.000564657 0.99998 -0.0062676 0.0202496 0.00627775 0.999775 2.66135 1.23019 0 1 1996 0 0 0 
20170507012346 0.108129 -1.26071 -0.0288221 0 0 0 0.999758 0.000461518 -0.0220027 -0.000502919 0.999998 -0.00187613 0.0220018 0.00188675 0.999756 0.108129 -1.26071 -0.0288221 -0.982483 -0.12901 -0.134472 0.999758 0.000461518 -0.0220027 -0.000502919 0.999998 -0.00187613 0.0220018 0.00188675 0.999756 2.04883 1.09506 0 1 1995 0 0 0 
20170507012346 0.0175075 -0.802836 -0.0514659 0 0 0 0.999901 0.000893968 -0.0140119 -0.000898161 1 -0.000292977 0.0140117 0.000305534 0.999902 0.0175075 -0.802836 -0.0514659 -0.988267 0.147176 -0.040839 0.999901 0.000893968 -0.0140119 -0.000898161 1 -0.000292977 0.0140117 0.000305534 0.999902 2.37321 1.40655 0 1 1994 0 0 0 
20170507012346 -0.0533226 -0.711851 -0.00298263 0 0 0 0.999923 6.3619e-05 -0.0124238 -5.20527e-05 1 0.000931301 0.0124238 -0.000930583 0.999922 -0.0533226 -0.711851 -0.00298263 -0.945782 0.324535 -0.0131966 0.999923 6.3619e-05 -0.0124238 -5.20527e-05 1 0.000931301 0.0124238 -0.000930583 0.999922 4.39519 2.04949 0 1 1994 0 0 0 
20170507012347 -0.0637945 -0.341929 -0.0809757 0 0 0 0.999981 0.00141994 -0.00596617 -0.00141327 0.999998 0.00112186 0.00596776 -0.0011134 0.999982 -0.0637945 -0.341929 -0.0809757 0.865383 -0.491186 -0.0992358 0.999981 0.00141994 -0.00596617 -0.00141327 0.999998 0.00112186 0.00596776 -0.0011134 0.999982 6.26758 2.39466 0 1 1993 0 0 0 
20170507012347 -0.120443 -0.280971 0.0350185 0 0 0 0.999988 -0.000600878 -0.00490513 0.00061118 0.999998 0.00209912 0.00490385 -0.0021021 0.999986 -0.120443 -0.280971 0.0350185 -0.86772 0.496821 -0.0152136 0.999988 -0.000600878 -0.00490513 0.00061118 0.999998 0.00209912 0.00490385 -0.0021021 0.999986 7.49522 2.56688 0 1 1993 0 0 0 
20170507012347 -0.0710792 -0.160286 -0.043353 0 0 0 0.999996 0.000760123 -0.00279657 -0.00075665 0.999999 0.00124268 0.00279751 -0.00124056 0.999995 -0.0710792 -0.160286 -0.043353 0.799791 -0.58401 -0.138802 0.999996 0.000760123 -0.00279657 -0.00075665 0.999999 0.00124268 0.00279751 -0.00124056 0.999995 7.92064 2.57581 0 1 1992 0 0 0 
20170507012347 -0.0699236 -0.231513 -0.0118074 0 0 0 0.999992 0.000211009 -0.00404041 -0.000206076 0.999999 0.00122123 0.00404066 -0.00122039 0.999991 -0.0699236 -0.231513 -0.0118074 0.842179 -0.538454 -0.0283258 0.999992 0.000211009 -0.00404041 -0.000206076 0.999999 0.00122123 0.00404066 -0.00122039 0.999991 8.44779 2.90392 0 1 1986 0 0 0 
20170507012347 0.262364 -0.0343972 0.167845 0 0 0 0.999996 -0.00293215 -0.000586921 0.00292944 0.999985 -0.00458085 0.000600344 0.00457911 0.999989 0.262364 -0.0343972 0.167845 -0.935704 0.319021 -0.150608 0.999996 -0.00293215 -0.000586921 0.00292944 0.999985 -0.00458085 0.000600344 0.00457911 0.999989 9.50264 3.01771 0 1 1974 0 0 0 
20170507012347 0.302541 0.698113 -0.0897603 0 0 0 0.999925 0.00163093 0.0121756 -0.0015665 0.999985 -0.0052994 -0.0121841 0.00527993 0.999912 0.302541 0.698113 -0.0897603 -0.656008 0.595531 0.463677 0.999925 0.00163093 0.0121756 -0.0015665 0.999985 -0.0052994 -0.0121841 0.00527993 0.999912 10.045 3.14164 0 1 1972 0 0 0 
20170507012348 0.00228953 0.411452 0.0209568 0 0 0 0.999974 -0.000365478 0.00718114 0.000365755 1 -3.73333e-05 -0.00718113 3.99588e-05 0.999974 0.00228953 0.411452 0.0209568 -0.814724 0.574207 0.080697 0.999974 -0.000365478 0.00718114 0.000365755 1 -3.73333e-05 -0.00718113 3.99588e-05 0.999974 11.2498 2.63248 0 1 1967 0 0 0 
20170507012348 -0.130686 0.470791 0.0198911 0 0 0 0.999966 -0.000365905 0.00821594 0.000347153 0.999997 0.00228376 -0.00821676 -0.00228083 0.999964 -0.130686 0.470791 0.0198911 -0.744901 0.663952 0.0655024 0.999966 -0.000365905 0.00821594 0.000347153 0.999997 0.00228376 -0.00821676 -0.00228083 0.999964 11.5045 2.45581 0 1 1967 0 0 0 
20170507012348 -0.158119 0.587082 0.0741343 0 0 0 0.999947 -0.00132216 0.0102427 0.00129382 0.999995 0.00277294 -0.0102463 -0.00275954 0.999944 -0.158119 0.587082 0.0741343 -0.670933 0.727616 0.142912 0.999947 -0.00132216 0.0102427 0.00129382 0.999995 0.00277294 -0.0102463 -0.00275954 0.999944 11.7961 2.44779 0 1 1967 0 0 0 
20170507012348 -0.185533 0.55538 -0.179565 0 0 0 0.999948 0.00310258 0.00970311 -0.00313384 0.99999 0.00320777 -0.00969306 -0.00323801 0.999948 -0.185533 0.55538 -0.179565 -0.553452 0.790519 0.262241 0.999948 0.00310258 0.00970311 -0.00313384 0.99999 0.00320777 -0.00969306 -0.00323801 0.999948 11.2167 2.82689 0 1 1966 0 0 0 
20170507012348 0.432898 0.435893 0.286465 0 0 0 0.999959 -0.00494212 0.00764516 0.0049996 0.999959 -0.00751729 -0.00760769 0.0075552 0.999943 0.432898 0.435893 0.286465 -0.86446 0.454716 0.214342 0.999959 -0.00494212 0.00764516 0.0049996 0.999959 -0.00751729 -0.00760769 0.0075552 0.999943 10.9442 3.30221 0 1 1963 0 0 0 
20170507012349 0.332028 0.569336 -0.230332 0 0 0 0.999943 0.00407755 0.00991309 -0.00401983 0.999975 -0.00583485 -0.00993663 0.00579467 0.999934 0.332028 0.569336 -0.230332 0.497666 -0.42524 -0.755976 0.999943 0.00407755 0.00991309 -0.00401983 0.999975 -0.00583485 -0.00993663 0.00579467 0.999934 10.3359 4.28949 0 1 1962 0 0 0 
20170507012349 0.526793 1.00992 -0.52002 0 0 0 0.999803 0.0092376 0.0175405 -0.00907453 0.999915 -0.00935372 -0.0176255 0.00919271 0.999802 0.526793 1.00992 -0.52002 0.113663 -0.349022 -0.930196 0.999803 0.0092376 0.0175405 -0.00907453 0.999915 -0.00935372 -0.0176255 0.00919271 0.999802 9.63878 4.85076 0 1 1956 0 0 0 
20170507012349 -0.00405628 0.244635 -0.115224 0 0 0 0.999989 0.00201073 0.00426981 -0.00201101 0.999998 6.22089e-05 -0.00426968 -7.07948e-05 0.999991 -0.00405628 0.244635 -0.115224 0.459431 -0.407315 -0.789314 0.999989 0.00201073 0.00426981 -0.00201101 0.999998 6.22089e-05 -0.00426968 -7.07948e-05 0.999991 9.66648 5.44868 0 1 1951 0 0 0 
20170507012349 0.336022 -0.630348 -0.0422923 0 0 0 0.999939 0.000673608 -0.0110056 -0.000738096 0.999983 -0.00585653 0.0110014 0.0058643 0.999922 0.336022 -0.630348 -0.0422923 0.720966 -0.159744 -0.674307 0.999939 0.000673608 -0.0110056 -0.000738096 0.999983 -0.00585653 0.0110014 0.0058643 0.999922 9.79749 5.69724 0 1 1938 0 0 0 
20170507012349 0.516997 -0.472992 -0.0825929 0 0 0 0.999965 0.00136697 -0.00826783 -0.00144147 0.999958 -0.00901127 0.00825517 0.00902287 0.999925 0.516997 -0.472992 -0.0825929 0.620269 -0.122881 -0.774704 0.999965 0.00136697 -0.00826783 -0.00144147 0.999958 -0.00901127 0.00825517 0.00902287 0.999925 10.5381 6.25776 0 1 1928 0 0 0 
20170507012349 -0.20868 -0.454063 0.157912 0 0 0 0.999965 -0.00272719 -0.00793477 0.00275599 0.99999 0.0036203 0.00792481 -0.00364204 0.999962 -0.20868 -0.454063 0.157912 0.617401 -0.232534 -0.751494 0.999965 -0.00272719 -0.00793477 0.00275599 0.99999 0.0036203 0.00792481 -0.00364204 0.999962 12.0187 7.27945 0 1 1911 0 0 0 
20170507012350 -0.290899 -0.331386 -0.0741224 0 0 0 0.999982 0.00132303 -0.00577709 -0.00129366 0.999986 0.00508459 0.00578374 -0.00507703 0.99997 -0.290899 -0.331386 -0.0741224 0.490152 -0.152791 -0.858141 0.999982 0.00132303 -0.00577709 -0.00129366 0.999986 0.00508459 0.00578374 -0.00507703 0.99997 14.7203 8.44812 0 1 1886 0 0 0 
20170507012350 -0.0619712 -0.163118 -0.10806 0.334363 -0.0374025 -0.941702 0.999994 0.00188909 -0.00284489 -0.001886 0.999998 0.00108697 0.00284694 -0.0010816 0.999995 -0.0619712 -0.163118 -0.10806 0.334363 -0.0374025 -0.941702 0.999994 0.00188909 -0.00284489 -0.001886 0.999998 0.00108697 0.00284694 -0.0010816 0.999995 17.4147 9.11482 1 1 1874 0 0 0 
20170507012350 -0.174004 -0.589674 0.114008 0.338266 -0.0401969 -0.940192 0.999945 -0.00195856 -0.0102975 0.00198971 0.999993 0.00301645 0.0102916 -0.00303678 0.999942 -0.174004 -0.589674 0.114008 0.338266 -0.0401969 -0.940192 0.999945 -0.00195856 -0.0102975 0.00198971 0.999993 0.00301645 0.0102916 -0.00303678 0.999942 20.2589 10.0443 1 1 1855 0 0 0 
20170507012350 -0.522638 -1.11631 -0.14159 0.298414 -0.0724001 -0.951686 0.999807 0.00264881 -0.0194586 -0.00247074 0.999955 0.00916974 0.019482 -0.00911989 0.999769 -0.522638 -1.11631 -0.14159 0.298414 -0.0724001 -0.951686 0.999807 0.00264881 -0.0194586 -0.00247074 0.999955 0.00916974 0.019482 -0.00911989 0.999769 24.3602 11.9076 1 1 1811 0 0 0 
20170507012350 -0.134154 -0.992436 -0.347328 0.159527 -0.0180329 -0.987029 0.999832 0.00610252 -0.0173058 -0.00606107 0.999979 0.00244639 0.0173204 -0.00234108 0.999847 -0.134154 -0.992436 -0.347328 0.159527 -0.0180329 -0.987029 0.999832 0.00610252 -0.0173058 -0.00606107 0.999979 0.00244639 0.0173204 -0.00234108 0.999847 29.5458 14.197 1 1 1731 0 0 0 
20170507012351 -0.602711 0.250567 -0.0571407 -0.0624635 -0.0572974 -0.996401 0.99999 0.000951236 0.00438346 -0.000997284 0.999944 0.0105147 -0.00437321 -0.010519 0.999935 -0.602711 0.250567 -0.0571407 -0.0624635 -0.0572974 -0.996401 0.99999 0.000951236 0.00438346 -0.000997284 0.999944 0.0105147 -0.00437321 -0.010519 0.999935 34.2783 16.5953 1 1 1667 0 0 0 
20170507012351 0.290664 -0.278848 0.0523666 -0.0783482 0.0288805 -0.996508 0.999988 -0.000938647 -0.0048621 0.000913959 0.999987 -0.00507746 0.0048668 0.00507296 0.999975 0.290664 -0.278848 0.0523666 -0.0783482 0.0288805 -0.996508 0.999988 -0.000938647 -0.0048621 0.000913959 0.999987 -0.00507746 0.0048668 0.00507296 0.999975 37.469 17.0123 1 1 1598 0 0 0 
20170507012351 -0.191381 -2.20015 -0.0734683 0.0214376 0.0136736 0.999677 0.999262 0.00141049 -0.0383859 -0.00128132 0.999993 0.00338944 0.0383904 -0.00333775 0.999257 -0.191381 -2.20015 -0.0734683 0.0214376 0.0136736 0.999677 0.999262 0.00141049 -0.0383859 -0.00128132 0.999993 0.00338944 0.0383904 -0.00333775 0.999257 41.2809 19.2036 1 1 1583 0 0 0 
20170507012351 -0.912677 -1.23381 -0.0591262 -0.138543 -0.0885885 -0.986386 0.999768 0.0013748 -0.0215133 -0.00103171 0.999872 0.0159508 0.0215324 -0.0159249 0.999641 -0.912677 -1.23381 -0.0591262 -0.138543 -0.0885885 -0.986386 0.999768 0.0013748 -0.0215133 -0.00103171 0.999872 0.0159508 0.0215324 -0.0159249 0.999641 45.1094 22.3184 1 1 1565 0 0 0 
20170507012351 -1.01696 -2.30224 0.225992 0.139537 0.115106 0.983504 0.999185 -0.00323072 -0.0402342 0.00394112 0.999838 0.0175898 0.0401708 -0.017734 0.999035 -1.01696 -2.30224 0.225992 0.139537 0.115106 0.983504 0.999185 -0.00323072 -0.0402342 0.00394112 0.999838 0.0175898 0.0401708 -0.017734 0.999035 48.4342 25.102 1 1 1549 0 0 0 
20170507012352 0.188266 -1.28827 0.013061 -0.287392 -0.021488 -0.957572 0.999747 -0.000301831 -0.0224818 0.0002279 0.999995 -0.00329098 0.0224827 0.00328502 0.999742 0.188266 -1.28827 0.013061 -0.287392 -0.021488 -0.957572 0.999747 -0.000301831 -0.0224818 0.0002279 0.999995 -0.00329098 0.0224827 0.00328502 0.999742 50.4243 26.4766 1 1 1534 0 0 0 
20170507012352 0.316818 -0.787327 -0.311457 -0.344651 -0.0417555 -0.937802 0.999891 0.00535986 -0.0137707 -0.00543541 0.99997 -0.00545471 0.013741 0.00552897 0.99989 0.316818 -0.787327 -0.311457 -0.344651 -0.0417555 -0.937802 0.999891 0.00535986 -0.0137707 -0.00543541 0.99997 -0.00545471 0.013741 0.00552897 0.99989 54.038 28.9013 1 1 1528 0 0 0 
20170507012352 0.0382427 -0.194112 -0.0865787 -0.406575 -0.046383 -0.912439 0.999993 0.00150882 -0.00338889 -0.00151107 0.999999 -0.00066234 0.00338789 0.000667457 0.999994 0.0382427 -0.194112 -0.0865787 -0.406575 -0.046383 -0.912439 0.999993 0.00150882 -0.00338889 -0.00151107 0.999999 -0.00066234 0.00338789 0.000667457 0.999994 58.6331 31.0117 1 1 1518 0 0 0 
20170507012352 -0.408341 0.946568 -0.0253722 -0.535981 -0.0988774 -0.83842 0.999863 0.000325081 0.0165227 -0.000442767 0.999975 0.00711953 -0.01652 -0.00712587 0.999838 -0.408341 0.946568 -0.0253722 -0.535981 -0.0988774 -0.83842 0.999863 0.000325081 0.0165227 -0.000442767 0.999975 0.00711953 -0.01652 -0.00712587 0.999838 62.6384 32.821 1 1 1513 0 0 0 
20170507012352 -0.688238 -3.0282 0.587975 0.33089 0.124718 0.935392 0.998551 -0.00962666 -0.0529442 0.0102476 0.999882 0.011469 0.0528275 -0.011995 0.998532 -0.688238 -3.0282 0.587975 0.33089 0.124718 0.935392 0.998551 -0.00962666 -0.0529442 0.0102476 0.999882 0.011469 0.0528275 -0.011995 0.998532 66.1853 33.793 1 1 1500 0 0 0 
20170507012353 -1.13759 0.617736 0.357752 -0.521973 -0.135305 -0.842162 0.999922 -0.00645673 0.010655 0.00624355 0.999782 0.0199204 -0.0107813 -0.0198523 0.999745 -1.13759 0.617736 0.357752 -0.521973 -0.135305 -0.842162 0.999922 -0.00645673 0.010655 0.00624355 0.999782 0.0199204 -0.0107813 -0.0198523 0.999745 71.0692 35.9379 1 1 1481 0 0 0 
20170507012353 -0.991727 -0.674927 0.161492 -0.460811 -0.119574 -0.879406 0.999927 -0.00261426 -0.0118264 0.00281837 0.999847 0.0172748 0.0117794 -0.0173068 0.999781 -0.991727 -0.674927 0.161492 -0.460811 -0.119574 -0.879406 0.999927 -0.00261426 -0.0118264 0.00281837 0.999847 0.0172748 0.0117794 -0.0173068 0.999781 71.1798 37.7344 1 1 1465 0 0 0 
20170507012353 -1.52656 -0.535208 0.0899301 -0.420258 -0.144206 -0.895873 0.999955 -0.00132017 -0.0093795 0.00156951 0.999644 0.0266256 0.00934101 -0.0266391 0.999601 -1.52656 -0.535208 0.0899301 -0.420258 -0.144206 -0.895873 0.999955 -0.00132017 -0.0093795 0.00156951 0.999644 0.0266256 0.00934101 -0.0266391 0.999601 70.7695 37.6233 1 1 1429 0 0 0 
20170507012354 -0.564659 0.392341 -0.032339 -0.407788 -0.0757023 -0.909933 0.999976 0.000496911 0.00685281 -0.000564408 0.999951 0.00985114 -0.00684758 -0.00985478 0.999928 -0.564659 0.392341 -0.032339 -0.407788 -0.0757023 -0.909933 0.999976 0.000496911 0.00685281 -0.000564408 0.999951 0.00985114 -0.00684758 -0.00985478 0.999928 67.2883 35.9343 1 1 1421 0 0 0 
20170507012354 -1.42999 0.000472525 -0.362259 -0.354963 -0.100925 -0.929417 0.99998 0.00632039 0.000166027 -0.00632257 0.999669 0.0249548 -8.24712e-06 -0.0249554 0.999689 -1.42999 0.000472525 -0.362259 -0.354963 -0.100925 -0.929417 0.99998 0.00632039 0.000166027 -0.00632257 0.999669 0.0249548 -8.24712e-06 -0.0249554 0.999689 66.7021 36.9717 1 1 1403 0 0 0 
20170507012355 0.274514 2.64484 0.232964 -0.322434 -0.0128453 -0.946505 0.998927 -0.00384485 0.0461634 0.00406165 0.999981 -0.00460349 -0.0461448 0.00478605 0.998923 0.274514 2.64484 0.232964 -0.322434 -0.0128453 -0.946505 0.998927 -0.00384485 0.0461634 0.00406165 0.999981 -0.00460349 -0.0461448 0.00478605 0.998923 65.7423 28.6781 1 1 1376 0 0 0 
20170507012355 -1.71162 -3.13613 -0.736721 0.0846943 -0.134101 -0.987342 0.99842 0.0144861 -0.0542954 -0.0128386 0.99945 0.0305697 0.0547084 -0.0298243 0.998057 -1.71162 -3.13613 -0.736721 0.0846943 -0.134101 -0.987342 0.99842 0.0144861 -0.0542954 -0.0128386 0.99945 0.0305697 0.0547084 -0.0298243 0.998057 66.2827 27.4797 1 1 1371 0 0 0 
20170507012356 1.67838 -10.389 -0.404226 0 0 0 0.983582 0.00177043 -0.180455 -0.00693936 0.999583 -0.0280166 0.18033 0.0288089 0.983184 1.67838 -10.389 -0.404226 0 0 0 0.983582 0.00177043 -0.180455 -0.00693936 0.999583 -0.0280166 0.18033 0.0288089 0.983184 66.2827 27.4797 1 0 1366 0 0 0 
20170507012356 -0.314573 -3.05055 -1.02208 0.41228 -0.0960271 -0.905982 0.998424 0.0181296 -0.0531098 -0.0178124 0.999821 0.00643869 0.053217 -0.00548253 0.998568 -0.314573 -3.05055 -1.02208 0.41228 -0.0960271 -0.905982 0.998424 0.0181296 -0.0531098 -0.0178124 0.999821 0.00643869 0.053217 -0.00548253 0.998568 68.3534 39.1558 1 1 1357 0 0 0 
20170507012357 1.88803 -7.28154 -1.04586 0 0 0 0.99177 0.0140677 -0.127256 -0.0181055 0.999367 -0.0306287 0.126745 0.0326806 0.991397 1.88803 -7.28154 -1.04586 0 0 0 0.99177 0.0140677 -0.127256 -0.0181055 0.999367 -0.0306287 0.126745 0.0326806 0.991397 68.3534 39.1558 1 0 1348 0 0 0 
20170507012357 1.88803 -7.28154 -1.04586 -0.400678 -0.188272 -0.896666 0.953146 0.0501317 0.298328 -0.0666599 0.996739 0.0454814 -0.295075 -0.0632369 0.953379 -3.79482 17.162 -4.00056 -0.400678 -0.188272 -0.896666 0.953146 0.0501317 0.298328 -0.0666599 0.996739 0.0454814 -0.295075 -0.0632369 0.953379 68.3534 39.1558 1 0 1348 0 1 1 
20170507012358 1.88803 -7.28154 -1.04586 -0.341392 -0.127901 -0.931178 0.969409 0.0286524 0.243771 -0.0377387 0.998753 0.0326844 -0.242531 -0.0408841 0.969282 -2.41529 14.036 -2.22937 -0.341392 -0.127901 -0.931178 0.969409 0.0286524 0.243771 -0.0377387 0.998753 0.0326844 -0.242531 -0.0408841 0.969282 68.3534 39.1558 1 0 1346 0 1 2 
20170507012359 1.88803 -7.28154 -1.04586 0.0289549 -0.142598 -0.989357 0.99705 -0.00655361 0.0764686 0.00137133 0.99771 0.0676266 -0.0767367 -0.0673222 0.994776 -3.87163 4.40101 0.078804 0.0289549 -0.142598 -0.989357 0.99705 -0.00655361 0.0764686 0.00137133 0.99771 0.0676266 -0.0767367 -0.0673222 0.994776 68.3534 39.1558 1 0 1334 0 1 3 
20170507012359 -1.44941 -1.52242 9.38295 0 0 0 0.986272 -0.162317 -0.0303281 0.162975 0.986415 0.0206259 0.0265682 -0.0252854 0.999327 -1.44941 -1.52242 9.38295 0 0 0 0.986272 -0.162317 -0.0303281 0.162975 0.986415 0.0206259 0.0265682 -0.0252854 0.999327 68.3534 39.1558 1 0 1331 0 0 0 
20170507012400 -1.44941 -1.52242 9.38295 0.423472 0.904464 -0.0511497 0.973431 -0.148555 -0.174252 0.0834471 0.938803 -0.334193 0.213234 0.310773 0.926257 18.5474 -12.3119 4.89969 0.423472 0.904464 -0.0511497 0.973431 -0.148555 -0.174252 0.0834471 0.938803 -0.334193 0.213234 0.310773 0.926257 68.3534 39.1558 1 0 1331 0 1 1 
20170507012400 -1.44941 -1.52242 9.38295 0.323569 0.942197 -0.086991 0.993451 -0.0721801 -0.0885714 0.0490497 0.969544 -0.239957 0.103194 0.234041 0.966735 13.6091 -5.92312 2.82657 0.323569 0.942197 -0.086991 0.993451 -0.0721801 -0.0885714 0.0490497 0.969544 -0.239957 0.103194 0.234041 0.966735 68.3534 39.1558 1 0 1331 0 1 2 
20170507012401 -1.44941 -1.52242 9.38295 -0.445964 0.854344 -0.266857 0.959559 0.0163028 0.281035 0.111307 0.894996 -0.431964 -0.258568 0.445776 0.856987 27.4819 14.9851 6.61666 -0.445964 0.854344 -0.266857 0.959559 0.0163028 0.281035 0.111307 0.894996 -0.431964 -0.258568 0.445776 0.856987 68.3534 39.1558 1 0 1326 0 1 3 
20170507012401 5.38821 8.98362 11.5732 0 0 0 0.967652 -0.185367 0.17114 0.198158 0.978282 -0.0608056 -0.156152 0.0927515 0.983369 5.38821 8.98362 11.5732 0 0 0 0.967652 -0.185367 0.17114 0.198158 0.978282 -0.0608056 -0.156152 0.0927515 0.983369 68.3534 39.1558 1 0 1326 0 0 0 
20170507012402 5.10918 8.70563 11.4322 0 0 0 0.968868 -0.184209 0.165417 0.195925 0.978937 -0.0574059 -0.151358 0.088028 0.984552 5.10918 8.70563 11.4322 0 0 0 0.968868 -0.184209 0.165417 0.195925 0.978937 -0.0574059 -0.151358 0.088028 0.984552 68.3534 39.1558 1 0 1326 0 0 0 
20170507012402 5.10918 8.70563 11.4322 0.417618 0.883894 -0.210539 0.995377 0.0646635 -0.0710133 -0.0866494 0.923539 -0.373587 0.0414261 0.378013 0.924873 22.2308 -2.37422 -4.97516 0.417618 0.883894 -0.210539 0.995377 0.0646635 -0.0710133 -0.0866494 0.923539 -0.373587 0.0414261 0.378013 0.924873 68.3534 39.1558 1 0 1326 0 1 1 
20170507012403 5.10918 8.70563 11.4322 0.333897 0.85542 -0.395941 0.999587 -0.0112968 -0.0264215 0.00276218 0.9